#1 Nodes,             #2 AvgThroughput,               #4 totalBKThroughput, 
#6 totalBEThroughput,   #8 totalVIThroughput,           #10 totalVOThroughput,
#12 totalCollisions,    #14 totalBKCollisions,          #16 totalBECollisions,
#18 totalVICollisions,  #20 TotalVOCollisions,          #22 totalInternalCollisions,    
#24 totalBKIntCol,      #26 totalBEIntCol,              #28 totalVIIntCol,
#30 totalVOIntCol,      #32 overallFairness,            #34 BKFairness,
#36 BEFairness,         #38 VIFairness,                 #40 VOFairness,
#42 avgTimeBtSxTxBK,    #44 avgTimeBtSxTxBE,            #46 avgTimeBtSxTxVI,
#48 avgTimeBtSxTxVO,    #50 qEmptyBK,                   #52 qEmptyBE,
#54 qEmptyVI,           #56 qEmptyVO                    #58 totalDropped,
#60 droppedBK,          #62 droppedBE                   #64 droppedVI,
#66 droppedVO
2 9996854.5 24364.5819736354 6494973.5 21364.3945093232 2503035.5 10321.6134760996 499286 4145.37375878219 499556.4 5249.60113151466 638.2 32.9250664388092 0.006663228 0.000357750143236869 0.002628498 0.00021298121784796 0.0005912661 4.96982885146964e-05 0.0005054363 4.85687263916813e-05 0 0 0 0 0 0 0 0 0 0 2.0416365 0.0040199605408512 0.99998685 2.5470129563869e-05 0.9999812 1.56384142418596e-05 0.9998438 0.000144978481161856 0.9998487 0.000143517629579084 0.00048841385 1.16362254511504e-06 0.00050600915 1.29077497167399e-06 0.00039324865 1.96981405911827e-06 0.0003331332 1.06438463912253e-06 62983.7 155.714193315831 28012.5 137.900145032556 6010.65 46.608234251042 6027.8 60.0146648745121 0 0 0 0 0 0 0 0 0 0 
3 14994230 28876.2549510839 9739919.5 23391.5874781939 3748794 12436.4723294027 752537.65 7142.38181053771 752979.95 6194.22337726853 2755.1 48.0217658983924 0.018737625 0.000426781750869224 0.0076588645 0.000174829472671944 0.0017497305 0.000101708793595982 0.0015503365 9.94109838637059e-05 0 0 0 0 0 0 0 0 0 0 2.0428495 0.00372538920785467 0.99997965 2.99871222360579e-05 0.99995455 3.06030635721343e-05 0.9997543 0.000220325690739863 0.9998623 0.000102215018465975 0.0006073901 1.23701228369002e-06 0.00063236295 1.92227777584303e-06 0.00046191825 3.5640819136911e-06 0.00036712135 2.01640547199714e-06 88339.4 233.121727859074 40901.2 139.524406467112 9030.7 87.3424867976634 9070.75 75.7620452469441 0 0 0 0 0 0 0 0 0 0 
4 19997910 42839.1047992369 12988885 31464.0791220719 5006351 15546.5928421632 996737.3 8078.45925966084 1005933.15 7024.11794658233 8101.05 100.716669424679 0.040406675 0.000453372250887722 0.0175042 0.000259674875565581 0.0039331695 0.00016248027152473 0.00366099 0.000169678329523838 0 0 0 0 0 0 0 0 0 0 2.0426185 0.0027687204174492 0.99997745 1.93480619184509e-05 0.99993955 4.22675703110511e-05 0.999698 0.000223588237615497 0.9997734 0.000164441296516419 0.00087740755 2.96112518267971e-06 0.0009145158 3.89530783892621e-06 0.00061328675 6.25770178959496e-06 0.0004453133 3.62936199765193e-06 102348.95 164.09462971103 51876.1 113.422175962199 11899.55 84.391039216258 12069.05 81.3784215870522 0 0 0 0 0 0 0 0 0 0 
5 25016215 50147.5749662932 16249545 32232.6305938563 6262045.5 17521.4130351978 1249305 7595.9578066232 1255321.5 7593.30841925968 18898.6 158.26572591689 0.07445698 0.000507461284828707 0.03720932 0.000550373602746352 0.0088291715 0.000185784446799914 0.0084808345 0.000211059900868805 0 0 0 0 0 0 0 0 0 0 2.0424275 0.00195448170879138 0.9999837 8.4563585543645e-06 0.99992605 4.41751910012762e-05 0.9997188 0.00016428986578605 0.9997596 0.000204928377732325 0.001637198 1.21542562915219e-05 0.001619516 1.51119986765484e-05 0.00099632265 1.29687169615001e-05 0.0006417569 7.74482093982812e-06 88929.85 467.946393831601 57386.9 164.755849668532 14701.45 91.4294673505211 14946.45 88.4366863920172 0.45 0.668954408012983 0 0 0 0 0.1 0.3 0.35 0.57227615711298 
6 30009345 47331.8547597704 19505080 29491.1444335414 7499321 23870.1654581614 1496604.5 8336.68007962402 1508355.5 5145.5402777551 26098.95 146.771753072585 0.08869277 0.000835094292939427 0.06487414 0.000550411801653998 0.017265545 0.00030480006803641 0.01745093 0.000368321596027167 0 0 0 0 0 0 0 0 0 0 2.04109 0.00165785705053244 0.9999764 1.55125755437179e-05 0.9999502 1.72238207143521e-05 0.99973615 0.000128815866646927 0.9997643 0.000169287654600101 0.0038961075 4.12858014182842e-05 0.0027915505 1.87255118688382e-05 0.0016060415 2.28970527088095e-05 0.00096992685 1.23975679480897e-05 46406.15 586.149918962717 56199.85 168.037577642621 17212.95 88.6461928116487 17681.85 56.8192528989954 2.4 1.31909059582729 0 0 0.15 0.357071421427142 0.1 0.435889894354067 2.15 1.15217186218029 
7 34974285 44916.1248885075 22715840 36143.9953519253 8749956.5 17999.5481262725 1749975 7379.34245038133 1758516 7714.67523619757 23784 111.000900897245 0.058915815 0.000708994156728389 0.09435718 0.000557574125655056 0.028755995 0.00038877428345378 0.03086573 0.000366529933429727 0 0 0 0 0 0 0 0 0 0 2.042949 0.00165744351336631 0.99997995 9.10206020635463e-06 0.99994735 2.54151037770868e-05 0.99971985 0.0001313682895527 0.99965145 0.000172741852195702 0.01082845 0.000233011814078171 0.00382314 3.02113218843532e-05 0.0021504425 2.0011524648312e-05 0.0012968285 1.63101858588429e-05 14697.8 388.462945465845 53568.2 218.995799046466 19575.9 83.1606277032587 20181.55 81.3907089292138 4.1 1.89472953214964 0 0 0.2 0.4 0.6 0.734846922834953 3.3 1.76351920885484 
8 39350115 59804.8265192702 25344160 57269.9432512378 9999065 16152.7785535492 1994912.5 7008.31711254564 2011980 9893.58479015569 21025.05 143.678277759723 0.011655535 0.000523816191306645 0.1277977 0.000898956400500048 0.04540391 0.000679083324710599 0.05216811 0.000958636007512758 0 0 0 0 0 0 0 0 0 0 2.063373 0.00259925970229992 0.999853 7.7345975978074e-05 0.9999403 2.51417978673005e-05 0.99974115 0.000149981090474768 0.99968725 0.000193830305937958 0.074439945 0.00214993097737462 0.004811038 4.67117778081717e-05 0.0026606485 3.80828519513705e-05 0.001639049 2.51405487012515e-05 237.75 73.1340379030175 49355.35 283.697598685643 21650.75 73.1230982658695 22496.85 107.139756859907 5.1 2.16564078277077 0 0 0 0 0.15 0.357071421427142 4.95 2.17887585695009 
9 38734880 84730.7594678579 22980940 95573.3508882052 11250290 33694.523293853 2243366.5 7614.95651661912 2260287.5 10315.7970487016 24909.15 126.639754816566 0.01214276 0.000259234838322321 0.1388659 0.000606544136893596 0.057863215 0.000727820465688482 0.066384995 0.000984313099818853 0 0 0 0 0 0 0 0 0 0 2.256304 0.00516474529865704 0.9997464 0.000101538859556328 0.99994465 2.55504892321022e-05 0.99972635 0.000119704751367683 0.9996666 0.000204962045266917 0.10110129 0.00058550104859001 0.0071137005 8.16833229903754e-05 0.003454829 5.22124004332304e-05 0.002094546 2.94115512001662e-05 24.2 10.9206226928688 42804.95 384.094711627224 23772.9 80.5704039955119 24949.7 114.783753205756 13 3.5213633723318 0 0 0.05 0.217944947177034 0.65 0.852936105461599 12.3 3.50856095856977 
10 38613715 97707.6879012087 21106340 86763.1511645353 12510400 26454.5837238086 2491179 10767.2191860294 2505801.5 6737.58359873924 27179.1 156.897705528156 0.01371129 0.000172383801153125 0.1375168 0.000969156210319058 0.07167928 0.000780697469318302 0.08325144 0.000953141037517533 0 0 0 0 0 0 0 0 0 0 2.4258015 0.0038955478112841 0.9996299 0.000208553566260557 0.99993655 2.7133881034593e-05 0.99970705 0.000134026294062035 0.9996807 0.000165792068567827 0.12267205 0.000553469554266537 0.01084939 0.000130049986159169 0.004355278 5.79721870900176e-05 0.002616689 4.27363842527652e-05 11.6 4.53210767744986 33552.65 403.193784054268 25714.1 92.9294893992214 27219.8 89.8746905418873 26.55 4.89361829324683 0 0 0 0 0.95 0.920597631976098 25.6 4.88262224629348 
11 38981540 93647.9385784866 19732105 91290.1663652773 13752720 18076.8526021539 2737877.5 7348.78757006896 2758841 8993.77445792366 27882.95 189.873767277104 0.01511471 0.000276924731470485 0.1241992 0.00123939584475663 0.088061375 0.000871921356473736 0.10389385 0.00115691435616471 0 0 0 0 0 0 0 0 0 0 2.559042 0.0036576749445515 0.9995273 0.00024908072988491 0.99994195 1.87789110440423e-05 0.99971045 0.000104203874688026 0.99972155 0.000138747423399491 0.1445259 0.000811898263331067 0.01712357 0.000255071982193263 0.0053051685 7.11106178622434e-05 0.0031891615 5.56415425087228e-05 8.05 2.80133896556629 23621.2 379.556267238469 27457.6 93.2332558693517 29393.8 91.2910729480161 43.45 7.46642484727463 0 0 0 0 1.75 1.57718102955875 41.7 6.67907179179862 
12 39791490 128743.298466367 18797590 130763.067798213 14992705 23447.6965819673 2991448.5 8367.28825546246 3009750.5 10451.7125271412 27451.25 273.712965531412 0.016316685 0.000311432802182108 0.099748465 0.00143914633768599 0.10728485 0.000798837046900053 0.1290534 0.00145514694790595 0 0 0 0 0 0 0 0 0 0 2.6548715 0.00529262626207442 0.99932925 0.000203033956519596 0.99992795 2.75979618812728e-05 0.99969475 0.000108752873525253 0.9996682 0.000135518116870036 0.1655731 0.00118982918521946 0.02892075 0.000577036071229521 0.006285177 0.000111552213474229 0.0038063775 5.60452082586014e-05 7.05 2.85438259523842 14303.45 309.963300246981 29109.05 103.426048459757 31378 97.3385843332437 63.55 7.39915535720125 0 0 0 0 1.55 1.11691539518443 62 7.29383301152419 
13 40873800 136731.20346139 18169515 131719.414950872 16208545 25669.8358974108 3239665.5 8954.65547913486 3256086.5 9356.80836343248 26423.45 242.516901472866 0.01712893 0.000288642878138366 0.066256445 0.00182821838533448 0.1291722 0.00111844631520695 0.1579269 0.00113346821305231 0 0 0 0 0 0 0 0 0 0 2.7201965 0.00376645094883766 0.9994026 0.000286702877557947 0.99993695 3.24291150048815e-05 0.9997028 0.000142128322300663 0.99969405 0.000121173625430616 0.1854974 0.00121718065216302 0.05635843 0.00188893861099296 0.007284193 9.2188849331142e-05 0.0043909375 4.53006806654161e-05 7.85 2.45509673943818 6685.1 284.76497326743 30528.35 121.888586422191 33290.5 114.872755690808 74.95 8.32751463523181 0 0 0 0 1.25 0.99373034571759 73.7 8.2951793229562 
14 41785020 102350.757691382 17615070 145913.885905352 17178490 69211.0533079796 3489301.5 9675.5729933684 3502175.5 7526.89011146038 25786.55 263.829959443578 0.01772183 0.000395736569070891 0.03081232 0.00142560377089849 0.15125175 0.00117178056286149 0.18940245 0.001924251814992 0 0 0 0 0 0 0 0 0 0 2.7706265 0.0031880735170319 0.99923005 0.000298547228257109 0.9997192 0.000130596171459958 0.99973235 0.00011615174342212 0.999708 0.000143542328251997 0.2062411 0.0017269615774533 0.14175425 0.0074488764916261 0.0083214195 0.000120314744544258 0.005053072 7.36819073857348e-05 6.6 1.93390796058137 1426.15 214.209541104032 31855.35 127.526575661703 35019.1 97.7061410557187 95 8.40832920383116 0 0 0 0 1.8 1.28840987267251 93.2 8.50058821494136 
15 40962175 173517.794116338 16775135 112627.147149344 16701485 134100.079325107 3742310.5 10291.1648879026 3743261 9221.85442305397 28285.35 200.657488023747 0.018820655 0.000353904702533041 0.020447535 0.000442157981127786 0.16777005 0.000939397757874692 0.21182105 0.00134288705686666 0 0 0 0 0 0 0 0 0 0 2.8490915 0.00499268292103557 0.999031 0.000379907488739047 0.9990229 0.000339559552950579 0.99971915 8.86675109608845e-05 0.99970285 0.000101904011206617 0.2319462 0.00144058535325055 0.2201877 0.00377004293211629 0.01028637 0.000127370169584562 0.006206245 7.91061590838539e-05 5.5 2.41867732448956 163.3 40.0351095914573 32488.55 149.904127695004 36277.5 109.35286918961 155.9 17.1198714948448 0 0 0 0 1.85 1.42390308658981 154.05 17.2553614856369 
16 39348320 119834.546771789 15707375 114297.5366095 15680480 117492.393796365 3980107 11335.3685868612 3980360.5 7604.32342486825 31862.1 214.600768870943 0.02045144 0.000263931488079767 0.021048935 0.000316114498678881 0.1797997 0.00109954418283214 0.2296421 0.00127604074778198 0 0 0 0 0 0 0 0 0 0 2.9499015 0.0040301678314929 0.99889725 0.000410949008393979 0.9988691 0.000359498942974808 0.9996931 0.000126502924867368 0.99966095 0.000141033497793954 0.2643517 0.00190411228923086 0.25904795 0.00279315546425544 0.013017445 0.000162591394221835 0.0077436675 0.000115710383971146 5.05 1.71682847133894 66.05 18.1341528613829 32465.5 125.840573743129 37175.2 131.936954641222 267.1 26.4043557012853 0 0 0 0 3 1.92353840616713 264.1 26.3209042397863 
17 37901925 112312.901640907 14695305 107775.750867252 14746160 102241.57862631 4239347.5 9069.80808782634 4221103.5 8995.87420710183 35343.95 138.156604981448 0.021806385 0.000245319969172915 0.02210715 0.000269054517709701 0.19047825 0.000786391179693667 0.24653215 0.00141615558025945 0 0 0 0 0 0 0 0 0 0 3.0571145 0.00439342858710596 0.99847845 0.000405750720886606 0.99834435 0.000542535369814732 0.99969105 9.15027185388429e-05 0.99968085 8.92677293314868e-05 0.30019005 0.00224386012208872 0.29537065 0.00295344849751947 0.016423835 0.000317551123876141 0.0096544845 0.000188149246303965 5.25 2.56661255354212 42.3 11.2432201792903 32082.35 226.019086583412 37775.3 189.394852094771 430.05 25.2892763834792 0 0 0 0 3.4 1.95959179422654 426.65 26.5655321798755 
18 36653705 133813.958446046 13852135 135311.271795812 13860685 150090.576902749 4489341.5 9721.33852666391 4451532 10951.5796120925 38219.85 159.64782334877 0.02293397 0.000312494392109683 0.02310247 0.000315428364450631 0.198819 0.000867247311901284 0.2622521 0.00164260247473331 0 0 0 0 0 0 0 0 0 0 3.163537 0.00508685570858855 0.9981559 0.000616158818812164 0.9983776 0.000545029026749949 0.99970555 8.09132096755521e-05 0.99962175 0.000113416433994372 0.33691665 0.00316621959559029 0.33423405 0.00423614832690028 0.020640435 0.00034030143442983 0.01192586 0.000213262245603857 6.1 1.57797338380595 27.45 8.05900117880622 31281.7 200.712505838575 37903.05 191.533149872287 641.7 31.5199936548217 0 0 0 0 4.75 2.36378933071456 636.95 31.1728648025811 
19 35470365 126330.389356639 12996360 113184.771060421 13052730 88405.2662458521 4737827 11507.21039175 4683448 10798.0584365894 40840.5 247.850862415284 0.024191045 0.000303062048886033 0.02431308 0.000301533050593132 0.20554865 0.000670876089527712 0.27736565 0.00114674087199332 0 0 0 0 0 0 0 0 0 0 3.2726305 0.00622196068373953 0.99778765 0.000791431757955167 0.99775055 0.000590562822653096 0.9996632 0.000127580014108799 0.9996659 7.67632073326794e-05 0.3791815 0.00317032986454091 0.37551475 0.00268642126024568 0.02553381 0.000502728290331865 0.014465855 0.000179582556154544 3.8 1.69115345252878 20.6 7.57231800705702 30143.25 274.423919329201 37864.25 145.556475293956 913.75 51.2453656441243 0 0 0 0 4.5 2.13307290077015 909.25 51.4255529868177 
20 34498150 89643.0839496277 12315235 102746.373536977 12294770 91308.8719676243 4986991.5 12418.499214881 4901161 14099.3811566324 42898.85 147.320492464558 0.02524501 0.000236097109046256 0.02528667 0.000238993307646888 0.2106849 0.000762525992999578 0.29091125 0.000746546574233653 0 0 0 0 0 0 0 0 0 0 3.3768995 0.00464968652169155 0.99747205 0.000838200541338419 0.99803725 0.000689638881951998 0.999659 0.000142732617155301 0.9996519 0.000124278678782793 0.4213379 0.00370611297588187 0.41993905 0.00312459431726744 0.03105487 0.000499833848493677 0.0172674 0.000171663094461215 4 2.07364413533277 17.15 4.49749930516948 28911.55 254.634929850561 37588.3 107.445381473565 1236.75 60.6843266420581 0 0 0 0 5.45 2.29074223779106 1231.3 60.3308378857778 
21 33561340 147803.407944472 11633045 119801.650552069 11566115 107214.561860785 5239460.5 11149.9939349759 5122719 12790.7685070132 44446.65 163.256630799487 0.02626996 0.000349171537213444 0.02649795 0.000271684188903219 0.21447725 0.001030901977639 0.3037479 0.00107662128438927 0 0 0 0 0 0 0 0 0 0 3.4805085 0.00737503035586972 0.9971197 0.000826440022022168 0.99701075 0.000863110762011454 0.9996515 9.8214815582984e-05 0.99963905 9.43898696895052e-05 0.46819555 0.00490214417857125 0.46953655 0.00462654105650215 0.037582225 0.000627013802778694 0.020595365 0.00026098695039216 4.45 1.71682847133894 13.45 4.10457062309811 27443.55 257.058257015798 36951.2 145.539547889912 1628.35 91.1631915852006 0 0 0 0 4.75 2.09463600656534 1623.6 92.3728315036407 
22 32769425 169254.48849292 10949175 133678.415890524 11000665 165181.891486325 5486296.5 11385.8518675591 5333292 12681.5604718031 45613.7 161.243015352604 0.02742983 0.000266297180045152 0.027328675 0.000339450212660119 0.21714415 0.000867367412057888 0.3163476 0.001041789441298 0 0 0 0 0 0 0 0 0 0 3.5758585 0.00785169935427998 0.9967271 0.000983270151077513 0.9965781 0.00067233651544446 0.9996772 0.000118450664835624 0.9996207 9.21276831359484e-05 0.5214207 0.00656750518918714 0.5174836 0.00767136677783039 0.045053125 0.000584875296003344 0.024306405 0.000316569190659799 4 2.72029410174709 11.25 3.80624486863365 25880.05 176.602512722781 36176.65 209.731798971925 2150.25 123.032058830209 0 0 0 0 4.8 2.22710574513201 2145.45 123.161875188713 
23 32128495 148375.774555687 10435285 148708.712841582 10411720 101361.277616257 5729010 12425.8351831979 5552488.5 16520.115094938 46331.05 249.797813241029 0.028239235 0.000324659135517545 0.028352805 0.000259385613469598 0.2179768 0.000824758485861167 0.32838615 0.00120503806060223 0 0 0 0 0 0 0 0 0 0 3.6625635 0.0088318063129804 0.9960246 0.00113818862232936 0.99628825 0.000938864680079071 0.99967945 9.88966506005132e-05 0.99953535 0.000165944049305784 0.5719712 0.0078703993456495 0.57198985 0.00554092522305616 0.053556885 0.000903235600646366 0.028231085 0.000389758920712535 3.95 1.5644487847162 10.95 4.52189119727576 24292.7 264.018010749267 35415.8 253.526251106271 2651.7 153.976654074571 0 0 0 0 4.15 1.87816399709929 2647.55 153.671882594052 
24 31581155 147336.290420928 9912411.5 98868.2893184159 9945792.5 111951.680419501 5975079.5 14593.8875817926 5747869.5 14996.0556397341 46739.1 199.837158706783 0.02923364 0.000251340001591469 0.02924045 0.000225297448942503 0.2190429 0.000830418864188426 0.33917215 0.0009754996809328 0 0 0 0 0 0 0 0 0 0 3.7383885 0.00832787684527092 0.99593755 0.00083033742990424 0.99555685 0.00121444848696847 0.9997275 9.27811942152024e-05 0.999579 0.000146199179204255 0.62812605 0.00583669011062776 0.6249282 0.00700761569009031 0.06320707 0.000898244969426492 0.03270432 0.000417106309710126 3.4 1.62480768092719 8.35 2.72534401498233 22697.25 239.790924557207 34385.5 250.349056319372 3337.8 135.801178198129 0 0 0 0 3.75 1.94615004560286 3334.05 135.655252386334 
25 31053015 140273.212963131 9439056.5 128015.965030734 9458741.5 110614.998362564 6219939.5 10814.22557329 5935281.5 14941.4819462462 46826.5 288.06136499017 0.030142285 0.000256822271765904 0.030181285 0.000269135823098673 0.2190955 0.000786308749792343 0.34976165 0.00103085722944547 0 0 0 0 0 0 0 0 0 0 3.8062015 0.0067499120549827 0.99531635 0.00125169669948435 0.99556905 0.00116278671625539 0.99965845 0.000107039934136744 0.9994947 0.000167883024752355 0.68644775 0.00881083558963052 0.6844232 0.00819715729140292 0.07387478 0.00128135255827582 0.03760187 0.000500842662020719 3.85 1.87816399709929 8.05 3.42746261832277 21127.3 277.783566828565 33250.75 245.581936428557 4024.9 160.581723742149 0 0 0 0 4 2 4020.9 161.078210816982 
26 30626085 126769.366469191 8999559.5 115444.719735248 9020699 96420.27887846 6469132.5 9343.73740801827 6136692.5 19404.9954586441 46626.1 228.297371863979 0.031160245 0.000246406311759662 0.03114391 0.000321242827001631 0.2183149 0.00109860902508582 0.3595693 0.00138874602069636 0 0 0 0 0 0 0 0 0 0 3.863427 0.00508721839515468 0.99463285 0.00102378827278887 0.99491335 0.00137016821138866 0.9996985 8.06061412052459e-05 0.99944785 0.00011704668940213 0.7494709 0.00921114175821869 0.74556325 0.00763901883015745 0.08606263 0.0014906447115594 0.042855505 0.000579594245550282 4.15 1.95639975465138 6.9 2.38537208837531 19551.1 271.303870226726 32129.8 230.155729887396 4597.3 184.895402863349 0 0 0 0 4 2.25831795812724 4593.3 184.871874550998 
27 30243620 132871.639562399 8579285.5 114428.444168179 8637571.5 102401.845016337 6726070.5 12435.8190220829 6300688.5 16554.9981199032 46185.7 267.076973923249 0.03211213 0.000286334130169633 0.03205097 0.000350412280178648 0.2167344 0.00184211968666534 0.3693649 0.00177138439927645 0 0 0 0 0 0 0 0 0 0 3.9078335 0.00485897136748095 0.9942364 0.0016047952642004 0.9942981 0.000964365330152415 0.9996688 0.000100625841611385 0.9994222 0.000123026257359965 0.81593345 0.0106232082323326 0.810134 0.0100875400569217 0.100016905 0.00200653327669266 0.04837894 0.000466425993486641 2.65 1.52561463023924 6.2 2.06397674405503 18033.95 311.224753996208 31053.5 191.106383985465 5606.55 127.993154113804 0 0 0 0 4.4 3.02324329156619 5602.15 129.191824431734 
28 29887610 168585.132499874 8204566 119056.230303164 8223787.5 123700.070770998 6968259 13992.4636501225 6490997 30156.1531200516 45573.7 322.844095501219 0.033023845 0.000314639324425603 0.03303241 0.00033408316464617 0.21465225 0.00146193617764251 0.37854855 0.0013630562158253 0 0 0 0 0 0 0 0 0 0 3.9446915 0.00475545294898391 0.9941331 0.00168004187150203 0.994878 0.00150895748780409 0.99967965 0.000117613466490867 0.99926085 0.000213574875629142 0.88422585 0.0124297435825322 0.8806196 0.0136820406168086 0.11533385 0.00240109167411409 0.054471565 0.000643977613954865 3.35 1.62095650774473 6.45 2.76541136180497 16562.55 303.442000224096 29897.55 216.73981521631 6288.85 339.5872899565 0 0 0 0 4.05 2.2017038856304 6284.8 339.304966070348 
29 29577645 152666.278119957 7830304 139013.653444545 7862161.5 109592.823317725 7218492.5 11224.0353148946 6666683 19828.4702133069 44689.6 308.917529447586 0.0339123 0.000358691644731237 0.03382383 0.000381053378281836 0.21145075 0.00123030763937317 0.38880665 0.00126390926395054 0 0 0 0 0 0 0 0 0 0 3.9657775 0.00396724699886459 0.99319455 0.00170751800795776 0.99329015 0.00183035636625768 0.9996233 0.000108645800655154 0.99920765 0.000239773075010526 0.95975075 0.0174972154581093 0.95441785 0.0131705279631266 0.13435065 0.00257167111573389 0.06123828 0.000618123603011566 2.55 1.11691539518443 5.95 2.35531314266278 15008.9 262.953779208438 28709 195.280823431283 7332.2 244.052371428757 0 0 0 0 3.4 1.46287388383278 7328.8 243.826700752809 
30 29339415 146141.511128769 7537541.5 130878.90560648 7496663 115180.732464245 7466750.5 13234.7000249345 6838455 30863.8039619228 43791.15 415.673222014601 0.03480248 0.000214908819269941 0.034949735 0.000249937510740185 0.20822015 0.00165982825241047 0.3973548 0.00176606974947197 0 0 0 0 0 0 0 0 0 0 3.9762775 0.00221574112883252 0.99196085 0.00226999489591937 0.9927412 0.00148115720300041 0.99965405 7.93142326445883e-05 0.99918785 0.000213544205025561 1.0322547 0.0183890546714615 1.0356294 0.0163600997808693 0.153833 0.00376300147488677 0.0680856 0.000911669247589278 3.2 1.32664991614216 5.6 2.0591260281974 13672.95 332.897653190887 27604.45 267.879352507803 8230.45 356.354805636181 0 0 0 0 2.95 1.71682847133894 8227.5 355.842451093177 
31 29186495 170697.183559073 7241084.5 69662.0893653786 7228825 154413.87853752 7701004 12657.3332104358 7015576 30335.9557950627 42713.1 414.532133856954 0.035762165 0.0002939189450767 0.0358124 0.000446567213306127 0.20405215 0.00165298821154296 0.4066755 0.00153210167743528 0 0 0 0 0 0 0 0 0 0 3.977985 0.00269552128539176 0.99224885 0.00191396698704549 0.99182135 0.00166472710301118 0.99961005 0.000108907977210128 0.99913165 0.000230305291949619 1.108266 0.0125629134359829 1.1096735 0.0245159619992771 0.17749315 0.00340064745710284 0.07575248 0.00122947307477634 2.85 1.23592070943083 5.05 1.85674446276271 12280 242.030989751313 26462.55 313.936534191228 9089.1 338.426934507288 0 0 0 0 3.1 2.3 9086 337.455034041574 
32 29000970 195484.037967298 6955827 121918.245644366 6923866.5 143239.384677364 7945957.5 13506.5317069187 7175328.5 30434.0873487279 41442.7 411.713869088716 0.03669659 0.00037323440342498 0.036823125 0.000310827291071746 0.1981385 0.00246792713628259 0.41598045 0.00196767462948019 0 0 0 0 0 0 0 0 0 0 3.968474 0.00406494452606678 0.9915715 0.0016732375653206 0.9902541 0.00250880385642241 0.9996219 8.50634469087526e-05 0.99901645 0.000275385634156908 1.190207 0.020483611766483 1.1973795 0.0247745364184681 0.20645525 0.00651874569127375 0.083033695 0.00115734833800157 2.65 1.10792599030802 5.7 2.02731349327133 10871.75 329.45058430666 25539.2 249.915705788972 10036.4 361.687904138361 0 0 0 0 3.5 1.80277563773199 10032.9 361.314945719105 
33 28837970 140829.013701013 6669713.5 104531.642447395 6630448.5 103327.348522789 8192065 15628.3989902997 7345733.5 34092.8462107522 40150 331.356001907314 0.037720395 0.000427202772082533 0.03784776 0.000305303908261915 0.1930959 0.00214478844877531 0.42442225 0.00215178825340692 0 0 0 0 0 0 0 0 0 0 3.951203 0.00401345997862195 0.99059315 0.00188644831031757 0.99024105 0.00164139688908562 0.9995873 8.45766516244187e-05 0.99899995 0.000284834245658774 1.280125 0.0197028846872736 1.28873 0.0207541104362485 0.23666325 0.00655882869020833 0.09160232 0.00123075556370873 3.05 1.16081867662439 4.25 2.14184499906039 9666.3 280.98151184731 24430.5 224.959885312915 10938 390.138052489116 0 0 0 0 3.25 1.6695807857064 10934.75 389.747338028113 
34 28752025 155921.899921082 6412047 104143.465666359 6392074 84048.2665139502 8431108 22931.2460629596 7516786 34289.3231779223 38918.3 508.219942544564 0.0386538 0.000372904281284085 0.038841165 0.000338772081605023 0.1872675 0.00287026478743687 0.4326908 0.00218240091642209 0 0 0 0 0 0 0 0 0 0 3.9264415 0.00440183742884715 0.9889304 0.00207676051580341 0.9899865 0.00251710793372075 0.9995908 8.94385822785728e-05 0.9988878 0.00030237337845782 1.3735715 0.0214097401373767 1.3749235 0.0169275412493959 0.27017175 0.0086062189135241 0.100228845 0.00126456892871642 3.4 1.68522995463527 5.3 2.00249843945008 8552.7 321.677493772878 23440.45 240.316140739652 11892.3 458.646824909974 0 0 0 0 2.7 1.3076696830622 11889.6 458.032575260756 
35 28733800 135365.893045479 6200762.5 111734.596292957 6167978 117327.66977998 8662638.5 21741.5030011727 7702422 35005.4063824433 37198.85 469.145102820012 0.039799355 0.000479122472312664 0.039725315 0.000427386247175784 0.17729295 0.00288647488253406 0.4437337 0.00216876490427155 0 0 0 0 0 0 0 0 0 0 3.897346 0.00699740766284196 0.9888036 0.00253931666792466 0.9892112 0.00286954032207252 0.99954805 0.000118064166875466 0.99876285 0.000310827488327521 1.46029 0.0266174720813228 1.4683445 0.0304541526683965 0.32213595 0.00895584108543134 0.1091098 0.00163035461173329 3.1 1.37477270848675 3.95 1.80208212909401 7083.95 276.090650873948 22495.4 288.744419859501 12742.7 429.465609798969 0 0 0 0 3.7 6.67907179179862 12739 429.214631623853 
36 28738905 141423.871658925 5976306.5 129118.574429669 5979882 84689.2602163934 8869233.5 25330.5233414156 7913488.5 49588.1241100125 35738.5 394.483903347145 0.040842415 0.000468514361866314 0.04079682 0.000348147394934962 0.16856995 0.00298927833222335 0.4530503 0.00228789875431584 0 0 0 0 0 0 0 0 0 0 3.8641165 0.00733570533418568 0.9891324 0.00242713127786694 0.9877897 0.00263141598953871 0.99945205 0.000191467092472838 0.9987501 0.000277543131783147 1.555249 0.0316409422900141 1.557902 0.0242531083781028 0.3779613 0.0161575308388999 0.11831785 0.00138431839816568 3 1.54919333848297 4.1 1.57797338380595 5962.7 282.60168081595 21609.05 218.009053711079 13193.3 612.801688966341 0 0 0 0 1.85 1.06183802907977 13191.45 612.553465013463 
37 28733340 105076.921348125 5794701.5 105250.915258491 5770233 81153.790921928 9077211.5 37199.9082357739 8091201 44966.1849504714 34421.15 454.294098024617 0.04185645 0.00035372419411174 0.04197548 0.000371055092405427 0.1601079 0.00279891773548277 0.4619121 0.0021899820752691 0 0 0 0 0 0 0 0 0 0 3.826136 0.00831918349358881 0.9866157 0.00229201381104041 0.98781105 0.00300251643584178 0.9993018 0.00024081021573014 0.9984815 0.000421402005215931 1.649811 0.029735328466321 1.654778 0.0262244360473204 0.4387266 0.0145584638935569 0.1274689 0.0020099359168889 2.85 1.45859521458148 4.35 2.00686322403895 4948.45 254.152016517674 20825.95 291.66204329669 14001.25 530.158172152425 0 0 0 0 2.05 1.02347447452294 13999.2 529.847487490504 
38 28777280 199467.851043721 5609181 117794.610271438 5599960.5 114627.322025554 9255873.5 50131.5888711898 8312255 61438.9148260286 32728.3 439.353855109978 0.04293585 0.000379736219631469 0.04310289 0.000572202399418248 0.14935725 0.00434848303290929 0.4716446 0.00320188317088553 0 0 0 0 0 0 0 0 0 0 3.78771 0.0132193872777826 0.9868517 0.00257983736115284 0.9871545 0.00257355626517083 0.998933 0.000484110318006129 0.99852775 0.000342290063396532 1.7550645 0.0389341806739271 1.753991 0.0346709499292996 0.5255115 0.029748818797559 0.1380966 0.00177138520373182 2.45 1.39552857369529 3.9 1.75783958312469 3864.5 326.151575191658 19851.1 214.538318255737 14362.35 744.580907289463 0 0 0 0 1.2 1.0770329614269 14361.15 744.483262068396 
39 28768520 133756.546008037 5414612.5 61584.1107652778 5461262.5 119853.275461082 9379361 50526.8488924453 8513290.5 35397.8031062664 31321.15 402.757529414411 0.04418387 0.000404396619792994 0.04408825 0.000438521776540231 0.13971915 0.00435117518924485 0.4808634 0.00347349660140902 0 0 0 0 0 0 0 0 0 0 3.750012 0.0127118222926534 0.9866 0.00215122346584451 0.9854614 0.00271427994871568 0.9985314 0.000408776271326996 0.9983241 0.000459389475282141 1.860406 0.0204846038282413 1.84703 0.0426685623146597 0.61069015 0.0311018901311078 0.14909535 0.00194856132248898 2.65 1.52561463023924 3.7 1.97737199332852 2975.6 302.862906279392 18998.9 217.639817129127 14953.8 425.022187656127 0 0 0 0 1.2 1.28840987267251 14952.6 424.984870318933 
40 28844860 146201.434329489 5346853 130547.960386212 5255045.5 91703.5418877046 9518018 55937.0061408367 8724952.5 42253.8596905656 30304.65 334.730081558261 0.045160685 0.000429837454481342 0.045451875 0.000488100788644108 0.1320267 0.00334274575910284 0.4879013 0.00238212879794523 0 0 0 0 0 0 0 0 0 0 3.712868 0.0116787035239362 0.9856318 0.00316951744907644 0.984725 0.00261725407631739 0.9979708 0.000596156573393267 0.9984871 0.000244633583140167 1.933556 0.049250724705328 1.9665695 0.037504998530196 0.6992939 0.0256038299183931 0.1588395 0.00163521039930646 2.5 1.02469507659596 3.55 1.8296174463532 2303.95 211.047026749964 18344.3 171.304144725106 15408.75 530.551587972367 0 0 0 0 0.75 0.942072184070839 15408 530.558385100075 
41 28822125 210836.998354179 5139002 113798.604235729 5217242.5 105629.601337646 9530868 86995.2302485602 8935010.5 32366.3009123687 29246.15 291.413327595016 0.04643562 0.00050261483722628 0.046146615 0.000459394752119569 0.1245298 0.00298986049172867 0.4949865 0.00215388399176929 0 0 0 0 0 0 0 0 0 0 3.6819375 0.0153535129123598 0.98379005 0.00334410179981111 0.98419925 0.00274522554401274 0.9967943 0.000908964801298711 0.99839275 0.000402401276712683 2.060982 0.0486236477035608 2.0308475 0.0420229407437176 0.79852225 0.0287140518542316 0.16924445 0.00211330947745474 2.8 1.83303027798234 2.9 1.47986485869487 1690.05 177.052103912944 17674.4 207.073754976337 15822.05 390.76584740737 0 0 0 0 0.7 0.640312423743285 15821.35 390.663829270128 
42 28886075 155100.998949072 5073359.5 93937.134003279 5070344.5 114288.102419937 9612418 90720.9772654594 9129951 47520.0833227384 28337.6 258.025851418031 0.04746244 0.00039469473317996 0.047378925 0.000378087030820947 0.11860385 0.00293858272429074 0.50010985 0.002757978177488 0 0 0 0 0 0 0 0 0 0 3.649872 0.0151542342597704 0.98324955 0.00315854870905928 0.9834063 0.0038984371368537 0.99582885 0.00124596762698716 0.9985174 0.000365976420005446 2.1379485 0.0421177570954342 2.1413165 0.0465415551174431 0.8779846 0.0331704229403244 0.18108825 0.00217950051330574 2.95 1.35922772190682 2.95 1.43090880212542 1255.45 168.203886697068 16952.1 214.779631250265 16469.7 551.822897313984 0 0 0 0 0.3 0.556776436283002 16469.4 551.772362482935 
43 28852320 116821.605878365 4999147.5 112950.471263957 4992316 108973.570346208 9539252 113385.9984566 9321611 52928.3218041154 27497.7 286.605320955491 0.04842271 0.000404710937460307 0.04846745 0.000454787105687925 0.1154207 0.00244714746388525 0.5033639 0.00220650782686126 0 0 0 0 0 0 0 0 0 0 3.6292615 0.0170505379020722 0.9825794 0.00427048332627585 0.98266135 0.00343431364722268 0.9942474 0.00118890985360541 0.99852 0.000351351960290533 2.22063 0.0597089085480551 2.2234185 0.0522164320185705 0.96316365 0.0299716436524175 0.1947309 0.00239618287908081 2.7 1.26885775404495 3.15 1.38834433769148 944.25 127.468770685215 16144.35 203.995165383888 17066.3 588.359847372337 0 0 0 0 0.7 0.842614977317636 17065.6 588.341006559971 
44 28608770 166490.102108203 4862349.5 104402.116620067 4898198 60506.2517926867 9352848 112181.59548696 9495375.5 52068.6558761603 26872.55 385.266203423036 0.0496449 0.000445439931977365 0.049506815 0.000322882746945389 0.1135648 0.00200646940171038 0.50556115 0.00185967868931705 0 0 0 0 0 0 0 0 0 0 3.605346 0.0125062358045896 0.9826287 0.00230262902135798 0.980646 0.00473400893535279 0.9923913 0.00174462855932145 0.99825135 0.000406553351357472 2.337183 0.0501233206302217 2.3244925 0.0335322396918249 1.047158 0.0253310210216643 0.20722665 0.00300631198106584 2.65 1.23592070943083 2.95 1.68745370306862 725.1 110.698644978157 15525.65 239.708213251027 17895.85 644.754625807369 0 0 0 0 0.3 0.556776436283002 17895.55 644.894369257478 
45 28571400 160896.687349367 4784348.5 88697.2377966191 4780901 91109.9072494314 9305574 116012.27492813 9700578.5 46778.8350939824 26297.4 321.912006610502 0.050673505 0.000463129943401418 0.05050948 0.000486900537687113 0.11284385 0.00215445042354193 0.50650215 0.00191241991400947 0 0 0 0 0 0 0 0 0 0 3.5762145 0.011949128200417 0.98101475 0.00361875019689118 0.9823441 0.00275514797969184 0.9912102 0.00158585243954158 0.9981179 0.000274644843388696 2.4269925 0.0434788274767156 2.429999 0.0495741416365428 1.106928 0.027276774296093 0.22136695 0.00309798233492381 2.1 0.94339811320566 2.6 1.59373774505092 589.35 100.523268450643 14832.35 233.171669591312 18447.95 592.631206991329 0 0 0.05 0.217944947177034 0.3 0.556776436283002 18447.6 592.657776461256 
46 28562185 184097.863309165 4705702 82446.4707310143 4759200.5 86642.1714568027 9214677.5 145592.429331851 9882612 38369.0553180555 25681.45 224.862285632785 0.051530035 0.000507894166411666 0.05159256 0.000503258777767462 0.1119343 0.00125625634724765 0.50704195 0.00133345384153334 0 0 0 0 0 0 0 0 0 0 3.5590035 0.0143600801790937 0.9802444 0.00263874775982851 0.98071965 0.0035913098623622 0.99105415 0.00100186048305142 0.99829835 0.000461982496962822 2.5272125 0.0453765427148213 2.499466 0.047656093671219 1.171404 0.0318562482725132 0.2348546 0.00303074036169382 1.95 1.11691539518443 3.05 1.74570902500961 457.2 63.5795564627499 14235.55 190.791109593712 19160.6 492.75799333953 0 0 0 0 0.15 0.357071421427142 19160.45 492.784483826348 
47 28462400 196224.065802337 4647956.5 83830.0402167982 4641860 97347.2523495142 9102373.5 135375.49860573 10070213 55924.3691157978 25274.4 248.553294083985 0.052640535 0.000537638350822372 0.052633925 0.000690596414612037 0.1123147 0.00103947775829981 0.50733055 0.00196665417587841 0 0 0 0 0 0 0 0 0 0 3.5318365 0.0151082776235414 0.9794613 0.00482896232228002 0.97805045 0.00504092811370089 0.9903682 0.00174839067716572 0.99813275 0.000257556959719594 2.6111385 0.0509231197271926 2.623287 0.0525928795655838 1.2287555 0.0244697091267959 0.24980945 0.00375057256262294 2.15 1.38834433769148 2.05 1.16081867662439 385.15 40.8928783530825 13611.95 201.99739478518 19867.7 614.372452181899 0 0 0 0 0.6 0.58309518948453 19867.1 614.453895748086 
48 28340265 191292.784168666 4576031 82009.200392395 4555055 83180.3465068522 8952619 121684.183520292 10256545 43482.1052273231 24580.95 262.109991225058 0.0535553 0.000471370593058158 0.05374196 0.00053523844723637 0.1138392 0.00116293295593512 0.5057186 0.00175663315464554 0 0 0 0 0 0 0 0 0 0 3.5072065 0.015319873783749 0.978888 0.00281237842403899 0.9794485 0.00528242043480072 0.9896318 0.00192670923078704 0.99788025 0.000362583766183773 2.710449 0.0493164636708676 2.718181 0.0556169737490273 1.2867115 0.0261395656572561 0.26889035 0.00350332192747112 2.35 1.19478031453485 2.35 1.31434394280949 343.25 52.3143144846609 12817.5 183.031827833303 20542.85 505.21790100906 0 0 0 0 0.3 0.556776436283002 20542.55 505.277495540817 
49 28238345 124406.316057506 4487091 77618.6713297774 4516179 70680.1963706949 8789598.5 114711.222348775 10445485 53437.5081286544 24259.2 287.128995401022 0.054744 0.0005440261354016 0.05450516 0.000509939840961657 0.11444495 0.0011755940402622 0.5056696 0.00183276497129337 0 0 0 0 0 0 0 0 0 0 3.4837295 0.0136136539823076 0.9778807 0.00331668690261833 0.9781666 0.00422545469032624 0.989188 0.00209913029609884 0.99797465 0.000339685483204684 2.8152335 0.0475200769438561 2.800441 0.042048461910039 1.3546295 0.0247006379421666 0.28311145 0.0041100105532103 2.85 1.27573508221731 2.15 1.38834433769148 277.95 43.4367068272907 12372.25 221.115326244021 21185.85 583.852830343401 0 0 0 0 1.75 7.4018578748852 21184.1 581.425997010798 
50 28238935 134448.790530075 4451791.5 80662.6714332596 4438597 87627.9123966787 8717263.5 93645.7815000227 10631260 59557.1607785328 23457.35 312.655765179534 0.05554032 0.000464336030908651 0.055702305 0.000494247709630504 0.1160462 0.0010031791265771 0.50242195 0.00188361624209921 0 0 0 0 0 0 0 0 0 0 3.4585215 0.0119335921980768 0.9764198 0.00378303125284473 0.9776147 0.00474629224869266 0.98847345 0.00151253857719398 0.99822705 0.00034332600760792 2.9014025 0.0537411734031739 2.9046405 0.0657601606198616 1.4006405 0.0207284496465606 0.3049768 0.00432978315392353 1.85 0.963068014212911 2.45 1.71682847133894 258.5 28.6504799261723 11556.95 195.840106975052 21878.55 681.762090101818 0 0 0 0 0.35 0.653834841531101 21878.2 681.754471932528 
