#1 Nodes,             #2 AvgThroughput,               #4 totalBKThroughput, 
#6 totalBEThroughput,   #8 totalVIThroughput,           #10 totalVOThroughput,
#12 totalCollisions,    #14 totalBKCollisions,          #16 totalBECollisions,
#18 totalVICollisions,  #20 TotalVOCollisions,          #22 totalInternalCollisions,    
#24 totalBKIntCol,      #26 totalBEIntCol,              #28 totalVIIntCol,
#30 totalVOIntCol,      #32 overallFairness,            #34 BKFairness,
#36 BEFairness,         #38 VIFairness,                 #40 VOFairness,
#42 avgTimeBtSxTxBK,    #44 avgTimeBtSxTxBE,            #46 avgTimeBtSxTxVI,
#48 avgTimeBtSxTxVO,    #50 qEmptyBK,                   #52 qEmptyBE,
#54 qEmptyVI,           #56 qEmptyVO                    #58 totalDropped,
#60 droppedBK,          #62 droppedBE                   #64 droppedVI,
#66 droppedVO
2 9999844.09090909 29342.5895335976 6499182.72727273 20714.4407647985 2501010 21395.1355983721 497332.681818182 5980.15603617014 502314.863636364 7562.99947288505 600.727272727273 174.631347237592 0.00672932363636364 0.000488721094188658 0.00267645363636364 0.000168308724873653 0.000588110318181818 9.52890107149566e-05 0.0005494285 0.000101590468240136 1.45454545454545 6.6655646472085 1.18181818181818 5.4157712758569 0.272727272727273 1.24979337135159 0 0 0 0 2.04091863636364 0.00585300179042154 0.999984181818182 2.64397021775862e-05 0.999876727272727 0.000484532969308702 0.999563545454546 0.00115825153208198 0.999731272727273 0.000343630375128182 0.000486938454545455 7.40221718459637e-06 0.000504182181818182 8.96672767227601e-06 0.0003912915 5.56298471841086e-06 0.000331338636363636 6.46009731523559e-06 57792.4090909091 16254.6383244881 25681.8636363636 7246.30734359015 5494.40909090909 1548.19113393343 5575.27272727273 1578.49554904254 0 0 0 0 0 0 0 0 0 0 
3 15001320 32459.614908375 9747402.5 23453.5658003213 3760971 11168.161845174 743624.75 5103.0484700324 749314 7690.023263944 2749.1 52.9206009036179 0.018709035 0.000398729555306601 0.007770098 0.000136930817627004 0.0016456 7.4051408021725e-05 0.0015062255 9.91165117160103e-05 0 0 0 0 0 0 0 0 0 0 2.04073 0.00327836544637721 0.99998075 1.70759333566365e-05 0.99995855 4.00043435141681e-05 0.99980465 0.000232390678599647 0.99973335 0.000218867602673403 0.0006073927 1.91647027370632e-06 0.00063329575 2.20621739352677e-06 0.000458137 2.82096541985187e-06 0.00036603525 2.0051392688539e-06 88403.7 127.860509931722 40984.7 118.648261681324 8930.05 60.6097970628512 9025.3 95.6358196493343 0 0 0 0 0 0 0 0 0 0 
4 20000790 41172.5138897299 13006690 30099.4999958471 5007700.5 15312.6289300695 992284.3 6568.36691347248 994107.35 7961.55054794605 8131.6 103.406672898803 0.040508855 0.00059685247128164 0.017628155 0.000278784914360515 0.0039508795 0.000110582353360516 0.003654312 0.000122757077987381 0 0 0 0 0 0 0 0 0 0 2.0386025 0.00234973588941395 0.99998525 1.25971226873506e-05 0.9999626 2.4007082288356e-05 0.9997514 0.000197317865384764 0.99968635 0.00019216588536991 0.00087756565 4.22554505685359e-06 0.0009167713 4.94627891550811e-06 0.00060539045 4.32244647711224e-06 0.0004409736 2.5055453777571e-06 102417.2 248.871975119739 51857.45 143.116552152433 11847.45 85.1407511124961 11925.75 95.5922983299387 0.05 0.217944947177034 0 0 0 0 0.05 0.217944947177034 0 0 
5 25008050 42606.8715115297 16268935 27389.3825231603 6250746 17310.82591906 1239856 8308.14082692391 1248522.5 8090.32377287831 18902.85 132.465570998656 0.07460509 0.000432704148235257 0.037034965 0.000426198485772767 0.008825537 0.000184990957295215 0.008540023 0.000230135010094075 0 0 0 0 0 0 0 0 0 0 2.038104 0.00226064681009661 0.9999782 1.22090130641113e-05 0.9999425 3.98716691398817e-05 0.99968445 0.000192655774634448 0.99974115 0.000171866597976456 0.001634158 1.24971923246784e-05 0.001618817 1.19747367820758e-05 0.0009512252 7.92951741028419e-06 0.0006176079 4.83402815362094e-06 89020.7 538.845812825895 57283.65 177.094120455762 14615.05 90.9914693803765 14871.35 88.8078121563638 1.25 0.99373034571759 0 0 0 0 0.55 0.58949130612758 0.7 0.714142842854285 
6 29989835 50622.882918696 19502770 36676.0834877444 7504450 18692.4190515835 1486820 8095.36039963633 1495795 7368.14393181892 26137.25 138.588554722242 0.08881762 0.000442385819845077 0.06500339 0.000574544789289747 0.017236135 0.000280726816095292 0.01735976 0.000404012958208025 0 0 0 0 0 0 0 0 0 0 2.038811 0.00248555205135593 0.9999781 1.22388724970892e-05 0.99996025 2.7797257058932e-05 0.99971185 0.000150855319760355 0.9997809 0.000110089917794497 0.0038841165 3.04731739854909e-05 0.0027943185 2.15107650433451e-05 0.0014544895 1.10047087535291e-05 0.0008826509 8.33541522601004e-06 46650.75 481.84685066938 56177.9 154.822769643228 17178 89.673295913555 17592.4 89.4256115438972 6.3 3.57910603363466 0 0 0.15 0.357071421427142 1.95 1.8296174463532 4.2 2.44131112314674 
7 34982120 62488.8037971603 22746630 43132.8888436655 8755241 21015.6886396806 1731796.5 10947.5669785574 1748455 9078.96277115398 23909.95 169.391698438855 0.058491315 0.000976122193311371 0.09468585 0.000652022341258336 0.029393565 0.000449487253740303 0.03165055 0.000642334287190089 0 0 0 0 0 0 0 0 0 0 2.039115 0.00186789052141714 0.99997925 1.06905331953073e-05 0.99993885 2.84960962238702e-05 0.99971115 0.000206329899675258 0.9996843 0.000200091753953032 0.010918645 0.000237142192523811 0.003816176 3.03094217034902e-05 0.0019226915 1.85317398737949e-05 0.0011486575 1.18250775367437e-05 14548.15 407.487579565316 53503.65 280.426153380886 19489.65 110.039663303738 20160.75 88.6430341312841 14.1 4.12189276910499 0 0 0.1 0.3 2.85 1.90459969547409 11.15 3.18237332819391 
8 39298505 85113.7678345871 25312035 88507.6735373832 10007323 24044.2159572734 1980354.5 8309.01526957316 1998781.5 8195.10114336608 21398.65 176.521464700472 0.01159575 0.000359655490017878 0.1281498 0.00076125269129245 0.046808415 0.000908794999037186 0.053958105 0.000760232773218176 0 0 0 0 0 0 0 0 0 0 2.0623405 0.00384106427308888 0.99988065 5.71316681009682e-05 0.99994575 2.69385875650539e-05 0.9996533 0.000162499569230206 0.99974035 0.000153208118257484 0.07438317 0.00163218637021022 0.004855002 3.63404662325623e-05 0.0023541405 3.27132817789656e-05 0.001422247 1.99579317816251e-05 223.5 60.8748716631091 49178.55 249.031017144451 21668.9 86.6388480994525 22520.9 94.1604481722554 24 4.97995983919549 0 0 0 0 4.05 2.29074223779106 19.95 4.71672555911408 
9 38652920 81242.1417738356 22909190 93609.9241533717 11262055 19861.4318466721 2233768 8841.38597732279 2247909.5 8733.15777654337 25562.6 148.946433324199 0.0120042 0.000225242691335368 0.1386182 0.000639150342251334 0.06030199 0.000659819164544347 0.070302685 0.00102460436768296 0 0 0 0 0 0 0 0 0 0 2.2573105 0.00468523796087242 0.9997045 0.000151218550449344 0.99994795 1.93222022554485e-05 0.99974935 0.000124306586712034 0.9997028 0.000145534050998387 0.1014581 0.000537859823745927 0.0072416115 6.97036999932572e-05 0.002918645 3.06872857222661e-05 0.00174372 2.22995977542197e-05 20.85 7.05177282674364 42265.85 318.979979779296 24022.2 101.624111312227 25085.4 88.4078050852978 65.15 7.23377494811665 0 0 0.1 0.3 10.7 2.3259406699226 54.35 7.61757835535677 
10 38425935 84038.6534577988 20955615 92945.4155674178 12495255 23178.901505464 2485674.5 5583.65156058291 2489404 11663.1965601202 28252.75 189.097031970362 0.01360654 0.000204644954494363 0.13628725 0.000711129374656964 0.07634276 0.000914611806396571 0.08921066 0.000967232148659255 0 0 0 0 0 0 0 0 0 0 2.429164 0.00478646362150597 0.99957335 0.000224545379600648 0.99994845 2.01729397956869e-05 0.99971445 0.000108394407143549 0.9996951 0.000103393375029555 0.12346215 0.000646652091545369 0.011116045 0.000140169060334298 0.0035111735 3.04447169924439e-05 0.0020767945 2.61168015796345e-05 14.9 6.31585306985525 32963.5 385.785238183111 26246.8 70.0611161772349 27529.5 116.457073636598 119 10.1980390271856 0 0 0 0 21.75 2.69953699733862 97.25 10.0790624563994 
11 38783385 124822.583193107 19566750 129595.742599825 13746800 20903.4925311537 2734391 10161.3576356705 2735431.5 7970.73351392455 29360.2 269.977147181016 0.01497677 0.000275635471411065 0.12041885 0.00114571725460517 0.096256035 0.000848108658295033 0.1137856 0.000903150341858984 0 0 0 0 0 0 0 0 0 0 2.5625305 0.00498881296001361 0.9995609 0.000198042646922318 0.9999342 2.78470824324497e-05 0.99974045 8.2009435432766e-05 0.99971275 9.18487207314256e-05 0.1456844 0.000994878655917395 0.01813905 0.000306818422686774 0.0041622095 3.19843085707664e-05 0.0024502785 2.13065295801546e-05 11.65 2.9372606285449 22462.8 425.055596363582 28270.05 93.0593762068068 29861.1 89.5694702451678 189.5 13.9982141718149 0 0 0 0 33.45 4.51082032450861 156.05 12.788569114643 
12 39488845 108082.045109259 18556545 97340.2921456475 14981950 27231.0943592064 2974499 8693.83108876633 2975875.5 12175.9169983209 29352.45 277.591151696159 0.01598487 0.000273545044005553 0.09294368 0.00127419936258028 0.118911 0.0012226577198873 0.14309695 0.00162856576394692 0 0 0 0 0 0 0 0 0 0 2.6576995 0.00384308271443642 0.9993891 0.000301396731899994 0.9999448 2.05440989094167e-05 0.99970775 9.92853841207269e-05 0.99969005 0.000108729239397694 0.1676202 0.00100012722190729 0.031634965 0.000723105890084571 0.0048276395 4.58056920562281e-05 0.0028290055 3.58414506507479e-05 10.05 2.90645832586672 13035.4 380.657510105869 30048.65 81.2903899609296 32072 144.591493525726 283.1 17.7084725484724 0 0 0 0 47.7 7.05761999543756 235.4 14.0477756246318 
13 40402535 133759.363317115 17761635 127121.675079429 16193805 31037.0017076392 3230568 11111.9690424335 3216540 10918.8190753396 29121.55 313.426462667082 0.016661645 0.000309385782599977 0.055469 0.00213963463773608 0.14632305 0.00175089264305382 0.1795533 0.00202547651430472 0 0 0 0 0 0 0 0 0 0 2.7264555 0.00376458028869084 0.9994135 0.000238674359745655 0.9999267 2.70889276273516e-05 0.9996556 0.000137513781127573 0.99969975 0.000137727947418101 0.1896796 0.00139898235871651 0.068692255 0.00350987233748964 0.005539351 4.86083413520766e-05 0.003262678 4.1921042162618e-05 9.05 3.00790624853901 5223.1 342.487357430898 31821.8 123.274328227738 34134.35 86.6638765576523 425.15 27.9200196991335 0 0 0 0 68.2 8.85211839053229 356.95 25.591942091213 
14 40668435 172078.944891582 16959325 147366.681699087 16787875 128180.746896716 3478567.5 6606.73132116026 3442663 11226.4375916851 30518 303.821822784342 0.017212905 0.000306632844742699 0.02162492 0.000880208970983596 0.1760539 0.00154420710722364 0.21801665 0.00143264850102878 0 0 0 0 0 0 0 0 0 0 2.785278 0.0042412139771532 0.99924035 0.00019507979777517 0.99943075 0.000240564102683673 0.99973555 9.26922191988159e-05 0.9997408 0.000125257175443176 0.21415315 0.00192649381714554 0.1851678 0.00480618135945784 0.006459682 7.18962050180676e-05 0.0037869575 3.87003732378643e-05 9.3 2.49198715887542 498.85 90.482746974216 33213.25 82.4110884529503 35964.8 138.527831138728 646.6 35.3007082081932 0 0 0 0 99.1 9.14822387133153 547.5 32.7681247556219 
15 38226555 117919.156522594 15432615 143007.661595454 15425395 146394.841012243 3715674 9360.46975316944 3652865.5 12116.4580117293 37892.65 340.173084620168 0.018328285 0.000355984037949738 0.01910905 0.000295500036379016 0.20226965 0.00164129014116944 0.24934605 0.00195658106080479 0 0 0 0 0 0 0 0 0 0 2.900278 0.00367873429320466 0.99885525 0.000470106357646866 0.9988875 0.000469477635250061 0.99970345 8.14042228634372e-05 0.9996994 9.55643238871129e-05 0.2523248 0.00245626907320839 0.24521315 0.0040531680359319 0.007982108 7.76365405978396e-05 0.004647326 6.10358778424625e-05 7.85 2.6697378148425 96.65 26.9077591040205 34091.25 141.17183678057 37637.65 95.1489752966368 1292.7 52.6242339611704 0 0 0 0 219.8 20.3091112557886 1072.9 50.9145362347532 
16 35232685 242532.864319457 13773750 145908.719753139 13691590 157999.75601247 3942035 10273.0450695011 3825299.5 9318.4346727334 47138.25 583.002304883952 0.019232935 0.000219483788182635 0.019651835 0.000342596833428157 0.2295419 0.00173280313076818 0.27926475 0.00288910646870273 0 0 0 0 0 0 0 0 0 0 3.0426445 0.00832782893376174 0.99835505 0.000609968562714512 0.99839175 0.000451408116342622 0.9997184 0.000105093482195614 0.99967315 7.37551862583202e-05 0.30160625 0.00328389564199291 0.2995898 0.00411498134382163 0.010001228 0.000134165332019863 0.005748477 9.5162588715314e-05 7.45 1.53215534460446 43.85 15.1005794590804 34378.7 174.214551631028 39017.3 104.980522002893 2451.45 133.581239326486 0 0 0 0 450.2 33.7914190290967 2001.25 108.69400857453 
17 31697890 151073.584388536 11773210 110137.804136454 11834745 141474.95352535 4155961.5 13126.3518446673 3933953 8287.36695217486 59192.6 481.508816118667 0.0198339 0.000274937109172261 0.01994543 0.000202088770346103 0.2604252 0.00171614928255091 0.31301185 0.00169732384284791 0 0 0 0 0 0 0 0 0 0 3.2198405 0.00728229735385752 0.99788435 0.000653001093031249 0.99778635 0.000828409758211468 0.9996893 0.000113152154199556 0.9996355 0.000130256093907339 0.3747022 0.00367555856435454 0.3703907 0.00425185474940055 0.012904435 0.000183325069957712 0.0073576215 8.41145421003407e-05 7.05 1.98683164863055 26 7.08519583356734 33781.45 192.794054628248 39859.3 140.970245087394 4644.6 117.824191064484 0 0 0 0 907.65 31.1115332312633 3736.95 102.790794821326 
18 27388260 227797.362583503 9545481 126859.708020317 9582948 144845.224070385 4319612 17003.7144765489 3940217 17403.7366964684 74937.25 758.517295452121 0.019802645 0.000176384816452551 0.019873125 0.000183024014476243 0.2975131 0.00200487667700534 0.3474165 0.00200111595116325 0 0 0 0 0 0 0 0 0 0 3.4444135 0.0114031172382818 0.99631155 0.00102953516088574 0.9968785 0.00100614603810777 0.99966465 9.95521345828548e-05 0.9996348 9.61709935479397e-05 0.48874115 0.00709884094254126 0.48514095 0.00783977228288552 0.017550555 0.00026969415543352 0.0097724025 0.000152663667939526 5.9 2.0712315177208 17 5.9916608715781 31583.5 278.175933538471 39970.9 176.688398034506 8638.7 241.64024913081 0 0 0 0 1894.6 68.1787356878961 6744.1 186.985801600014 
19 22449935 302958.281410164 7162109.5 162633.478579135 7120560.5 137653.006631711 4412948.5 10385.862157279 3754319.5 31695.2837934921 95424.7 1336.09105602874 0.019125995 0.000177407346169768 0.01914385 0.000203622870768487 0.34023465 0.00300361043204674 0.38173115 0.0023723519822109 0 0 0 0 0 0 0 0 0 0 3.7020875 0.0146737363595643 0.9938045 0.00198285913518838 0.9954311 0.00158355571105029 0.99971105 7.78161133699129e-05 0.9995476 0.000191402560066468 0.68812115 0.0151624531566465 0.6887807 0.0135317814241141 0.02546612 0.0006950961549311 0.013893925 0.000381098290307107 5.7 2.02731349327133 13.45 4.03081877538547 27074.7 483.759764759328 39037.5 271.412693144591 15915.8 631.171260435708 0 0 0 0 3847 178.813310466531 12068.8 462.134785533398 
20 16670545 347350.650603968 4530282.5 165517.022202401 4550922 148870.877494559 4315356.5 20612.2515206369 3273985.5 44548.5005892454 121370.65 1459.0051841923 0.01768977 0.000191641431063327 0.01774649 0.000162435408393614 0.39078605 0.00353815903366426 0.4110186 0.00128862106144514 0 0 0 0 0 0 0 0 0 0 3.914466 0.00706189946119317 0.99103295 0.00286057502042859 0.9903379 0.00361186662129154 0.99957275 0.000156827572511979 0.99950025 0.000178452199482101 1.136443 0.0406480774576117 1.1339435 0.0353706644374968 0.041187825 0.00134404566286827 0.02196439 0.000628880304111999 5.8 2.42074368738204 9.35 1.95639975465139 18644.3 726.555717065113 36561.15 284.694621480631 28985.5 887.942312315389 0 0 0 0 8033.85 321.572896090451 20951.65 581.914536250814 
21 10340940 186635.766668664 2131050 70346.2296786402 2112655.5 75335.5092552642 3765747.5 42190.2854784132 2331480.5 38623.6298753755 150714.7 807.281555592595 0.015605085 0.000143012010946633 0.015635035 0.000131574987269617 0.4526958 0.00231612077837059 0.4273006 0.000761899757185938 0 0 0 0 0 0 0 0 0 0 3.705072 0.0202087183166078 0.9779355 0.0071797015780602 0.9748022 0.00975591605949949 0.99939755 0.000167122253156195 0.9990514 0.000273030108229837 2.502349 0.0903579710318907 2.5317805 0.0989878183654433 0.0824377 0.00239110391158561 0.04375467 0.00122306006970222 5.75 1.89406969248758 8.2 2.11187120819429 3609.35 649.069586022947 31757.35 245.170812903983 52990.05 909.084895650566 0 0 0 0 17447.9 424.048924064193 35542.15 512.423582107615 
22 8631051 74476.3937029714 1677824 45700.7964263206 1669771 54355.9539425075 3290219 24134.088112046 1993236 18089.1568073252 158951 420.154019378608 0.01515828 0.000105621795099307 0.01519218 8.60359785206166e-05 0.4656353 0.000735239559599458 0.43526755 0.00110001861234253 0 0 0 0 0 0 0 0 0 0 3.6164605 0.0204706955121217 0.968741 0.00761208215273588 0.9703561 0.00902274457634705 0.9989405 0.000305747035962742 0.99891515 0.00029714681135762 3.329282 0.0971319201189804 3.356046 0.12529801189165 0.10859215 0.000942305644416926 0.057984585 0.000695481524035685 5.3 1.84661853126194 7.65 2.37223523285529 313.35 113.661460046931 30830.25 153.108090903126 63807.25 228.476886139496 0 0 0 0 21318.9 180.596483908187 42488.35 262.889953212366 
23 7731638 63427.5215186594 1480433 46267.8169033293 1497681 62602.4497843335 2924011 26642.2089737319 1829511 12645.9617665087 163170.5 434.807946109544 0.01517772 9.7739846531494e-05 0.0151899 6.49182871000152e-05 0.46648115 0.0006976899938368 0.44453075 0.00082078327681551 0 0 0 0 0 0 0 0 0 0 3.617966 0.0233710032732872 0.9604771 0.0105952484675915 0.9663398 0.0114753420410897 0.99871275 0.000412292114283072 0.99870265 0.000432490956552847 3.9118415 0.126239673846022 3.9088405 0.149098587031367 0.12838315 0.00125972855310182 0.068844845 0.000615679118920725 5.7 1.67630546142402 6.2 1.9131126469709 137.9 49.0814628958836 30750.6 131.844757195726 70402.95 298.788800827608 0 0 0 0 22918.3 251.394530568984 47484.65 183.793437042785 
24 6938191 92993.6419815893 1332019.5 65731.1882195203 1320420.5 50596.2325153761 2609230 19256.4659270594 1676521.5 14175.034841227 166850.5 465.158843837242 0.01515195 9.70432146005067e-05 0.015156535 0.00011846678975561 0.4665544 0.000610578365158802 0.45289125 0.000744150043673994 0 0 0 0 0 0 0 0 0 0 3.6158985 0.0334831171301299 0.9567284 0.013597297247615 0.95850175 0.00764500826601908 0.99850095 0.000465694156609259 0.998572 0.000350395205446652 4.5373585 0.235860656644448 4.614548 0.205454927602139 0.15040355 0.00112188606707634 0.081390265 0.000833648737343854 5.1 2.32163735324878 6.4 2.51793566240283 78.65 19.8677502500912 30785 162.934649476408 76888.25 250.550568748107 0 0 0 0 24369.25 207.374269136747 52519 200.008499819383 
25 6238003 77940.1968883836 1188806.5 41482.8662552384 1177960 45239.8536690825 2336432 22906.9353253551 1534804.5 12877.3015321534 169739.4 407.255374427398 0.01519095 6.53208121504931e-05 0.015185065 7.60785138853278e-05 0.46676735 0.000611991852478443 0.45948015 0.000875645663210874 0 0 0 0 0 0 0 0 0 0 3.604565 0.0253030920047334 0.9459894 0.022172890308663 0.9456501 0.0169791254218231 0.99822075 0.000557012915020833 0.99796125 0.00075535619908755 5.2930225 0.229815182850807 5.4299315 0.222053330469845 0.17508525 0.00172386965502036 0.095498635 0.000888149170058162 5.55 2.13248681121361 6.45 2.06094638455249 63.9 12.5095963164284 30729.95 152.147781778112 83006.45 258.059000036813 0 0 0 0 25766.7 181.047811364844 57239.75 282.311507912802 
26 5640954.5 77941.3563825393 1069556 49152.3649888792 1090847.3 64758.7815513078 2083827.5 17404.5597114664 1396724 11509.3342118474 172296.25 330.843146369998 0.015185455 7.88100087235118e-05 0.015172845 7.39866979598358e-05 0.4668564 0.000516095572544471 0.46541675 0.000653880942909331 0 0 0 0 0 0 0 0 0 0 3.6254465 0.0274124966529866 0.95032205 0.00995841663355676 0.9435514 0.0168247378624453 0.9982366 0.000577874328898589 0.9977715 0.000749996833326645 6.076164 0.269345910019068 6.0470675 0.385352750267531 0.2042255 0.00170803976827239 0.1122479 0.00100709869923459 4.95 1.8296174463532 5.4 2.35372045918796 48.9 11.3132665486145 30620.75 111.694617148724 89306.1 231.893057248379 0 0 0 0 27237.1 205.677393021207 62069 198.040147444906 
27 5108629 63605.6581524002 980717.4 41401.9002286127 965549.9 63247.833985758 1892032.5 17841.664965748 1270328.5 10162.4511191936 174559.95 317.588802541903 0.01519217 0.000105042944075269 0.01521481 9.25360681031995e-05 0.46723945 0.000561389657457278 0.4698127 0.000723584279818185 0 0 0 0 0 0 0 0 0 0 3.6087315 0.0310917212895973 0.93600085 0.0186945039497575 0.93942225 0.014341764333146 0.9978471 0.000539172968536081 0.9973915 0.00076761504023827 6.882747 0.287267690040144 7.0437565 0.408467823142472 0.2337271 0.00221731882912674 0.1311516 0.00120518763684333 5.05 1.8296174463532 6.1 2.36431808350738 40.4 11.1462998344742 30581.8 111.390125235588 95447.45 235.506364032907 0 0 0 0 28802.95 254.310533600164 66644.5 235.797052568517 
28 4640354 85165.6847210189 894517.45 53009.9261916813 868138.95 43591.5719611888 1716810 18933.6811000925 1160887 14575.0472040402 176350.75 415.877010064274 0.01523736 7.49546556259184e-05 0.015215355 9.16338664195723e-05 0.4680097 0.00057921982873517 0.4730697 0.000722680572590688 0 0 0 0 0 0 0 0 0 0 3.6035325 0.035669426526789 0.9322438 0.016446387781516 0.93423665 0.0148639662448318 0.9976089 0.000452637923731537 0.9970977 0.000775525247815963 7.8932615 0.643153812864971 8.1278345 0.449355220126294 0.26725785 0.00297305851397176 0.15182105 0.00217425238817852 4.95 1.98683164863055 4.1 2.3 30.8 5.71489282489182 30555.75 186.477847209796 101374.9 251.164069882617 0 0 0 0 30455.65 233.773453368855 70919.25 228.799448207377 
29 4246222 50122.8704884307 810151.9 41903.6115339716 804798.5 25424.9474384904 1569445.5 14619.405417116 1061827 16406.1257157197 178042.65 449.998030551246 0.01525641 8.2091880840921e-05 0.015223385 8.12252502304548e-05 0.4684786 0.000592092002986026 0.4759943 0.000804548823875841 0 0 0 0 0 0 0 0 0 0 3.5845345 0.0268485572191505 0.9180435 0.0165454738055457 0.91232785 0.0188466583623596 0.997131 0.000673450740589076 0.99634715 0.00115449856106448 8.9585205 0.498773890399999 9.126959 0.471449076983931 0.3029291 0.00283110190385298 0.17494415 0.0031858789097359 4.85 1.55804364508829 4.1 1.3 32.05 7.64509646767129 30497.45 156.476348052988 107334.6 352.684476550925 0 0 0.05 0.217944947177034 32068.25 193.790834406584 75266.3 329.214838669219 
30 3863736.5 59681.427955018 736165.9 46782.6472293948 726818.9 32527.7915587579 1430827.5 16452.9161169077 969924.55 8899.52520348698 179197.35 584.125181360982 0.015254145 6.42689931070962e-05 0.01524907 6.97560542175374e-05 0.4693261 0.000626055181273981 0.47808465 0.00072918209488439 0 0 0 0 0 0 0 0 0 0 3.5636225 0.0308409331692476 0.9043704 0.0109796315439089 0.8990602 0.021861061485207 0.9968585 0.000856277379124307 0.9956577 0.00104875331227128 10.143082 0.585745928390458 10.4746895 0.491535030485875 0.3438659 0.0039404236434678 0.20082225 0.00232925238810653 4.95 1.24398553046247 3.8 2.06397674405503 29.4 7.22772439983706 30413.35 203.187665718173 113133.55 362.619838811944 0 0 0 0 33879.35 266.678322141114 79254.2 285.281545144442 
31 3555684.5 82636.4283760497 683384.85 43789.9405300749 681480.15 42985.7122452042 1315352 18758.2266219384 875466.75 8495.49911350122 180333.8 447.687904683609 0.015274135 8.87611867597543e-05 0.015279835 5.42484771675667e-05 0.4702186 0.000403203968234446 0.4797549 0.00046060480891974 0 0 0 0 0 0 0 0 0 0 3.561111 0.0476448982473465 0.89185545 0.0277077976433981 0.89915645 0.0239081339557796 0.9964083 0.00112227537173368 0.9952617 0.00126365933304827 11.431875 0.93601587266189 11.4046295 1.05818777361806 0.38673335 0.00577695828507528 0.23316825 0.00257460000534063 5.15 1.01365674663566 4.2 1.80554700852678 27.5 5.8949130612758 30261.05 148.798345084883 119128.9 260.536350630771 0 0 0.05 0.217944947177034 35694.45 197.720377047992 83434.4 184.129954108505 
32 3234509 61684.9057630795 621219.75 36453.6309643841 607019 40384.1407634235 1207207 18826.9634035869 799064.15 13144.1404255851 181365.7 514.206874710947 0.015326865 7.85488018686472e-05 0.01529654 4.62767047227868e-05 0.47069685 0.000635496441768172 0.4814316 0.000789276592836763 0 0 0 0 0 0 0 0 0 0 3.5261735 0.0449268726126135 0.88932865 0.0246378000504814 0.868712 0.022003351008426 0.9961732 0.000804102642701783 0.99440875 0.00160744433418392 12.779605 0.969421792345829 13.354585 1.43608879992673 0.435101 0.00685768416449751 0.26662075 0.00479935615343351 5.25 1.92028643696715 3.75 1.94615004560286 23.2 4.67546789102438 30255 234.551700057791 124903 310.188007505126 0 0 0 0 37396.3 263.464627606819 87506.7 311.538617188945 
33 2989633 53041.5540967646 574382.1 43080.5807608254 578346.9 32231.7863046714 1111064 15306.3292137599 725839.9 10620.7064120048 181934.05 364.045941468931 0.015321915 6.6403910088187e-05 0.01532809 7.20763615896362e-05 0.4714622 0.000410791017428566 0.4825537 0.000522189247304079 0 0 0 0 0 0 0 0 0 0 3.531281 0.0464677642995657 0.86877265 0.0272194713693617 0.8848608 0.0241703415979171 0.9958438 0.00104562663508538 0.9931586 0.00195850967319541 13.990665 1.14158187059667 14.108305 1.21523489806498 0.48771615 0.00696205167515295 0.30597995 0.00504371199093485 4.75 1.89406969248758 3.25 1.86748493969831 22.05 5.63449199129788 30016.6 227.338382153124 130618.25 219.425585335895 0 0 0 0 39272.5 192.994429971437 91345.75 264.417449310744 
34 2767429 46738.9810436642 532488.2 30115.1772526744 533053.35 39022.4174113739 1038051 15467.4250927554 663838.7 8457.85064954448 182624.55 488.294631856628 0.01534562 7.33572872998996e-05 0.01538809 6.22040505112005e-05 0.4726246 0.000616588387824488 0.4828682 0.000670421479369506 0 0 0 0 0 0 0 0 0 0 3.499647 0.0399706808923741 0.8628209 0.0357598555476669 0.8599753 0.0292327083574204 0.99513405 0.0012280820198586 0.99306595 0.00170579953321016 15.437355 1.30193752940569 15.788685 1.48859423459686 0.53824485 0.00798046644172507 0.34716105 0.00505668183174501 3.65 1.68151717208002 3.4 1.28062484748657 21.9 4.28835632847831 29861 263.916653510156 136432.95 292.480165994209 0 0 0 0 41312.9 220.756177716502 95120.05 259.691831792993 
35 2544795 51536.0976889015 485752.8 29043.9145064848 486203.4 43281.5867574191 966602.75 15264.9919353893 606236.6 8160.95557762692 183216.1 397.205601672484 0.01539442 8.52247123785112e-05 0.01538057 5.08184425184401e-05 0.47347005 0.000488920696534723 0.48340045 0.000492769365423628 0 0 0 0 0 0 0 0 0 0 3.459188 0.0544646270160735 0.8452813 0.0277444271505108 0.84465445 0.0315591297764609 0.99422935 0.000981866654643082 0.9920996 0.0018193043560658 17.125495 1.18260650956901 17.697695 2.61740541863025 0.5955677 0.00947235838690661 0.39441195 0.00523360142229995 4.45 1.4991664350565 3.7 1.22882057274445 21.1 5.04876222454573 29833.15 229.569874983631 142169.85 294.575334167679 0 0 0 0 43283.35 230.45916666516 98886.5 250.182433436083 
36 2383423 53185.6732682778 464469.95 34293.2246740883 463335.4 29729.1828754172 900390.95 13386.7180088138 555225 10938.0227737923 183521.95 497.395966509581 0.015425865 6.35785284117208e-05 0.01542401 7.75593121423855e-05 0.4743262 0.000447173299739598 0.483686 0.000502917090582534 0 0 0 0 0 0 0 0 0 0 3.452987 0.0449698910494566 0.8345378 0.0371278972062787 0.83217325 0.0242963051900387 0.99409075 0.00111784376703543 0.99089095 0.00228933395281247 18.188815 1.79824007414889 18.479975 1.13542548715228 0.6577897 0.0100555209566685 0.44642285 0.00830299453375106 4.05 1.32193040664023 3.75 1.40978721798717 19.75 4.01092258713628 29559.25 273.99924726174 147857.9 323.302319818463 0 0 0 0 45264.1 217.056651591238 102593.8 269.699944382642 
37 2202590.5 44724.1435328839 428130.35 38223.9061861487 424198.15 34901.6713873061 844370 13106.1624246001 505892.95 8191.77611067954 183617 448.473633561662 0.015465135 6.98218323663882e-05 0.015446405 7.55785516863086e-05 0.4752 0.000484274921919354 0.48382365 0.000533471393328631 0 0 0 0 0 0 0 0 0 0 3.4208485 0.0452180287357819 0.83836175 0.0368037405896126 0.8173696 0.0343900811810615 0.99360555 0.00148731639118919 0.98934055 0.0023961667194709 19.541745 2.02790681232521 20.670935 2.13272970633294 0.7212467 0.0110123847512698 0.5065823 0.00979697667191263 3.35 1.62095650774473 3.4 1.8 21.75 5.20456530365409 29328.7 246.655447943077 153409.3 365.229530569476 0 0 0 0 47237.7 288.237939903823 106171.6 275.568031527607 
38 2051514.5 43372.0845100855 408707.15 30077.2583412701 390971.4 32183.8490479309 793194.55 12429.9003313583 458641.5 9242.27942933993 183969.85 452.63067450185 0.015462145 6.31607035663791e-05 0.01548771 6.65909896307298e-05 0.47645375 0.000439721147433235 0.4835053 0.000509106089140573 0 0 0 0 0 0 0 0 0 0 3.386908 0.0503698318043647 0.81817885 0.0256451716708526 0.80883495 0.0345696295749246 0.991759 0.00189142940656001 0.98815535 0.00220243048187679 20.5497 2.25093168399221 22.274695 2.11978935898711 0.7901087 0.0122989479838724 0.5766191 0.0116946078895361 4.25 1.6393596310755 3.35 1.71099386322687 19.65 4.68268085609088 29133.5 277.25989612636 159212.35 361.708484141581 0 0 0 0 49455.1 267.736792391333 109757.25 263.132072351509 
39 1937743.5 47183.24483066 389967.9 24626.2644282481 383516.65 29188.5123195325 746483.8 14877.3791125991 417775.65 8819.01420950777 184305.35 281.00004893238 0.015515425 5.19547579630585e-05 0.015513805 7.21337748561656e-05 0.477283 0.000583680220668813 0.4834301 0.000654652419227188 0 0 0 0 0 0 0 0 0 0 3.361524 0.0488017252154061 0.8049426 0.0356079521980695 0.78616625 0.02629772968314 0.99202655 0.00156205062257919 0.9853367 0.00320729621488256 21.29698 1.91212591023708 22.744115 1.96820045327578 0.86134875 0.0168758603954732 0.6523479 0.0165201439972538 4.45 1.46543508897528 3.45 1.88348082018374 19.2 4.96588360717405 29101.9 174.760378804808 164657.3 160.095627672963 0 0 0 0 51421.55 255.819364982403 113235.75 245.691244247735 
40 1819218.5 49655.8675561106 363319.35 30219.7141255092 361234.4 36730.9448345669 709136.5 13446.1186276933 385527.75 8948.30944298978 184443.05 420.184182829387 0.01552848 6.61952611596933e-05 0.01553751 5.80974173264184e-05 0.4785106 0.000315105442669591 0.48284865 0.000343473619802167 0 0 0 0 0 0 0 0 0 0 3.297959 0.0532670777216096 0.7625769 0.0354137571219152 0.77127565 0.0342480282867131 0.99073 0.00203313523898438 0.98439635 0.00300978856857088 22.91151 1.94752588401284 24.248045 2.59444896451539 0.93118995 0.017678775083345 0.7268042 0.0161802194503041 4 1.84390889145858 2.95 1.71682847133894 19 3.40587727318528 28860 252.035116600842 170273.75 374.560258836946 0 0 0 0 53643.85 251.157176883321 116629.9 246.647298789182 
41 1692490.5 54339.909502593 341131.25 29641.7323260214 331546.5 28608.2381500504 666484.75 11842.4209512878 353329.25 6396.02340423329 184501.25 307.389797325806 0.01559116 6.805577418559e-05 0.01556694 6.27369699618974e-05 0.4794106 0.000648732795532953 0.48253075 0.00074606279058803 0 0 0 0 0 0 0 0 0 0 3.276643 0.0586472744549991 0.76779865 0.040393758547918 0.7583776 0.0295302359648547 0.9906011 0.00189736169192907 0.9812367 0.00423019277456713 24.89485 2.66004963534518 25.84274 2.67709057960316 1.01584635 0.0182381829667185 0.81591795 0.0150110081922401 4.1 1.37477270848675 3.1 1.86815416922694 18.2 4.67546789102438 28629.5 229.335016951184 175846.65 239.992765515963 0 0 0 0 55739.9 308.677647392875 120106.75 245.267379608459 
42 1590772.5 33259.6232502715 326381.7 32421.1071465797 311226.4 27484.653807898 634093.5 11765.5523181022 319070.2 6508.4591386902 184183.45 490.492963761969 0.015608115 7.23327607312206e-05 0.01558783 5.5175348662242e-05 0.4798311 0.000547470720678282 0.4826589 0.000565519840500751 0 0 0 0 0 0 0 0 0 0 3.2359915 0.051801233119975 0.7644992 0.0414360306069488 0.739915 0.0475879594813646 0.9907226 0.00237247879653328 0.979863 0.0046582984661784 24.578645 2.91908021480654 26.584645 3.03131132787033 1.0937535 0.021865088903318 0.92960725 0.0172863980541783 4.55 1.71682847133894 2.95 1.71682847133894 18.85 4.74631435958471 28308.05 209.369643215056 181306.25 448.261739946652 0 0 0 0 57674.85 357.925868721444 123631.4 235.569395295739 
43 1534967 40106.3672127008 320315.3 32311.7505407862 313135.15 33537.3270048091 606822.35 14775.9815317799 294694.95 8623.83567488968 184363.85 415.198419433408 0.015628025 8.06826987339913e-05 0.015654665 6.38922239008787e-05 0.48129255 0.000545671922953702 0.48157115 0.000585279529370361 0 0 0 0 0 0 0 0 0 0 3.212533 0.0471028595841059 0.7446817 0.0454293997705231 0.73865525 0.0349330022985071 0.98920175 0.00206184133422046 0.9804196 0.00423314049377056 25.138335 2.60161968325022 26.20506 2.18842712384946 1.1720805 0.0288476732987255 1.02915565 0.0294598013660564 3.75 1.81314643644687 3.25 1.97167441531304 21.1 3.85875627631495 27968.1 252.720774769309 187157.95 357.798193818806 0 0 0.05 0.217944947177034 60191.6 304.264753134503 126966.3 251.260044575336 
44 1436660 32161.2991031146 295284.75 23256.2942875149 292638.8 28582.8390097975 577089.55 15489.9007178064 271646.75 7221.59059954938 184373.4 436.62562911492 0.015662685 6.58201054010095e-05 0.015670575 6.46997285542991e-05 0.48218615 0.000567577331735508 0.4810943 0.000642528450731946 0 0 0 0 0 0 0 0 0 0 3.1722175 0.058903904444018 0.72592165 0.0383442331260843 0.73614155 0.0286891636798199 0.98884955 0.00205097655947112 0.97622995 0.0052866480918915 26.62481 3.02643931938177 27.60875 2.19268333954085 1.261574 0.033996747844463 1.1497605 0.0288533251939876 4.6 2.00997512422418 2.65 1.52561463023924 19.25 3.87136926680987 27785.95 310.550072452093 192666.2 434.198871486327 0 0 0 0 62315.25 349.120448412865 130350.95 385.779921068995 
45 1345573.5 35637.4693651219 274530.25 24442.1000056767 277524.5 24403.8206814015 546799.65 10229.9790873442 246718.6 5520.8276317958 184191.25 558.149072829114 0.015705485 7.72885455614219e-05 0.015706255 6.29742842357101e-05 0.48298845 0.000414927641282186 0.48065675 0.000424412756052407 0 0 0 0 0 0 0 0 0 0 3.1399395 0.0589671883741288 0.71530535 0.0458682637455082 0.73686375 0.0372577150022314 0.9860709 0.00247681585710363 0.9732286 0.00469029510159008 27.685805 2.90937392121999 27.834195 2.70483533481708 1.3653285 0.0258381195668338 1.2950745 0.031125776853759 4.15 1.42390308658981 2.85 1.52561463023924 18.65 4.28106295211832 27517.55 398.960709218339 198082.7 338.785787777469 0 0 0 0 64470.4 268.925342799819 133612.3 179.40097547115 
46 1295658 49371.0720564178 269721.6 31894.8211805616 277606.45 29492.5241569368 520429.65 13006.7899893671 227901.4 7350.06894117327 183918.1 491.572059824396 0.0157611 7.25210659050181e-05 0.015737675 6.2623820348171e-05 0.48387565 0.000458846082581073 0.48004325 0.000511031200123833 0 0 0 0 0 0 0 0 0 0 3.100519 0.0626437829237667 0.70777635 0.0438583109641434 0.7092503 0.0489426323189712 0.9861809 0.00211544855527144 0.97010365 0.00717668969145943 28.232365 3.25057612451624 28.981355 3.00293838289683 1.4665585 0.0377463015771082 1.4413885 0.0529045144836431 4.05 1.5644487847162 2.65 1.58981130955846 17.7 4.08778668719394 27094.15 295.083085757215 203621.6 432.12768946227 0 0 0 0 66650.45 328.409420540885 136971.15 280.672099610916 
47 1236557.5 29998.6209474702 264499.25 20237.6819716958 258650.15 21290.4474078752 503238.65 13296.2915704906 210169.75 5023.23915292712 184109.55 382.109601423466 0.015759485 6.21626758996101e-05 0.015788765 7.02531727041562e-05 0.4849823 0.000602467683780638 0.47918855 0.000704668466372662 0 0 0 0 0 0 0 0 0 0 3.0256865 0.0784528842857291 0.67231525 0.0548208774481721 0.68932095 0.0472626588328196 0.9841896 0.00299012363289546 0.9654077 0.00767695738623056 26.1816 3.11267764007133 27.98845 3.62196553703925 1.552958 0.0433973173825295 1.5977125 0.0522510750965949 3.85 1.10792599030802 2.8 1.66132477258361 18.9 5.25261839466756 26922 346.296549217575 209201.35 458.296986134537 0 0 0 0 69004.05 405.578041195526 140197.3 263.567847052709 
48 1174835.5 27589.0258028441 245387.3 21721.5216757482 254689.3 22190.1209507745 482668.45 9535.44485315184 192090.2 4487.56835713953 183947.05 558.787748165616 0.015802275 4.65301394259677e-05 0.015790305 6.38283516550442e-05 0.4861148 0.00055607720686969 0.47831485 0.000574673670442634 0 0 0 0 0 0 0 0 0 0 2.9935995 0.0708799792236848 0.66381285 0.0507544196590553 0.68927435 0.0459417667066418 0.9854711 0.00257372204987251 0.9607359 0.00871034029128598 27.34874 2.75962121447854 29.340665 4.23135215212289 1.6515955 0.0341993092729956 1.7899715 0.043660575382718 4.1 1.57797338380595 2.3 1.18743420870379 21.25 5.47608436750202 26550.15 424.217193781676 214814.9 337.7330158572 0 0 0 0 71399.6 361.768074876709 143415.3 260.931619394814 
49 1089777.5 47589.3365025191 231678 34729.304261675 225918.95 23601.4701141158 455184.3 11072.5751255072 176996.4 4636.54639144266 183765.8 474.261805335407 0.0158263 5.86127034012255e-05 0.01581873 5.24462877618617e-05 0.4867577 0.000526511357902178 0.4779449 0.000525980598501501 0 0 0 0 0 0 0 0 0 0 2.905137 0.0810567008395974 0.6370197 0.0691594383986018 0.64253385 0.0674059497316632 0.9840321 0.00357234217146119 0.9558275 0.0101333828581575 28.22851 3.46580876375198 28.65236 4.07644275715973 1.7905155 0.0456893379767096 1.999933 0.0702775048717582 4.3 1.64620776331543 1.9 1.37477270848675 19.05 5.20072110384704 26141.7 306.147203155606 220384.8 433.151543919677 0 0 0 0 73537.95 357.603757670414 146846.85 214.317119008258 
50 1041543.05 35417.8376774684 222838.8 24123.0482311005 215175.15 20876.9580357748 439332.85 11652.9320141971 164196.35 5448.25989904116 183662.3 477.109536689427 0.01585461 6.52433130673177e-05 0.015860535 6.26159027324533e-05 0.487601 0.00061742999603194 0.47725845 0.000710067565447112 0 0 0 0 0 0 0 0 0 0 2.8791845 0.0967489422926679 0.65000675 0.0530327263327796 0.6207889 0.0586252418493092 0.9822525 0.00373088712640841 0.95479505 0.0106024054321413 28.98795 3.38972085111739 28.264955 2.9273206864768 1.896886 0.0474979996841972 2.1974105 0.0769555863777933 3.5 1.02469507659596 2.4 1.31909059582729 20.6 6.1595454377738 25873.65 397.334402613214 225970.25 378.980853738022 0 0 0 0 75873.75 422.089312231428 150096.5 245.15943791745 
