#1 Nodes,             #2 AvgThroughput,               #4 totalBKThroughput, 
#6 totalBEThroughput,   #8 totalVIThroughput,           #10 totalVOThroughput,
#12 totalCollisions,    #14 totalBKCollisions,          #16 totalBECollisions,
#18 totalVICollisions,  #20 TotalVOCollisions,          #22 totalInternalCollisions,    
#24 totalBKIntCol,      #26 totalBEIntCol,              #28 totalVIIntCol,
#30 totalVOIntCol,      #32 overallFairness,            #34 BKFairness,
#36 BEFairness,         #38 VIFairness,                 #40 VOFairness,
#42 avgTimeBtSxTxBK,    #44 avgTimeBtSxTxBE,            #46 avgTimeBtSxTxVI,
#48 avgTimeBtSxTxVO,    #50 qEmptyBK,                   #52 qEmptyBE,
#54 qEmptyVI,           #56 qEmptyVO                    #58 totalDropped,
#60 droppedBK,          #62 droppedBE                   #64 droppedVI,
#66 droppedVO
2 19991300 0 13990400 0 0 0 3022520 0 2978370 0 4108 0 0.0200676 0 0 0 0.00758911 0 0.00641549 0 0 0 0 0 0 0 0 0 0 0 1.86978 0 0.999976 0 0 0 0.999995 0 0.999979 0 0.000712789 0 0 0 0.000535178 0 0.000401266 0 68398 0 0 0 32646 0 32939 0 0 0 0 0 0 0 0 0 0 0 
3 29980300 0 20984000 0 0 0 4497080 0 4499290 0 11175 0 0.0327245 0 0 0 0.0277023 0 0.0296036 0 0 0 0 0 0 0 0 0 0 0 1.86943 0 0.999994 0 0 0 0.999948 0 0.999936 0 0.00220294 0 0 0 0.000896092 0 0.00060202 0 20078 0 0 0 43807 0 46369 0 1 0 0 0 0 0 0 0 1 0 
4 38666100 0 26643900 0 0 0 6001050 0 6021120 0 18662 0 0.0019644 0 0 0 0.0916591 0 0.124498 0 0 0 0 0 0 0 0 0 0 0 1.91143 0 0.999995 0 0 0 0.999887 0 0.999956 0 0.0384511 0 0 0 0.0014868 0 0.00100694 0 3 0 0 0 45096 0 49980 0 13 0 0 0 0 0 1 0 12 0 
5 36182300 0 21215900 0 0 0 7518540 0 7447920 0 32385 0 0.003902 0 0 0 0.129568 0 0.170131 0 0 0 0 0 0 0 0 0 0 0 2.32885 0 0.999926 0 0 0 0.999957 0 0.99998 0 0.0610707 0 0 0 0.00237564 0 0.00153204 0 2 0 0 0 48772 0 57788 0 126 0 0 0 0 0 2 0 124 0 
6 31449300 0 13494900 0 0 0 9018250 0 8936080 0 54613 0 0.00663997 0 0 0 0.176105 0 0.235928 0 0 0 0 0 0 0 0 0 0 0 2.8802 0 0.999448 0 0 0 0.999995 0 0.999975 0 0.11545 0 0 0 0.00432215 0 0.00255836 0 4 0 0 0 41285 0 59660 0 957 0 0 0 0 0 23 0 934 0 
7 23897800 0 4342420 0 0 0 9706050 0 9849320 0 93145 0 0.00848814 0 0 0 0.243587 0 0.360227 0 0 0 0 0 0 0 0 0 0 0 2.71803 0 0.998259 0 0 0 0.999896 0 0.999987 0 0.418254 0 0 0 0.0117846 0 0.00621363 0 3 0 0 0 157 0 36242 0 7639 0 0 0 0 0 108 0 7531 0 
8 19797500 0 3166130 0 0 0 6393450 0 10238000 0 116370 0 0.00853931 0 0 0 0.262152 0 0.45217 0 0 0 0 0 0 0 0 0 0 0 2.51529 0 0.990453 0 0 0 0.999806 0 0.999968 0 0.655617 0 0 0 0.0205006 0 0.0101084 0 4 0 0 0 12 0 16343 0 20867 0 0 0 0 0 105 0 20762 0 
9 16221700 0 2159660 0 0 0 4497740 0 9564320 0 133766 0 0.0088221 0 0 0 0.269961 0 0.518909 0 0 0 0 0 0 0 0 0 0 0 2.26044 0 0.992971 0 0 0 0.999945 0 0.999907 0 1.07225 0 0 0 0.0327728 0 0.0153853 0 3 0 0 0 13 0 149 0 40329 0 0 0 0 0 0 0 40329 0 
10 14337000 0 2004500 0 0 0 3982540 0 8349940 0 144349 0 0.00911758 0 0 0 0.281073 0 0.544651 0 0 0 0 0 0 0 0 0 0 0 2.29247 0 0.987414 0 0 0 0.999757 0 0.999892 0 1.30639 0 0 0 0.041141 0 0.019613 0 1 0 0 0 8 0 32 0 51920 0 0 0 0 0 0 0 51920 0 
11 12631100 0 1849100 0 0 0 3478730 0 7303250 0 153344 0 0.00936534 0 0 0 0.290539 0 0.564724 0 0 0 0 0 0 0 0 0 0 0 2.31365 0 0.974454 0 0 0 0.999741 0 0.999872 0 1.57511 0 0 0 0.0518101 0 0.0246758 0 2 0 0 0 5 0 13 0 63355 0 0 0 0 0 0 0 63355 0 
12 10898200 0 1494220 0 0 0 3048820 0 6355190 0 162237 0 0.00985886 0 0 0 0.298351 0 0.581726 0 0 0 0 0 0 0 0 0 0 0 2.28534 0 0.981009 0 0 0 0.999761 0 0.999774 0 2.09097 0 0 0 0.0644918 0 0.0309377 0 2 0 0 0 4 0 12 0 75454 0 0 0 0 0 0 0 75454 0 
13 9590870 0 1373880 0 0 0 2673790 0 5543200 0 170154 0 0.00982252 0 0 0 0.305161 0 0.594706 0 0 0 0 0 0 0 0 0 0 0 2.30846 0 0.973467 0 0 0 0.999318 0 0.999133 0 2.50513 0 0 0 0.0797024 0 0.0384486 0 1 0 0 0 4 0 13 0 87089 0 0 0 0 0 0 0 87089 0 
14 8241810 0 1117800 0 0 0 2334800 0 4789210 0 175782 0 0.0100646 0 0 0 0.309957 0 0.605881 0 0 0 0 0 0 0 0 0 0 0 2.28913 0 0.979902 0 0 0 0.99949 0 0.999641 0 3.23511 0 0 0 0.0982712 0 0.0479044 0 2 0 0 0 3 0 5 0 98264 0 0 0 0 0 0 0 98264 0 
15 7248610 0 1115910 0 0 0 2012360 0 4120330 0 182838 0 0.0101969 0 0 0 0.314305 0 0.615542 0 0 0 0 0 0 0 0 0 0 0 2.35401 0 0.974236 0 0 0 0.998928 0 0.999348 0 3.56602 0 0 0 0.122222 0 0.0596724 0 2 0 0 0 5 0 6 0 110546 0 0 0 0 0 0 0 110546 0 
16 6253280 0 945766 0 0 0 1735640 0 3571880 0 187186 0 0.0105027 0 0 0 0.318062 0 0.622181 0 0 0 0 0 0 0 0 0 0 0 2.33845 0 0.965368 0 0 0 0.997309 0 0.998703 0 4.57708 0 0 0 0.151374 0 0.0734665 0 0 0 0 0 3 0 6 0 121242 0 0 0 0 0 1 0 121241 0 
17 5334140 0 731054 0 0 0 1528140 0 3074950 0 192280 0 0.010295 0 0 0 0.320568 0 0.628735 0 0 0 0 0 0 0 0 0 0 0 2.2992 0 0.929129 0 0 0 0.998829 0 0.99929 0 6.53173 0 0 0 0.182435 0 0.0906141 0 1 0 0 0 2 0 10 0 132620 0 0 0 0 0 1 0 132619 0 
18 4670340 0 719340 0 0 0 1313670 0 2637330 0 195405 0 0.0105464 0 0 0 0.323306 0 0.633029 0 0 0 0 0 0 0 0 0 0 0 2.3567 0 0.921392 0 0 0 0.998245 0 0.998642 0 6.92818 0 0 0 0.224817 0 0.111949 0 3 0 0 0 4 0 3 0 142826 0 0 0 0 0 0 0 142826 0 
19 4067000 0 619479 0 0 0 1130410 0 2317110 0 198760 0 0.01065 0 0 0 0.325067 0 0.636811 0 0 0 0 0 0 0 0 0 0 0 2.33519 0 0.898348 0 0 0 0.998487 0 0.998659 0 8.86262 0 0 0 0.275743 0 0.13451 0 1 0 0 0 2 0 5 0 153352 0 0 0 0 0 0 0 153352 0 
20 3434090 0 509788 0 0 0 986726 0 1937570 0 202089 0 0.0106478 0 0 0 0.326473 0 0.640668 0 0 0 0 0 0 0 0 0 0 0 2.34474 0 0.877125 0 0 0 0.99771 0 0.999149 0 11.0904 0 0 0 0.332669 0 0.169185 0 3 0 0 0 4 0 7 0 164130 0 0 0 0 0 5 0 164125 0 
21 2893000 0 404111 0 0 0 833126 0 1655770 0 205068 0 0.0106486 0 0 0 0.32811 0 0.643206 0 0 0 0 0 0 0 0 0 0 0 2.30858 0 0.90196 0 0 0 0.996651 0 0.997698 0 14.3191 0 0 0 0.414128 0 0.208241 0 2 0 0 0 3 0 7 0 174345 0 0 0 0 0 4 0 174341 0 
22 2547710 0 377897 0 0 0 732037 0 1437780 0 206634 0 0.0107073 0 0 0 0.329148 0 0.645058 0 0 0 0 0 0 0 0 0 0 0 2.3442 0 0.907543 0 0 0 0.995109 0 0.997194 0 16.6932 0 0 0 0.49445 0 0.251322 0 1 0 0 0 1 0 5 0 183771 0 0 0 0 0 0 0 183771 0 
23 2174240 0 337183 0 0 0 625623 0 1211430 0 208952 0 0.0107139 0 0 0 0.329667 0 0.647376 0 0 0 0 0 0 0 0 0 0 0 2.36065 0 0.854168 0 0 0 0.994556 0 0.994355 0 21.1419 0 0 0 0.605422 0 0.312741 0 2 0 0 0 2 0 2 0 194097 0 0 0 0 0 4 0 194093 0 
24 1827470 0 252150 0 0 0 532562 0 1042760 0 210293 0 0.0107965 0 0 0 0.330674 0 0.648442 0 0 0 0 0 0 0 0 0 0 0 2.29708 0 0.817485 0 0 0 0.995172 0 0.996566 0 29.6056 0 0 0 0.741645 0 0.378246 0 0 0 0 0 2 0 6 0 203132 0 0 0 0 0 5 0 203127 0 
25 1535920 0 193495 0 0 0 437043 0 905380 0 212061 0 0.0108322 0 0 0 0.33136 0 0.649559 0 0 0 0 0 0 0 0 0 0 0 2.21671 0 0.759943 0 0 0 0.992527 0 0.996615 0 42.4346 0 0 0 0.943993 0 0.453746 0 0 0 0 0 0 0 7 0 212787 0 0 0 0 0 6 0 212781 0 
26 1330540 0 176210 0 0 0 384614 0 769720 0 212984 0 0.0107581 0 0 0 0.332027 0 0.650375 0 0 0 0 0 0 0 0 0 0 0 2.25445 0 0.761766 0 0 0 0.992749 0 0.994912 0 44.935 0 0 0 1.11555 0 0.556311 0 1 0 0 0 1 0 5 0 221898 0 0 0 0 0 19 0 221879 0 
27 1165890 0 199475 0 0 0 326697 0 639713 0 214585 0 0.0108686 0 0 0 0.332318 0 0.651287 0 0 0 0 0 0 0 0 0 0 0 2.3866 0 0.804508 0 0 0 0.987584 0 0.993239 0 44.2576 0 0 0 1.37053 0 0.695511 0 3 0 0 0 1 0 6 0 231875 0 0 0 0 0 25 0 231850 0 
28 960020 0 142213 0 0 0 283525 0 534282 0 214916 0 0.0108747 0 0 0 0.33281 0 0.651797 0 0 0 0 0 0 0 0 0 0 0 2.29065 0 0.6205 0 0 0 0.983375 0 0.99114 0 61.0106 0 0 0 1.64654 0 0.865939 0 1 0 0 0 1 0 3 0 240545 0 0 0 0 0 2 0 240543 0 
29 781844 0 102728 0 0 0 234947 0 444170 0 215811 0 0.0108126 0 0 0 0.332731 0 0.652836 0 0 0 0 0 0 0 0 0 0 0 2.2261 0 0.541684 0 0 0 0.982226 0 0.991808 0 75.2029 0 0 0 2.05608 0 1.07823 0 3 0 0 0 0 0 2 0 249930 0 0 0 0 0 20 0 249910 0 
30 707215 0 108134 0 0 0 204227 0 394854 0 216857 0 0.0109299 0 0 0 0.332711 0 0.653267 0 0 0 0 0 0 0 0 0 0 0 2.30874 0 0.663301 0 0 0 0.985929 0 0.994942 0 70.5541 0 0 0 2.44323 0 1.25086 0 1 0 0 0 1 0 5 0 259595 0 0 0 0 0 9 0 259586 0 
31 614154 0 113213 0 0 0 168837 0 332104 0 217479 0 0.0108722 0 0 0 0.3334 0 0.653217 0 0 0 0 0 0 0 0 0 0 0 2.32214 0 0.628332 0 0 0 0.975761 0 0.977626 0 73.7609 0 0 0 3.08642 0 1.56116 0 4 0 0 0 1 0 3 0 268312 0 0 0 0 0 35 0 268277 0 
32 497828 0 69795.8 0 0 0 144343 0 283689 0 217352 0 0.010939 0 0 0 0.333169 0 0.653811 0 0 0 0 0 0 0 0 0 0 0 2.23375 0 0.625055 0 0 0 0.972906 0 0.984574 0 87.4972 0 0 0 3.74272 0 1.87702 0 3 0 0 0 3 0 2 0 276623 0 0 0 0 0 2 0 276621 0 
33 427131 0 66027.5 0 0 0 119194 0 241910 0 218565 0 0.0108599 0 0 0 0.333588 0 0.653856 0 0 0 0 0 0 0 0 0 0 0 2.17906 0 0.463155 0 0 0 0.972343 0 0.980235 0 88.126 0 0 0 4.66632 0 2.27607 0 1 0 0 0 1 0 6 0 286672 0 0 0 0 0 16 0 286656 0 
34 336855 0 42352.6 0 0 0 93061.1 0 201441 0 218073 0 0.0108437 0 0 0 0.333779 0 0.654032 0 0 0 0 0 0 0 0 0 0 0 2.02564 0 0.316496 0 0 0 0.951749 0 0.983708 0 92.154 0 0 0 6.34324 0 2.80874 0 3 0 0 0 0 0 3 0 294285 0 0 0 0 0 2 0 294283 0 
35 311214 0 46202.9 0 0 0 86999 0 178012 0 218472 0 0.0108531 0 0 0 0.333459 0 0.654508 0 0 0 0 0 0 0 0 0 0 0 2.11272 0 0.436819 0 0 0 0.934899 0 0.964327 0 95.7127 0 0 0 7.12524 0 3.33391 0 1 0 0 0 0 0 3 0 303427 0 0 0 0 0 6 0 303421 0 
36 240435 0 29081.6 0 0 0 67993.6 0 143360 0 218841 0 0.0108978 0 0 0 0.333532 0 0.654656 0 0 0 0 0 0 0 0 0 0 0 1.89584 0 0.227865 0 0 0 0.913244 0 0.946289 0 97.2176 0 0 0 9.83552 0 4.37829 0 2 0 0 0 2 0 4 0 312537 0 0 0 0 0 6 0 312531 0 
37 201933 0 18595.8 0 0 0 61849.6 0 121487 0 218624 0 0.0108265 0 0 0 0.333644 0 0.654758 0 0 0 0 0 0 0 0 0 0 0 1.8664 0 0.192491 0 0 0 0.916974 0 0.929436 0 98.6467 0 0 0 10.7302 0 5.3649 0 3 0 0 0 0 0 4 0 320794 0 0 0 0 0 24 0 320770 0 
38 161137 0 13598.7 0 0 0 49152 0 98385.9 0 219271 0 0.0108561 0 0 0 0.333835 0 0.654699 0 0 0 0 0 0 0 0 0 0 0 1.80078 0 0.139561 0 0 0 0.859369 0 0.941393 0 97.366 0 0 0 15.3095 0 6.92134 0 2 0 0 0 0 0 5 0 330078 0 0 0 0 0 44 0 330034 0 
39 138363 0 10731.5 0 0 0 43745.3 0 83886.1 0 219670 0 0.0108007 0 0 0 0.333941 0 0.654751 0 0 0 0 0 0 0 0 0 0 0 1.78003 0 0.10735 0 0 0 0.895821 0 0.932525 0 99.9967 0 0 0 16.5288 0 8.20146 0 3 0 0 0 2 0 5 0 339279 0 0 0 0 0 33 0 339246 0 
40 130007 0 18841.6 0 0 0 38010.9 0 73154.6 0 219928 0 0.0109069 0 0 0 0.333578 0 0.655075 0 0 0 0 0 0 0 0 0 0 0 1.65187 0 0.143376 0 0 0 0.841263 0 0.886251 0 98.7447 0 0 0 21.951 0 10.1296 0 1 0 0 0 1 0 5 0 348374 0 0 0 0 0 72 0 348302 0 
41 97566.7 0 10895.4 0 0 0 26132.5 0 60538.9 0 219895 0 0.010889 0 0 0 0.333486 0 0.65529 0 0 0 0 0 0 0 0 0 0 0 1.57568 0 0.103537 0 0 0 0.79271 0 0.908658 0 98.7766 0 0 0 34.5267 0 12.3962 0 1 0 0 0 2 0 3 0 356952 0 0 0 0 0 8 0 356944 0 
42 87982.1 0 13353 0 0 0 23838.7 0 50790.4 0 219735 0 0.0109 0 0 0 0.333774 0 0.655045 0 0 0 0 0 0 0 0 0 0 0 1.39495 0 0.0882158 0 0 0 0.835563 0 0.905818 0 98.8079 0 0 0 36.1967 0 17.9603 0 1 0 0 0 1 0 0 0 365464 0 0 0 0 0 40 0 365424 0 
43 74547.2 0 5570.56 0 0 0 22036.5 0 46940.2 0 220176 0 0.0108895 0 0 0 0.334012 0 0.654844 0 0 0 0 0 0 0 0 0 0 0 1.52576 0 0.0524049 0 0 0 0.741654 0 0.919836 0 99.997 0 0 0 45.6094 0 16.4703 0 2 0 0 0 0 0 6 0 374193 0 0 0 0 0 144 0 374049 0 
44 63324.2 0 8273.92 0 0 0 20152.3 0 34897.9 0 220297 0 0.0108644 0 0 0 0.334088 0 0.654845 0 0 0 0 0 0 0 0 0 0 0 1.40596 0 0.0753464 0 0 0 0.759869 0 0.864303 0 99.9954 0 0 0 50.0107 0 25.6945 0 3 0 0 0 3 0 4 0 383046 0 1 0 0 0 272 0 382773 0 
45 51363.8 0 2949.12 0 0 0 15974.4 0 32440.3 0 220301 0 0.0108194 0 0 0 0.333464 0 0.655546 0 0 0 0 0 0 0 0 0 0 0 1.2956 0 0.0279612 0 0 0 0.672235 0 0.782047 0 99.9959 0 0 0 60.7972 0 32.4426 0 1 0 0 0 0 0 5 0 392169 0 0 0 0 0 77 0 392092 0 
46 39321.6 0 2949.12 0 0 0 13189.1 0 23183.4 0 220052 0 0.0109205 0 0 0 0.334218 0 0.654735 0 0 0 0 0 0 0 0 0 0 0 1.22943 0 0.0274065 0 0 0 0.657526 0 0.79537 0 99.9961 0 0 0 66.5386 0 45.029 0 2 0 0 0 1 0 4 0 400276 0 0 0 0 0 29 0 400247 0 
47 32768 0 2785.28 0 0 0 9748.48 0 20234.2 0 220824 0 0.0107622 0 0 0 0.334376 0 0.654757 0 0 0 0 0 0 0 0 0 0 0 0.923564 0 0.0239725 0 0 0 0.459997 0 0.647413 0 99.9945 0 0 0 79.7174 0 53.5729 0 2 0 0 0 3 0 5 0 410220 0 0 0 0 0 333 0 409887 0 
48 37027.8 0 5734.4 0 0 0 11714.6 0 19578.9 0 219710 0 0.0109335 0 0 0 0.334665 0 0.654293 0 0 0 0 0 0 0 0 0 0 0 0.978467 0 0.0496514 0 0 0 0.656427 0 0.723417 0 99.9945 0 0 0 72.4521 0 53.107 0 2 0 0 0 0 0 3 0 416402 0 0 0 0 0 782 0 415620 0 
49 23347.2 0 245.76 0 0 0 7618.56 0 15482.9 0 220648 0 0.0108095 0 0 0 0.334015 0 0.655096 0 0 0 0 0 0 0 0 0 0 0 1.18319 0 0.0367347 0 0 0 0.520679 0 0.689688 0 99.9958 0 0 0 84.6558 0 64.1516 0 1 0 0 0 1 0 5 0 427643 0 0 0 0 0 41 0 427602 0 
50 23347.2 0 2867.2 0 0 0 6635.52 0 13844.5 0 219406 0 0.0108842 0 0 0 0.335058 0 0.653987 0 0 0 0 0 0 0 0 0 0 0 0.693342 0 0.0238559 0 0 0 0.416571 0 0.570649 0 99.9969 0 0 0 86.6538 0 71.3437 0 1 0 0 0 3 0 4 0 432766 0 0 0 0 0 934 0 431832 0 
