#1 Nodes,             #2 AvgThroughput,               #4 totalBKThroughput, 
#6 totalBEThroughput,   #8 totalVIThroughput,           #10 totalVOThroughput,
#12 totalCollisions,    #14 totalBKCollisions,          #16 totalBECollisions,
#18 totalVICollisions,  #20 TotalVOCollisions,          #22 totalInternalCollisions,    
#24 totalBKIntCol,      #26 totalBEIntCol,              #28 totalVIIntCol,
#30 totalVOIntCol,      #32 overallFairness,            #34 BKFairness,
#36 BEFairness,         #38 VIFairness,                 #40 VOFairness,
#42 avgTimeBtSxTxBK,    #44 avgTimeBtSxTxBE,            #46 avgTimeBtSxTxVI,
#48 avgTimeBtSxTxVO,    #50 qEmptyBK,                   #52 qEmptyBE,
#54 qEmptyVI,           #56 qEmptyVO                    #58 totalDropped,
#60 droppedBK,          #62 droppedBE                   #64 droppedVI,
#66 droppedVO
2 25923800 0 4319970 0 4320540 0 5760780 0 11522500 0 11 0 0.000113766 0 0.000113732 0 8.53133e-05 0 4.26554e-05 0 0 0 0 0 0 0 0 0 0 0 3.23985 0 0.89998 0 0.900075 0 1 0 1 0 0.0042668 0 0.00426567 0 0.00284405 0 0.0014219 0 0 0 0 0 0 0 0 0 0 0 0 0 0 0 0 0 0 0 
3 29991300 0 4677470 0 7704170 0 11006000 0 6603740 0 11 0 0.000421399 0 6.20192e-05 0 3.7215e-05 0 0.000111633 0 0 0 0 0 0 0 0 0 0 0 3.21194 0 0.746753 0 0.777778 0 0.925918 0 1 0 0.0124076 0 0.00434188 0 0.00248111 0 0.00372152 0 0 0 0 0 0 0 0 0 0 0 0 0 0 0 0 0 0 0 
4 28888100 0 4352820 0 4748250 0 7915110 0 11871900 0 21 0 0.00033626 0 0.00020699 0 0.000129364 0 0.000206911 0 0 0 0 0 0 0 0 0 0 0 2.51834 0 0.817548 0 0.899969 0 0.892778 0 0.661771 0 0.0103522 0 0.00776403 0 0.00452834 0 0.0048514 0 0 0 0 0 0 0 0 0 0 0 0 0 0 0 0 0 0 0 
5 30092600 0 4751110 0 4751360 0 11087100 0 9502970 0 22 0 0.000217203 0 0.000217172 0 0.000174474 0 0.000217177 0 0 0 0 0 0 0 0 0 0 0 2.71877 0 0.952922 0 0.952951 0 0.780545 0 0.704339 0 0.0093112 0 0.00931012 0 0.00581848 0 0.00581894 0 0 0 0 0 0 0 0 0 0 0 0 0 0 0 0 0 0 0 
6 28843100 0 4806740 0 4807150 0 12816200 0 6413030 0 40 0 0.000899894 0 0.000902069 0 0.000119292 0 0.000476716 0 0 0 0 0 0 0 0 0 0 0 2.74341 0 0.640307 0 0.639941 0 0.888934 0 0.888782 0 0.0204144 0 0.0204574 0 0.00426103 0 0.00851686 0 0 0 0 0 0 0 0 0 0 0 0 0 0 0 0 0 0 0 
7 29637400 0 6428670 0 5645520 0 6899630 0 10663600 0 42 0 0.000842979 0 0.000465862 0 0.00058714 0 0.000395992 0 0 0 0 0 0 0 0 0 0 0 2.21439 0 0.623743 0 0.79822 0 0.652399 0 0.522788 0 0.0163418 0 0.0139875 0 0.0135263 0 0.00862376 0 0 0 0 0 0 0 0 0 0 0 0 0 0 0 0 0 0 0 
8 29945400 0 7276380 0 6716780 0 6996460 0 8955820 0 45 0 0.000461375 0 0.00106287 0 0.000749091 0 0.000484492 0 0 0 0 0 0 0 0 0 0 0 2.67761 0 0.692656 0 0.612832 0 0.656518 0 0.727282 0 0.0141744 0 0.0233236 0 0.016008 0 0.0100621 0 0 0 0 0 0 0 0 0 0 0 0 0 0 0 0 0 0 0 
9 28840600 0 8011370 0 6008260 0 6008670 0 8812300 0 63 0 0.000816053 0 0.000782293 0 0.000766023 0 0.000465593 0 0 0 0 0 0 0 0 0 0 0 2.95417 0 0.658542 0 0.72474 0 0.757703 0 0.896297 0 0.0181676 0 0.018736 0 0.015335 0 0.00908941 0 0 0 0 0 0 0 0 0 0 0 0 0 0 0 0 0 0 0 
10 29689700 0 9076410 0 6461190 0 6153180 0 7998910 0 62 0 0.000574987 0 0.000903547 0 0.000784591 0 0.000598698 0 0 0 0 0 0 0 0 0 0 0 2.91235 0 0.67333 0 0.705577 0 0.769224 0 0.889486 0 0.0156441 0 0.0219655 0 0.0173067 0 0.0113165 0 0 0 0 0 0 0 0 0 0 0 0 0 0 0 0 0 0 0 
11 29715300 0 8076410 0 6705480 0 5791830 0 9141620 0 76 0 0.00119761 0 0.0010245 0 0.000969938 0 0.00058619 0 0 0 0 0 0 0 0 0 0 0 2.68203 0 0.533196 0 0.633178 0 0.800468 0 0.889273 0 0.0253509 0 0.024435 0 0.0189335 0 0.0109984 0 0 0 0 0 0 0 0 0 0 0 0 0 0 0 0 0 0 0 
12 29688400 0 6306610 0 5845810 0 7076580 0 10459400 0 81 0 0.000830391 0 0.000974977 0 0.000958471 0 0.000565509 0 0 0 0 0 0 0 0 0 0 0 3.03439 0 0.791483 0 0.742788 0 0.699789 0 0.891955 0 0.0205189 0 0.0238584 0 0.0194145 0 0.0105409 0 0 0 0 0 0 0 0 0 3 0 0 0 0 0 0 0 3 0 
13 29409700 0 6591940 0 5578420 0 5746770 0 11492600 0 94 0 0.00100507 0 0.00143196 0 0.00113564 0 0.00055891 0 0 0 0 0 0 0 0 0 0 0 2.84028 0 0.717552 0 0.533733 0 0.88932 0 0.889272 0 0.0237707 0 0.0307471 0 0.0205033 0 0.0102529 0 0 0 0 0 0 0 0 0 2 0 0 0 0 0 0 0 2 0 
14 29376400 0 5296210 0 7687370 0 6149240 0 10243600 0 113 0 0.00176751 0 0.00107601 0 0.00109454 0 0.000727789 0 0 0 0 0 0 0 0 0 0 0 2.97694 0 0.577069 0 0.672948 0 0.890351 0 0.945385 0 0.0329494 0 0.0231021 0 0.0205488 0 0.011567 0 0 0 0 0 0 0 0 0 4 0 0 0 0 0 0 0 4 0 
15 29290400 0 5962870 0 4388780 0 7717360 0 11221400 0 126 0 0.00154624 0 0.00160627 0 0.00114279 0 0.000832524 0 0 0 0 0 0 0 0 0 0 0 2.83044 0 0.611561 0 0.817379 0 0.672283 0 0.948093 0 0.0299796 0 0.0334333 0 0.0202379 0 0.0112914 0 0 0 0 0 0 0 0 0 3 0 0 0 0 0 0 0 3 0 
16 29860400 0 6204210 0 6059870 0 8365420 0 9230910 0 119 0 0.00148622 0 0.00139035 0 0.00105473 0 0.000860118 0 0 0 0 0 0 0 0 0 0 0 3.13977 0 0.684 0 0.689125 0 0.784438 0 1 0 0.0314839 0 0.0306154 0 0.0195259 0 0.0141991 0 0 0 0 0 0 0 0 0 1 0 0 0 0 0 0 0 1 0 
17 29800400 0 6342490 0 5754220 0 7670580 0 10033200 0 122 0 0.00144303 0 0.00180707 0 0.00108897 0 0.000848495 0 0 0 0 0 0 0 0 0 0 0 3.19181 0 0.675502 0 0.752001 0 0.795253 0 0.999997 0 0.0314542 0 0.0342784 0 0.0216444 0 0.0138802 0 0 0 0 0 0 0 0 0 3 0 0 0 0 0 0 0 3 0 
18 29215200 0 3947320 0 5559750 0 6809680 0 12898500 0 188 0 0.00222699 0 0.00175927 0 0.00148349 0 0.000989819 0 0 0 0 0 0 0 0 0 0 0 3.13511 0 0.896179 0 0.773987 0 0.955048 0 1 0 0.040588 0 0.0329827 0 0.022221 0 0.0114319 0 0 0 0 0 0 0 0 0 10 0 0 0 0 0 0 0 10 0 
19 29759600 0 4934780 0 5386240 0 6880790 0 12557800 0 162 0 0.00216485 0 0.00209875 0 0.00132392 0 0.000950842 0 0 0 0 0 0 0 0 0 0 0 2.89082 0 0.72529 0 0.577952 0 0.8982 0 0.928306 0 0.0411068 0 0.0399944 0 0.0244989 0 0.0129789 0 0 0 0 0 0 0 0 0 5 0 0 0 0 0 0 0 5 0 
20 29769200 0 4169070 0 5361830 0 6547460 0 13690900 0 201 0 0.00279097 0 0.00227613 0 0.00197781 0 0.00105176 0 0 0 0 0 0 0 0 0 0 0 2.72492 0 0.783938 0 0.558937 0 0.930568 0 0.911903 0 0.0460865 0 0.0422765 0 0.0261514 0 0.0127313 0 0 0 0 0 0 0 0 0 5 0 0 0 0 0 0 0 5 0 
21 29757600 0 5237230 0 5086250 0 6877430 0 12556700 0 189 0 0.00199024 0 0.00217172 0 0.00160204 0 0.0011469 0 0 0 0 0 0 0 0 0 0 0 3.19121 0 0.777402 0 0.764636 0 0.932933 0 1 0 0.0404262 0 0.0417256 0 0.0260922 0 0.0137003 0 0 0 1 0 0 0 0 0 9 0 0 0 0 0 0 0 9 0 
22 29633400 0 4058810 0 4687460 0 7172180 0 13715000 0 271 0 0.00346434 0 0.00276943 0 0.00179993 0 0.00134212 0 0 0 0 0 0 0 0 0 0 0 2.98472 0 0.768551 0 0.704458 0 0.961759 0 1 0 0.0494881 0 0.0464895 0 0.0256731 0 0.0131402 0 0 0 0 0 0 0 0 0 10 0 0 0 0 0 0 0 10 0 
23 29816400 0 4825330 0 4240180 0 7308250 0 13442700 0 225 0 0.00261713 0 0.0030111 0 0.00160561 0 0.00117475 0 0 0 0 0 0 0 0 0 0 0 3.09892 0 0.802434 0 0.891782 0 0.937065 0 1 0 0.0456816 0 0.048722 0 0.0268034 0 0.014016 0 0 0 0 0 0 0 0 0 4 0 0 0 0 0 0 0 4 0 
24 29747400 0 4337420 0 3894310 0 7172510 0 14343200 0 312 0 0.0028436 0 0.00349789 0 0.00243841 0 0.00154546 0 0 0 0 0 0 0 0 0 0 0 3.00718 0 0.898416 0 0.938886 0 0.999998 0 1 0 0.0490694 0 0.0524144 0 0.0274102 0 0.013707 0 0 0 0 0 0 0 0 0 12 0 0 0 0 0 0 0 12 0 
25 29795500 0 4112060 0 3670340 0 7341420 0 14671700 0 326 0 0.00353448 0 0.00391323 0 0.00220506 0 0.00162776 0 0 0 0 0 0 0 0 0 0 0 2.94982 0 0.922388 0 0.999996 0 0.999996 0 1 0 0.0524328 0 0.0557979 0 0.027896 0 0.0139586 0 0 0 0 0 0 0 0 0 9 0 0 0 0 0 0 0 9 0 
26 29955200 0 3871540 0 4559750 0 7176030 0 14347900 0 329 0 0.00365494 0 0.00329015 0 0.00243711 0 0.0017498 0 0 0 0 0 0 0 0 0 0 0 2.99524 0 0.942483 0 0.789954 0 0.999999 0 1 0 0.0569625 0 0.0530393 0 0.0296804 0 0.0148446 0 0 0 0 0 0 0 1 0 9 0 0 0 0 0 0 0 9 0 
27 29916000 0 3743250 0 3745870 0 7480850 0 14946100 0 657 0 0.00579034 0 0.00572046 0 0.00375379 0 0.00345748 0 0 0 0 0 0 0 0 0 0 0 2.91149 0 0.999974 0 0.999981 0 0.999993 0 0.999999 0 0.0590896 0 0.0590474 0 0.0295656 0 0.0147985 0 0 0 0 0 0 0 0 0 14 0 0 0 0 0 0 0 14 0 
28 29934100 0 3745220 0 3740390 0 7487570 0 14960900 0 1403 0 0.00979232 0 0.0112004 0 0.00761099 0 0.00742406 0 0 0 0 0 0 0 0 0 0 0 2.91009 0 0.999973 0 0.999961 0 0.999996 0 0.999996 0 0.0612463 0 0.0613256 0 0.0306334 0 0.0153312 0 0 0 0 0 0 0 1 0 18 0 0 0 0 0 0 0 18 0 
29 30106300 0 3879160 0 3748250 0 7496500 0 14982300 0 439 0 0.00448056 0 0.00461288 0 0.00278978 0 0.00230751 0 0 0 0 0 0 0 0 0 0 0 2.92161 0 0.969776 0 0.99999 0 0.999998 0 0.999999 0 0.0622628 0 0.0633806 0 0.0316895 0 0.0158558 0 0 0 0 0 0 0 0 0 20 0 0 0 0 0 0 0 20 0 
30 28856400 0 3561140 0 3566800 0 7239520 0 14488900 0 15374 0 0.095831 0 0.0954696 0 0.0786115 0 0.0775397 0 0 0 0 0 0 0 0 0 0 0 2.8937 0 0.999866 0 0.999854 0 0.999949 0 0.99995 0 0.0690204 0 0.0689115 0 0.0339483 0 0.0169625 0 0 0 0 0 0 0 0 0 119 0 0 0 0 0 0 0 119 0 
31 27253700 0 3287120 0 3319480 0 6897750 0 13749400 0 34405 0 0.20624 0 0.199453 0 0.164774 0 0.167239 0 0 0 0 0 0 0 0 0 0 0 2.87353 0 0.999658 0 0.999633 0 0.999832 0 0.999885 0 0.0772824 0 0.0765304 0 0.0368221 0 0.0184719 0 0 0 0 0 0 0 0 0 293 0 0 0 0 0 0 0 293 0 
32 26644400 0 3202660 0 3213800 0 6741200 0 13486700 0 42163 0 0.243512 0 0.240985 0 0.202374 0 0.200623 0 0 0 0 0 0 0 0 0 0 0 2.86307 0 0.999746 0 0.999505 0 0.999802 0 0.999884 0 0.0818714 0 0.0816066 0 0.0388922 0 0.0194384 0 0 0 0 0 0 0 0 0 352 0 0 0 0 0 0 0 352 0 
33 26322800 0 3158020 0 3178000 0 6671240 0 13315500 0 46592 0 0.263038 0 0.260425 0 0.220881 0 0.221142 0 0 0 0 0 0 0 0 0 0 0 2.86409 0 0.999399 0 0.999466 0 0.999779 0 0.999888 0 0.0856528 0 0.085109 0 0.040531 0 0.0203043 0 0 0 0 0 0 0 0 0 483 0 0 0 0 0 0 0 483 0 
34 25994400 0 3113210 0 3121810 0 6577770 0 13181700 0 51072 0 0.284304 0 0.283515 0 0.242248 0 0.239208 0 0 0 0 0 0 0 0 0 0 0 2.85715 0 0.999551 0 0.999383 0 0.9998 0 0.999897 0 0.0895059 0 0.0892744 0 0.0423508 0 0.0211316 0 0 0 0 0 0 0 0 0 563 0 0 0 0 0 0 0 563 0 
35 25654600 0 3070610 0 3065690 0 6519600 0 12998700 0 55630 0 0.301664 0 0.304536 0 0.2591 0 0.26032 0 0 0 0 0 0 0 0 0 0 0 2.85724 0 0.999317 0 0.999497 0 0.999798 0 0.999825 0 0.0934387 0 0.0935689 0 0.0439848 0 0.0220605 0 0 0 0 0 0 0 0 0 633 0 0 0 0 0 0 0 633 0 
36 25338200 0 3011220 0 3025390 0 6417040 0 12884500 0 59886 0 0.324278 0 0.321676 0 0.280579 0 0.276497 0 0 0 0 0 0 0 0 0 0 0 2.84746 0 0.999052 0 0.999536 0 0.999586 0 0.999806 0 0.0980311 0 0.0975234 0 0.0459752 0 0.0228924 0 0 0 0 0 0 0 0 0 739 0 0 0 0 0 0 0 739 0 
37 25063300 0 3003020 0 2982540 0 6371740 0 12706000 0 63695 0 0.336279 0 0.339429 0 0.293105 0 0.294288 0 0 0 0 0 0 0 0 0 0 0 2.85497 0 0.999151 0 0.999197 0 0.999626 0 0.999743 0 0.101019 0 0.101707 0 0.0475855 0 0.0238602 0 0 0 0 0 0 0 0 0 818 0 0 0 0 0 0 0 818 0 
38 24653400 0 2930440 0 2945520 0 6238370 0 12539100 0 69027 0 0.361868 0 0.358426 0 0.317185 0 0.314803 0 0 0 0 0 0 0 0 0 0 0 2.84733 0 0.999474 0 0.999291 0 0.999666 0 0.999828 0 0.106284 0 0.105758 0 0.0499147 0 0.0248293 0 0 0 0 0 0 0 0 0 953 0 0 0 0 0 0 0 953 0 
39 24315200 0 2904060 0 2895380 0 6153910 0 12361900 0 73456 0 0.375331 0 0.378786 0 0.336906 0 0.332338 0 0 0 0 0 0 0 0 0 0 0 2.84852 0 0.999461 0 0.999421 0 0.999549 0 0.999824 0 0.110072 0 0.110407 0 0.0519371 0 0.025848 0 0 0 0 0 0 0 0 0 1100 0 0 0 0 0 0 0 1100 0 
40 23977100 0 2845250 0 2833610 0 6046350 0 12251900 0 77912 0 0.396573 0 0.398435 0 0.356654 0 0.347564 0 0 0 0 0 0 0 0 0 0 0 2.83411 0 0.999465 0 0.99927 0 0.999657 0 0.99976 0 0.115227 0 0.115722 0 0.0542122 0 0.0267511 0 0 0 0 0 0 0 0 0 1217 0 0 0 0 0 0 0 1217 0 
41 23803600 0 2826900 0 2827880 0 6010550 0 12138300 0 80453 0 0.406482 0 0.405491 0 0.366009 0 0.358565 0 0 0 0 0 0 0 0 0 0 0 2.84004 0 0.999332 0 0.999242 0 0.999566 0 0.999806 0 0.118892 0 0.118861 0 0.0559013 0 0.0276749 0 0 0 0 0 0 0 0 0 1356 0 0 0 0 0 0 0 1356 0 
42 23499900 0 2772660 0 2791590 0 5933880 0 12001800 0 84487 0 0.423368 0 0.419309 0 0.381669 0 0.37356 0 0 0 0 0 0 0 0 0 0 0 2.83526 0 0.999194 0 0.99923 0 0.999552 0 0.99989 0 0.12419 0 0.123343 0 0.0580077 0 0.0286702 0 0 0 0 0 0 0 0 0 1504 0 0 0 0 0 0 0 1504 0 
43 23175200 0 2753170 0 2741860 0 5854820 0 11825300 0 88725 0 0.433975 0 0.437388 0 0.396952 0 0.391031 0 0 0 0 0 0 0 0 0 0 0 2.83765 0 0.999489 0 0.999114 0 0.999573 0 0.999768 0 0.12801 0 0.128586 0 0.0601903 0 0.0297947 0 0 0 0 0 0 0 0 0 1787 0 0 0 0 0 0 0 1787 0 
44 22908900 0 2705410 0 2721870 0 5785440 0 11696200 0 92288 0 0.450699 0 0.44775 0 0.411848 0 0.403105 0 0 0 0 0 0 0 0 0 0 0 2.83605 0 0.999307 0 0.999328 0 0.99958 0 0.999794 0 0.133323 0 0.132516 0 0.0623283 0 0.0308228 0 0 0 0 0 0 0 0 0 1916 0 0 0 0 0 0 0 1916 0 
45 22630400 0 2706550 0 2680910 0 5701960 0 11541000 0 95927 0 0.456739 0 0.461252 0 0.426046 0 0.418386 0 0 0 0 0 0 0 0 0 0 0 2.84061 0 0.998993 0 0.998896 0 0.999572 0 0.999683 0 0.136339 0 0.137657 0 0.064678 0 0.0319516 0 0 0 0 0 0 0 0 0 2007 0 0 0 0 0 0 0 2007 0 
46 22445300 0 2668630 0 2659450 0 5644210 0 11473000 0 98555 0 0.468587 0 0.46948 0 0.436539 0 0.426663 0 0 0 0 0 0 0 0 0 0 0 2.8344 0 0.998943 0 0.999182 0 0.999641 0 0.999727 0 0.141358 0 0.141809 0 0.0667877 0 0.0328537 0 0 0 0 0 0 0 0 0 2288 0 0 0 0 0 0 0 2288 0 
47 22173600 0 2619310 0 2629550 0 5602670 0 11322100 0 102117 0 0.484105 0 0.482182 0 0.446617 0 0.43939 0 0 0 0 0 0 0 0 0 0 0 2.83514 0 0.999269 0 0.999011 0 0.999505 0 0.999708 0 0.1471 0 0.146567 0 0.0687545 0 0.0340159 0 0 0 0 0 0 0 0 0 2428 0 0 0 0 0 0 0 2428 0 
48 21868800 0 2593340 0 2597770 0 5492900 0 11184800 0 106076 0 0.494001 0 0.494057 0 0.463151 0 0.453202 0 0 0 0 0 0 0 0 0 0 0 2.83295 0 0.998937 0 0.998736 0 0.999287 0 0.99974 0 0.151785 0 0.151557 0 0.0716322 0 0.0351639 0 0 0 0 0 0 0 1 0 2757 0 0 0 0 0 0 0 2757 0 
49 21702400 0 2547060 0 2586540 0 5440060 0 11128800 0 108379 0 0.508435 0 0.50062 0 0.473139 0 0.460508 0 0 0 0 0 0 0 0 0 0 0 2.82574 0 0.999009 0 0.998461 0 0.999465 0 0.999788 0 0.157748 0 0.155426 0 0.073824 0 0.0360757 0 0 0 0 0 0 0 0 0 3004 0 0 0 0 0 0 0 3004 0 
50 21479800 0 2553770 0 2541400 0 5390750 0 10993800 0 111363 0 0.510526 0 0.514288 0 0.482033 0 0.472442 0 0 0 0 0 0 0 0 0 0 0 2.83119 0 0.999075 0 0.999132 0 0.999379 0 0.999764 0 0.160534 0 0.161306 0 0.0760278 0 0.0372653 0 0 0 0 0 0 0 0 0 3106 0 0 0 0 0 0 0 3106 0 
