#1 Nodes,             #2 AvgThroughput,               #4 totalBKThroughput, 
#6 totalBEThroughput,   #8 totalVIThroughput,           #10 totalVOThroughput,
#12 totalCollisions,    #14 totalBKCollisions,          #16 totalBECollisions,
#18 totalVICollisions,  #20 TotalVOCollisions,          #22 totalInternalCollisions,    
#24 totalBKIntCol,      #26 totalBEIntCol,              #28 totalVIIntCol,
#30 totalVOIntCol,      #32 overallFairness,            #34 BKFairness,
#36 BEFairness,         #38 VIFairness,                 #40 VOFairness,
#42 avgTimeBtSxTxBK,    #44 avgTimeBtSxTxBE,            #46 avgTimeBtSxTxVI,
#48 avgTimeBtSxTxVO,    #50 qEmptyBK,                   #52 qEmptyBE,
#54 qEmptyVI,           #56 qEmptyVO                    #58 totalDropped,
#60 droppedBK,          #62 droppedBE                   #64 droppedVI,
#66 droppedVO
2 19993695 22511.2521864067 7995129 17518.4419683943 5989029 12667.7665355816 3005808.5 9862.44152073917 3003727.5 11198.8976578054 5575.95 65.8205704928178 0.041249765 0.000725435654124471 0.04338691 0.000483938692294799 0.05294531 0.00108825111114117 0.05073392 0.00131272796747841 0 0 0 0 0 0 0 0 0 0 3.392007 0.00293846745770646 0.9999901 1.3041855696176e-05 0.9999871 1.86142418593969e-05 0.9999717 3.61387603550577e-05 0.99995915 4.67036133505756e-05 0.000827984 3.16820859477403e-06 0.0008473066 3.11145391095545e-06 0.0005801632 3.06211847582682e-06 0.0004263681 1.31374951569925e-06 57253.8 240.184012790194 49362.25 141.059163119593 32135.25 109.726876835167 33118.8 135.627283390917 0.05 0.217944947177034 0 0 0 0 0.05 0.217944947177034 0 0 
3 29997455 56923.6020908726 11994725 27428.5777064725 8995008.5 25631.0148599309 4503531.5 21016.9444199198 4504178 21591.4111627749 22275.15 145.163450978543 0.13413295 0.00112850349910844 0.14377325 0.00107130125898367 0.17945645 0.00164830559894093 0.1868391 0.00175597568035551 0 0 0 0 0 0 0 0 0 0 3.391042 0.00335935648599548 0.99998545 1.60046087112363e-05 0.99998045 1.29787326037758e-05 0.99995085 5.15938707600059e-05 0.9999623 4.57614466554506e-05 0.003860792 5.89034001225737e-05 0.0028402745 2.30817309738676e-05 0.0013481675 7.63430931715502e-06 0.0008329392 3.8997586668921e-06 18925.7 374.203701210985 31044.35 261.947757195972 40051.05 166.242736683441 44333.3 206.440330362069 5.8 2.48193472919817 0 0 0 0 0.55 0.739932429347437 5.25 2.3425413550245 
4 37784735 86159.6905461017 13786585 90164.5510996423 11992315 21179.8081908217 5999915.5 15019.6286488714 6005908 13386.7515103553 25505.35 146.613531094507 0.1392851 0.00590210449670285 0.17752425 0.00190582163055728 0.25392715 0.00140532769399168 0.29744795 0.0020046904368256 0 0 0 0 0 0 0 0 0 0 3.5166125 0.0055944971847343 0.99990845 8.33579480313671e-05 0.99997375 1.81104251744596e-05 0.9999669 2.46939263787769e-05 0.99995675 3.04464694176541e-05 0.074904925 0.000679460185643722 0.01443012 0.000429561555076801 0.002365613 2.11243968197911e-05 0.001462568 1.33772192925137e-05 9.15 4.84019627701191 5090.95 203.349815588803 39056.15 200.430106271488 46995.1 160.639938994012 52.7 9.36536171218176 0 0 0 0 0.95 0.973396116696589 51.75 9.37483333185182 
5 37255585 1056784.18812689 11143740 530721.487599664 11145655 553900.485173104 7503249 16629.7266664248 7462925 17952.0780134223 40399.25 1292.17513809081 0.143425845 0.0804036482776713 0.143956445 0.0824073238504471 0.3595901 0.0125303929942361 0.420594 0.0197726146121346 0 0 0 0 0 0 0 0 0 0 3.849173 0.0340851313771856 0.9996379 0.000240543738226541 0.9995766 0.000438295836165485 0.9999638 1.73597235001079e-05 0.99995675 3.05857401414404e-05 0.1168869 0.00560201519901544 0.11668085 0.00565618676561338 0.004376134 0.000380964431730838 0.00260793 0.000246342324073635 2.8 1.86010752377383 6.5 2.26936114358204 32418.75 2380.32615149689 47063.2 1929.626456079 483.25 126.004712213472 0 0 0 0 5.7 3.52278299076171 477.55 124.045747609501 
6 29606265 733545.358703196 5919936 422129.512619054 5909672 457107.794864625 8978787.5 108464.988999907 8797868.5 35472.1881584714 63878.65 595.643120920573 0.4697574 0.0610533454721361 0.4688457 0.065234303903008 0.4790316 0.00770117299766731 0.52737705 0.0116674169698139 0 0 0 0 0 0 0 0 0 0 3.8367085 0.0359898076231313 0.9985535 0.000575470720367253 0.9981698 0.00155467593407758 0.99994785 2.85416800486405e-05 0.9999586 1.71417618697711e-05 0.2648959 0.0151315948296933 0.2653335 0.0157965521886898 0.008163707 0.000539721430333278 0.0044173775 0.000341779938028478 1.85 1.38834433769148 3.05 1.65755844542508 14501.45 2301.19200578744 41661.2 2474.75001969896 2418.25 438.933693739726 0 0 0 0 33 6.37965516309463 2385.25 440.324070997714 
7 23559725 98835.0488187262 3296816.5 58990.4495893191 3302268.5 68427.9660866082 7296508 45465.7037336936 9664139 25467.8224235995 90789.45 290.808093938253 0.67640535 0.00552759205509053 0.6753657 0.00675923712485367 0.635611 0.00187860477482626 0.65518815 0.00129773180106676 0 0 0 0 0 0 0 0 0 0 3.294063 0.013560399735996 0.9967756 0.00190527660459053 0.9964153 0.00188456279014523 0.9998829 5.35713542856497e-05 0.9999544 3.17165571902134e-05 0.55226905 0.00938471627421416 0.5507894 0.0113472841526067 0.015715945 9.73804316841943e-05 0.0080452045 4.80210358566951e-05 1.7 1.22882057274445 3.2 1.36381816969859 11.85 5.54323912527684 22688.15 296.916701281689 10168.9 111.779649310597 0 0 0 0 57.8 8.12157620169878 10111.1 110.50923038371 
8 19018505 73691.379923299 2265714 69658.3837308906 2251137 56469.3668372508 4719250.5 32540.6673986567 9782402.5 21018.9135958546 111826.7 248.456454937279 0.77754345 0.00706040446769871 0.7792829 0.00560588012626028 0.76324845 0.00152035425066003 0.7445974 0.000858155428812293 0 0 0 0 0 0 0 0 0 0 2.8200255 0.0162811174294027 0.99229865 0.00265223138649326 0.9934736 0.0044430255164696 0.99977085 0.000115285417551396 0.9999191 3.81141705931062e-05 0.91944065 0.0269384506371005 0.9265643 0.0238385109876855 0.0277757 0.000192978757898376 0.01303703 7.09522945365405e-05 1.45 0.864580823289529 2.3 1.51986841535707 6.05 2.0850659461993 1886.6 292.750303159536 26570.2 231.827867177352 0 0 0 0 9.5 3.57071421427143 26560.7 233.910901840851 
9 16551135 65420.6716183807 1970703.5 44571.76788899 1969123.5 66008.2660183556 4023858 26816.621450138 8587448.5 33935.9127289955 123704.65 210.802342254539 0.8207702 0.00415334979986036 0.82065805 0.00542710496005927 0.8118294 0.00124660175677721 0.7958297 0.000782477354304916 0 0 0 0 0 0 0 0 0 0 2.801245 0.0208455317754189 0.9910972 0.00393732238456542 0.9903097 0.00451376766238583 0.9997067 0.000105413519057088 0.9998481 8.87073277694655e-05 1.1941025 0.0286481850864937 1.19415 0.0376638201726803 0.036648995 0.000244221613447705 0.017162535 6.70654476984981e-05 1.45 1.07121426428143 1.85 1.58981130955846 5.9 2.89654967159205 43.5 17.6762552595282 37663.45 210.141493998687 0 0 0 0 0.05 0.217944947177034 37663.4 210.195242572233 
10 14516575 81435.3109836268 1746202 41015.2972194522 1746596 45823.4001793843 3537183 20676.2465404144 7486599 26907.2963896412 133524.15 296.33516075552 0.85255295 0.00325855488637219 0.85142995 0.00417543803061428 0.8462165 0.000913110699751144 0.83433305 0.000722941593422303 0 0 0 0 0 0 0 0 0 0 2.818736 0.0183171319807441 0.98715345 0.00633336839663539 0.9870411 0.00504251375704618 0.99960255 0.000197042755512605 0.999797 0.000129846062705037 1.5061745 0.0342889758486602 1.5001545 0.0384691248243315 0.046330055 0.000272626045114916 0.02188209 7.88273296515873e-05 1.05 1.07121426428143 1.8 1.53622914957372 4.1 1.4456832294801 18.65 4.74631435958471 48180.4 248.318625962693 0 0 0 0 0.2 0.6 48180.2 248.199637388937 
11 12679865 79394.3970000402 1561345.5 62658.2034912429 1531998.5 49706.6812687188 3081867 20143.1112542229 6504657.5 37687.8611591319 142299.25 247.098538036954 0.87672485 0.00506279912968113 0.87858345 0.00406559852266552 0.87489695 0.000797359170951219 0.8656814 0.000646135388289478 0 0 0 0 0 0 0 0 0 0 2.8360245 0.0317508381739758 0.98567045 0.00487147322147008 0.98286475 0.00682315188072933 0.9994459 0.000268387946823242 0.9997509 0.000121402594700448 1.855233 0.0743701510755491 1.8935045 0.0584491738585756 0.05850303 0.000386673989427787 0.02770779 0.000159979642142367 1.05 1.07121426428143 1.75 1.25996031683542 4 1.84390889145858 12.15 4.33906671992953 58960.5 163.803693487052 0 0 0 0 0.1 0.3 58960.4 163.729777377238 
12 11061195 81089.5336957859 1370471.5 48066.5570095259 1350348 52060.7661872163 2696160 24112.8301947324 5644202 31632.1165273524 149953.8 347.517136268127 0.8983789 0.00369235193203466 0.89994685 0.00405202763163086 0.8974902 0.000838124847501844 0.8908262 0.000576610665874294 0 0 0 0 0 0 0 0 0 0 2.8510965 0.0274727951390098 0.9837816 0.00652386106075229 0.98072105 0.00813361584705718 0.99940355 0.000220680645957008 0.9997017 0.000139866758023492 2.307027 0.0869997813847828 2.346525 0.0971582160962211 0.07295768 0.000651099297803336 0.03483659 0.000195434316075759 1.35 1.31434394280949 1.25 0.887411967464942 2.8 1.69115345252878 10.35 3.08666486681013 69837.05 259.674310435206 0 0 0 0 0.1 0.435889894354067 69836.95 259.634257177284 
13 9657650.5 53157.6420164589 1212232 53654.0450106047 1189207.5 36197.9584887049 2355248.5 19782.7066588473 4900962 31497.4350701767 156737.05 331.545091201785 0.91578025 0.00353851735724158 0.9171249 0.00284098648184041 0.9159471 0.000740932986173522 0.9109825 0.000579425189304019 0 0 0 0 0 0 0 0 0 0 2.8667025 0.0200946457731904 0.97539475 0.00767624405471191 0.9785652 0.0090813262115178 0.9991327 0.000269627539394625 0.99964915 9.87148798307492e-05 2.8548155 0.138018938246713 2.891925 0.0950200366501718 0.090501245 0.000758814640393159 0.04346622 0.000280099892181343 1.1 0.830662386291807 1.2 0.92736184954957 2.25 1.29903810567666 8.75 2.21076909694341 80580.95 238.787243168474 0 0 0 0 0.25 0.433012701892219 80580.7 238.848299135665 
14 8367759 78683.3877575184 1056853.45 60231.8053693188 1031748.9 42544.8808117969 2051928 18444.8311458793 4227228 19218.4850079292 162701.65 419.499138854897 0.93060085 0.003884688922874 0.9326304 0.00275901706047643 0.9309888 0.000583905095028297 0.92765755 0.000266004976457211 0 0 0 0 0 0 0 0 0 0 2.8761925 0.0440185943522735 0.97116135 0.0086323351144114 0.97093515 0.00930115955822176 0.99914185 0.000361460409312013 0.99948535 0.000188843923651257 3.5462505 0.205863591425852 3.625979 0.144433940744549 0.11186595 0.000983704959578838 0.054278195 0.000249272600730606 1.3 1.38202749610853 0.9 1.04403065089106 2.3 1.41774468787578 8.5 2.67394839142419 91288.3 288.275059621883 0 0 0 0 0.25 0.433012701892219 91288.05 288.347095528982 
15 7280513.5 65317.6256668137 918036.6 35264.5613192621 921862.1 54373.8992310649 1779360.5 16615.7110816841 3661255 21386.6099464127 167991.15 361.222407250713 0.9431076 0.00219616386911361 0.94309805 0.00323554133762806 0.9435196 0.000507854546105476 0.94087945 0.000321838853310164 0 0 0 0 0 0 0 0 0 0 2.8898495 0.0263848419504457 0.9641055 0.0118925026613409 0.96625315 0.0120244001982427 0.9988624 0.000267403702292997 0.99932965 0.000258309557508028 4.402914 0.188531646717468 4.383897 0.261701510773247 0.13825645 0.00128549486482832 0.0671548 0.000395304289124213 0.75 0.766485485837795 0.95 1.02347447452294 2.45 1.5644487847162 7.25 2.60528309402261 101735.45 266.177098000561 0 0 0 0 0.45 0.58949130612758 101735 266.026314487872 
16 6264319 61068.0233755768 784695.3 28622.5964512306 791969.8 40767.9095681886 1539862 15832.4734643706 3147792.5 23058.7334593642 172594.15 374.31220591907 0.95406085 0.00154952890502244 0.953672 0.00241010717604011 0.95376975 0.000462191180681758 0.9518894 0.000349701072346072 0 0 0 0 0 0 0 0 0 0 2.886007 0.0330865496992358 0.95501155 0.0117659810703358 0.954117 0.0209484310844512 0.9983579 0.00050331351064718 0.99915225 0.000197462623045477 5.5359945 0.205878248085489 5.541826 0.354266803149829 0.1704976 0.00175190785716601 0.08333632 0.000617170070239963 1.05 0.864580823289529 1.15 1.38834433769148 2.15 0.909670269933013 6.15 2.19715725427198 111985.9 301.943521208851 0 0 0 0 0.2 0.4 111985.7 301.795145752877 
17 5393527 47175.2429882454 676978.6 35016.4299499535 667926.5 46590.7231790836 1336304 13595.5803112629 2712317.5 17794.5853772995 176627.05 304.372054400531 0.9622852 0.00212034748567304 0.96281505 0.0024077203424609 0.9619508 0.000388684139115563 0.9606907 0.000209127736084908 0 0 0 0 0 0 0 0 0 0 2.875795 0.0396071102833822 0.9444378 0.0167424953176042 0.9395509 0.0222298943270093 0.99829045 0.000797292385201313 0.9991925 0.00023035005969177 6.897445 0.310305090604392 7.1146065 0.580315093576541 0.2087594 0.00205072846569213 0.10274895 0.00067506432841619 1.1 1.04403065089106 1.05 1.11691539518443 2 0.836660026534076 6.05 1.59608896995124 122016.8 227.091523399708 0 0 0 0 0.65 1.10792599030802 122016.15 227.6752676511 
18 4664349 54471.2601194428 593227.8 41582.4123092925 588320.8 36670.0093654201 1155669.5 10972.1736565732 2327130.5 18971.4368130092 179997.6 402.031018703781 0.9686156 0.00237496638713056 0.9690558 0.00184149850936677 0.96871595 0.000302361782472592 0.967926 0.00026106474292788 0 0 0 0 0 0 0 0 0 0 2.895227 0.040582444985486 0.9353458 0.0241930065754548 0.9285145 0.0174432028638665 0.99754375 0.000683860137381904 0.99865165 0.000470510709229868 8.478326 0.668029580627984 8.7228535 0.517489997326277 0.25576375 0.00252066917454473 0.12687115 0.00100825295809137 0.7 0.714142842854285 0.7 1.00498756211209 2.45 1.32193040664023 6.15 2.21979728804231 131695.35 298.557075782839 0 0 0 0 1.25 1.44481832767999 131694.1 298.64358355739 
19 4019896 52599.2805464105 512991.3 30212.2538618025 513482.8 42672.5221209152 993144.85 13690.9513302582 2000278 16450.888912153 183132.85 485.554453691859 0.9741607 0.00161117652974464 0.97420135 0.00223765775477395 0.97442235 0.000363126049051846 0.97376645 0.000214562688974563 0 0 0 0 0 0 0 0 0 0 2.900129 0.0470733517927076 0.9161094 0.0297551514840708 0.92277455 0.0202874566677911 0.99733915 0.00112360029703626 0.9985127 0.000503919150261223 10.702608 1.00262217866752 10.609967 0.902737966345163 0.31426445 0.00444201000083295 0.15582205 0.00126828878710647 0.8 0.871779788708135 1 1 1.6 1.06770782520313 6.1 1.67032930884901 141373.2 417.868711439371 0 0 0 0 1.35 1.52561463023924 141371.85 417.673230528364 
20 3441708.5 48186.2892610543 445145.05 31681.0852378434 435458.15 26102.3998940232 851435.45 10693.1852058916 1709670.5 11192.0138826755 185745.35 347.204590263435 0.97855975 0.00145976018150242 0.9791602 0.00118722519346582 0.9790619 0.000252953928611509 0.9786043 0.000138417159340883 0 0 0 0 0 0 0 0 0 0 2.896864 0.0481126136683511 0.9071754 0.0368374515912814 0.8933348 0.0277598321367403 0.9962359 0.000809152204470825 0.99803635 0.000573235577664183 13.33772 1.75675014632133 13.888135 1.31678522101176 0.3862544 0.00492025948909201 0.19199 0.0012659539091136 0.4 0.58309518948453 0.7 0.781024967590665 1.65 1.01365674663566 5.6 1.77200451466693 150731.55 317.389740697459 0 0 0 0 1.65 1.85135085815736 150729.9 318.198821493732 
21 2956356 47619.8296301026 376344.6 25693.1756414033 390168.6 29002.6614251175 728977.35 8618.58822125178 1460863 18495.6403241413 188013 339.452500359034 0.9826339 0.00117278535546791 0.9820036 0.00140500891100377 0.9828672 0.000190661637462805 0.982519 0.000205169442169158 0 0 0 0 0 0 0 0 0 0 2.9073905 0.0576898484549059 0.8855285 0.0305375032975847 0.88483535 0.0352490423788718 0.9954758 0.00150036567542717 0.99782125 0.000699418678260729 17.272735 1.99585870498766 16.604485 2.30826257979351 0.474092 0.00583347760773966 0.23600065 0.00300064455200879 0.9 0.94339811320566 0.85 1.01365674663566 1.4 0.916515138991168 4.6 1.77200451466693 159887.3 303.469454805587 0 0 0 0 1.4 1.24096736459909 159885.9 303.741979317973 
22 2514342 42946.1569409883 325754.95 29397.2174915841 318050.35 24975.1119082077 622927.8 7598.97213180835 1247610 11469.7776787521 190041.6 383.324327430441 0.9856185 0.00130014589565941 0.98600665 0.00106998996607445 0.98598865 0.000170693665670401 0.9857183 0.000125537285298041 0 0 0 0 0 0 0 0 0 0 2.879769 0.0635363459682724 0.84930005 0.0326616084730606 0.86029 0.0340225573833009 0.99476385 0.00156960664738016 0.9971993 0.000789673483156174 21.758305 3.00645753927691 22.518355 2.39030877199474 0.58155595 0.0070706191629517 0.2896388 0.00275974333226842 0.6 0.860232526704263 0.35 0.57227615711298 1.8 1.46969384566991 5.65 1.65151445649137 169100.4 367.477400665674 0 0 0 0 2.55 2.88920404263873 169097.85 366.897298300219 
23 2138784 32992.1001756481 272375.8 30684.7817860906 271233 17248.2369939655 532574.1 10371.063686527 1062601 15209.2747690348 191681.95 334.429884280696 0.9883418 0.00135913842562118 0.98849355 0.000735728786646277 0.98851045 0.000218298528396328 0.98833085 0.000166799063246781 0 0 0 0 0 0 0 0 0 0 2.8611065 0.079802126054072 0.8225178 0.044687289851366 0.8259228 0.0518085719882338 0.9930097 0.00228950117056096 0.99665005 0.000888916726977289 28.66808 5.26199300784408 29.18356 4.07090726772301 0.71259215 0.0146482084989087 0.35573845 0.00520021657698023 0.7 1.00498756211209 0.55 0.973396116696589 1.45 1.11691539518443 6.05 1.77411949992102 177890.45 349.265869360291 0 0 0 0 3.25 4.01092258713628 177887.2 348.794581379929 
24 1827544.5 39598.7173371815 240087.05 22534.292033421 231559.1 29795.6463965795 452108.25 9770.51755474089 903790.6 13507.5893237839 193194.35 393.530211673767 0.9902256 0.000939808884827131 0.99053725 0.00123875888997819 0.99063515 0.000202617441253213 0.9904729 0.00013856871941387 0 0 0 0 0 0 0 0 0 0 2.8657715 0.0850158595366182 0.8124084 0.0577165321917386 0.8022025 0.0526475379324618 0.9922166 0.00187831252458156 0.9964422 0.00114201276700393 34.66306 4.94881896763258 35.936305 5.10192483563557 0.8767483 0.0186318684841322 0.4365447 0.00630571155461459 0.65 0.57227615711298 0.45 0.58949130612758 1.1 0.830662386291808 4.95 1.59608896995124 186764.45 379.083430790637 0 0 0 0 5.7 4.67011777153425 186758.75 380.246745548203 
25 1552347.5 33377.7689300828 200531.9 22351.5814963953 194035.65 14814.3473642108 389328.9 8385.42515260854 768450.55 13610.7565494171 194505.85 495.18423591629 0.99212385 0.00082147582283351 0.9923467 0.000549402411716575 0.9922488 0.000168517536179477 0.99221265 0.000135827197202913 0 0 0 0 0 0 0 0 0 0 2.8367245 0.0661075055099646 0.76478915 0.0702801404418596 0.76718825 0.0558547540804496 0.99022115 0.00352850186729439 0.9950949 0.000933707550574601 42.837275 4.74534188703775 44.332295 3.94315853491525 1.0626475 0.0235666910861495 0.5355487 0.00953126953820948 0.6 0.860232526704263 0.8 0.812403840463596 1.2 0.979795897113271 5.5 2.2248595461287 195482.55 488.672126788504 0 0 0 0 3.15 3.63696301878367 195479.4 488.680611442689 
26 1319411.5 29702.4824341333 175345.7 20705.284929457 164864 13919.3069619144 326238.3 6599.58993498838 652963.8 11364.5868715057 195642.55 452.955237854691 0.9932959 0.000768500481457223 0.9937378 0.000510434187726492 0.99374375 0.000132502405638549 0.9936286 0.000118485188947823 0 0 0 0 0 0 0 0 0 0 2.8198455 0.0667673490918278 0.7226833 0.0583470366643414 0.73167885 0.0554599010351398 0.98769075 0.00365447691024309 0.99359665 0.00171140741131386 51.59731 5.90641594132178 52.668765 4.5648823826332 1.3223595 0.0272053037981567 0.6564458 0.0114774430845899 0.9 0.7 0.7 0.842614977317636 1.35 1.15217186218029 4.95 1.53215534460446 204111.3 493.975718026706 0 0 0 0 4.65 5.67692698561466 204106.65 495.823282531186 
27 1113714 24335.8775062663 142966.7 21661.4572642286 141017.05 17276.2431143898 277233.65 7250.33945601859 552497.2 10685.0476676522 196547.7 419.88761591645 0.99473905 0.000796514875881178 0.99483665 0.000609117334755797 0.9948728 0.000137288965324973 0.9948009 9.53634626049191e-05 0 0 0 0 0 0 0 0 0 0 2.784133 0.0689017951943198 0.69274295 0.0696255311035219 0.6744439 0.0534690875645919 0.98507525 0.00433693104481729 0.99228625 0.00237577178775656 60.28444 6.62960904974041 62.80078 5.66982272082646 1.621095 0.046944014474691 0.80678345 0.0161500683480752 0.4 0.58309518948453 0.85 0.792148975887743 1.3 0.9 4.6 1.56204993518133 212548.25 519.108647105787 0 0 0.05 0.217944947177034 10.45 8.29141121884568 212537.75 522.366238859289 
28 955522.9 26811.686330591 124956.74 18979.3083241829 123551.79 16384.4380579225 236892.15 5805.24771456826 470122.55 8845.14710151844 197367.2 412.069848448051 0.99555695 0.000629379652912286 0.9956171 0.000565909347864121 0.99577465 0.000105210396349406 0.99573095 7.87835484095552e-05 0 0 0 0 0 0 0 0 0 0 2.778414 0.0837280444295697 0.63801005 0.0712721516775486 0.66974085 0.0515329034668871 0.9790233 0.00375556860009241 0.9900262 0.00339798739844633 68.44306 5.31916507681422 68.48285 5.87629648379828 1.979797 0.0501146107537513 0.9857035 0.0197120144366323 0.6 0.8 0.2 0.509901951359279 1.05 0.804673846971554 5.05 1.88348082018374 221070.9 476.199737505178 0 0 0 0 7.5 8.21279489577087 221063.4 479.345324374818 
29 813092.75 22639.9488755496 107552.72 16167.4663372651 105664.53 17169.2152908076 200466.35 6289.49609487914 399409.15 6244.65489258614 198020.55 516.884268961631 0.9962432 0.000589691495614434 0.99640135 0.000575107492126476 0.99654405 0.000105954931456732 0.9964951 5.75663964479407e-05 0 0 0 0 0 0 0 0 0 0 2.7334565 0.0905750869320588 0.58698885 0.075664869582439 0.58577865 0.0845511482407394 0.978232 0.003854960881773 0.98853995 0.002894451337905 73.96927 5.97846371479329 75.12204 5.27910379395973 2.4259115 0.0777165963790875 1.203289 0.0198654956897632 0.35 0.653834841531101 0.35 0.57227615711298 1.15 0.852936105461599 4.5 1.59687194226713 229401.8 598.959981968746 0 0 0 0 8.9 9.4175368329516 229392.9 599.832134851077 
30 673124.4 19864.9348763091 81911.78 14399.6677345555 87805.97 9361.91110191183 166973.4 4693.89345213544 336433.2 6636.23964003712 198648.6 414.865448067202 0.99717915 0.000433929058141994 0.997008 0.000338018786460164 0.99721495 7.86946472131501e-05 0.99714395 5.572833659818e-05 0 0 0 0 0 0 0 0 0 0 2.6407315 0.089778590837404 0.4964217 0.0780650541600401 0.54238685 0.0576953059366834 0.97016095 0.0093137763204567 0.9860632 0.00470701281706349 81.77406 4.70914714299734 81.044285 3.65634576459544 3.0416535 0.0983967036172961 1.4816095 0.0320282668083991 0.65 0.792148975887743 0.65 0.909670269933013 1.25 1.13468057179102 4.2 1.86010752377383 237764.15 465.13130135479 0 0 0 0 9.3 12.4903963107661 237754.85 467.099483515022 
31 568877.1 16727.915853148 69300.23 12754.6452971104 73875.46 11434.5136098305 143618.1 3706.44526332172 282083.3 4677.57708755291 199111.45 376.445411049198 0.9976532 0.000380021657277589 0.9975898 0.000331803345371923 0.9976787 5.91355223195116e-05 0.9976792 3.68789913094168e-05 0 0 0 0 0 0 0 0 0 0 2.596986 0.106308313710641 0.4569932 0.0793063883237662 0.48717715 0.0595799780188571 0.96698275 0.0081446312309091 0.98257145 0.00375156703891855 87.103565 3.81969937616496 86.098605 3.54735524263852 3.668774 0.118989098929272 1.8324235 0.0308567299425912 0.65 0.653834841531101 0.45 0.58949130612758 1.35 0.963068014212911 4.4 1.62480768092719 246047.9 482.126321621212 0 0 0 0 14.9 12.872062771755 246033 481.923022898886 
32 481017.75 18397.3243105485 61927.42 13169.8913956266 57237.505 10454.580126264 119988.25 4045.79390076904 241864.65 6140.94903312998 199660.95 332.480296408674 0.99798095 0.000409259144674874 0.9981553 0.000327554285577216 0.9981219 6.38857574111785e-05 0.99807295 4.87252244735794e-05 0 0 0 0 0 0 0 0 0 0 2.538825 0.101931367767729 0.4498791 0.0757142766906612 0.42511365 0.0687991534026946 0.9613505 0.00933940743034589 0.9802253 0.00595032023592008 89.172465 3.85259154482733 91.12268 3.06322152049113 4.564508 0.181488085548336 2.212569 0.0597675128226029 0.65 0.909670269933013 0.4 0.734846922834953 0.8 0.812403840463596 4.3 1.3076696830622 254438.3 451.229110319802 0 0 0 0 9.55 8.45857553019419 254428.75 452.004410929805 
33 404602.9 17168.2682029959 49647.625 10444.4728666829 53391.355 8862.32725419655 102494.095 4331.24405044036 199069.6 4133.21689970415 199920.5 493.753734163095 0.9984538 0.000293259714246613 0.9982888 0.000249900900358518 0.99844185 6.49902108013225e-05 0.9984585 3.23334192438648e-05 0 0 0 0 0 0 0 0 0 0 2.477134 0.100799093914578 0.3756078 0.0691616111008123 0.38354145 0.0540612798696766 0.95086695 0.0107186659546559 0.975193 0.00674020763033306 93.62955 2.81881999469636 91.530955 3.31769050281593 5.590837 0.241120845616881 2.786194 0.0640440020923115 0.4 0.58309518948453 0.55 0.920597631976099 0.95 0.739932429347437 4 1.67332005306815 262486.1 683.94655492955 0 0 0.05 0.217944947177034 22.05 17.3420731171334 262464 684.965473582428 
34 339038.25 13062.2218625891 43909.115 9855.77201609671 41586.69 10822.117958094 85401.6 4709.62447536956 168140.8 5115.32132519552 200192.55 428.934082931166 0.9985943 0.000283214600612334 0.9987199 0.000322771265759514 0.9987379 6.92530865738151e-05 0.99873475 3.73053280376942e-05 0 0 0 0 0 0 0 0 0 0 2.3939745 0.0930010046437672 0.36345995 0.0760976579301065 0.31462555 0.0573357757909274 0.94215025 0.0122491385324642 0.9692504 0.00701941591159834 94.880455 2.92312865564877 94.680305 2.98760369267328 7.0147855 0.475704823020274 3.420098 0.114962469902138 0.45 0.668954408012983 0.3 0.458257569495584 0.75 0.82915619758885 4.1 1.86815416922694 270555.1 588.756307821836 0 0 0 0 21.35 26.8407805400663 270533.75 581.735152367467 
35 288096.15 12470.3485527671 39440.39 12726.0696379479 36188.165 8046.66917607994 71143.42 3208.86305154957 141324.4 5990.84016144647 200476.7 323.99013873882 0.9988269 0.000379649825497137 0.99891805 0.000260555267649687 0.99897695 4.47263624722669e-05 0.99896535 4.33765777811076e-05 0 0 0 0 0 0 0 0 0 0 2.289183 0.0695139128592255 0.3094802 0.0861884491429101 0.2784351 0.0563766477115303 0.92686885 0.0176022050302654 0.95937435 0.00790910577293666 95.886085 2.91360417958154 95.797575 2.71542797121835 8.835805 0.434202481792769 4.2405715 0.180172424534805 0.3 0.556776436283002 0.4 0.58309518948453 1.15 0.909670269933013 4.15 1.82414363469547 278742.5 491.795536783326 0 0 0.05 0.217944947177034 29.55 30.1819068317428 278712.9 496.98228338644 
36 239091.8 9381.30070725803 30429.18 7017.26822998808 30552.065 9439.31994972493 60325.885 3954.15804227335 117784.6 4529.04306007351 200584.9 342.943275192852 0.9990603 0.000188718070146969 0.9990985 0.000280245517359327 0.99915405 5.60744817185164e-05 0.99915995 3.08876593480319e-05 0 0 0 0 0 0 0 0 0 0 2.200505 0.0971733989577395 0.26229825 0.0668665221159849 0.25057525 0.0645493224719478 0.91519015 0.0127052989349917 0.95258035 0.0112006476253608 97.37469 1.72613301859967 97.11586 2.32974252684712 11.0199205 0.867534680277826 5.2793885 0.215056104941827 0.55 0.49749371855331 0.6 0.58309518948453 1.05 0.973396116696589 4.5 1.88414436814168 286674.05 552.713983448944 0 0 0 0 62.25 58.1797860085442 286611.8 553.464416200355 
37 202989.5 10491.0831495132 29155.315 7226.16334926598 25337.86 7043.37076430029 49401.865 3321.39450687132 99094.58 2742.03767289948 200685 503.925093639918 0.9991391 0.000179314221410369 0.999246 0.000198174922732417 0.99932645 4.59961683186737e-05 0.99931115 2.00605957039957e-05 0 0 0 0 0 0 0 0 0 0 2.099455 0.0770128081230649 0.2479481 0.0633387848493322 0.221255225 0.0610197763103231 0.89321265 0.0215680628042367 0.9423991 0.0155704041787617 97.940785 1.26195462449131 98.32008 1.57315592952511 14.26498 1.33489148607668 6.5156025 0.187665696702274 0.6 0.860232526704263 0.55 0.668954408012983 0.65 0.726291952316698 3.9 1.78605710994918 294597.7 757.106868282147 0 0 0 0 56.75 52.9800670063751 294540.95 752.958131306117 
38 171130.85 12017.4324931534 20762.621 7208.1413166127 21843.965 5122.06865975799 42328.065 2421.57807024159 86196.215 4521.76124096297 200865.55 496.929117178698 0.9993617 0.000172753031811322 0.99935125 0.000153032962135619 0.9994364 3.32586830767504e-05 0.9994155 3.04244967090597e-05 0 0 0 0 0 0 0 0 0 0 1.9724745 0.0894317888938268 0.185346385 0.055503909110893 0.19959885 0.0523264043206439 0.88193175 0.024588776923375 0.9284907 0.0142351920784372 98.6515 1.29566899901171 98.73603 1.28013176747552 17.568565 1.66281222940986 7.867289 0.505078667267783 0.3 0.458257569495584 0.5 0.670820393249937 0.75 0.698212002188447 4.25 1.51244834622542 302805.55 775.58716305777 0 0 0.05 0.217944947177034 37.85 35.3019475383441 302767.65 777.277059676921 
39 145502.25 10972.4371899547 18427.908 6384.84826352953 19615.741 6539.07096933647 35594.24 3194.92979459643 71864.31 3147.57990032024 201182.85 328.780211539563 0.9994423 0.000163764495541607 0.99940675 0.000217016099633168 0.9995376 4.09370248063994e-05 0.99952465 2.03918488617351e-05 0 0 0 0 0 0 0 0 0 0 1.833894 0.0892829822194578 0.16901034 0.0560623528726399 0.160932695 0.0511064657635751 0.85947375 0.0208203124661351 0.9224743 0.0160302364552118 99.350015 0.64059571437452 98.470425 1.45881338109951 22.773405 2.10925056962775 9.8344855 0.516832874771671 0.4 0.489897948556636 0.65 0.57227615711298 0.75 0.53619026473818 3.9 2.0712315177208 311070.5 510.324553593103 0 0 3.3 14.1566238913097 86.1 97.7491176430764 310981.1 565.887082375981 
40 124645.4 11276.8924238905 16408.579 8115.58548186999 16281.595 4725.42996472014 30629.88 2291.25844321412 61325.31 3044.43956023108 200868.8 546.936431406795 0.99952055 0.000198774614827952 0.9995102 0.000121841126061765 0.9996105 2.87376060241702e-05 0.9996035 1.96506997331002e-05 0 0 0 0 0 0 0 0 0 0 1.6998045 0.116370904545552 0.142801945 0.0683845229770485 0.137443575 0.0382908550738407 0.8138811 0.0440409569490718 0.9129891 0.0181909294344736 99.359975 0.923450607707309 99.066915 0.94173062245793 28.43451 4.23750901189602 11.958845 0.783697653738353 0.5 0.5 0.7 0.842614977317636 0.75 0.887411967464942 4.15 1.38834433769148 318522.6 877.730505337487 0 0 0.05 0.217944947177034 73.15 75.5759717105907 318449.4 894.099904932329 
41 103211.025 6493.11601312305 14225.408 3478.49283476853 13324.293 5248.64946856722 25559.04 1946.35837871652 50102.27 2730.46219386023 201128.25 351.257579989386 0.99957785 0.000113266621296838 0.999572 0.000156051914438756 0.9996822 2.39658089786315e-05 0.9996818 1.67737890769941e-05 0 0 0 0 0 0 0 0 0 0 1.53837 0.135278728520045 0.122197335 0.0390317043465729 0.11870044 0.0439557559852677 0.7891458 0.0343194732544076 0.87829195 0.0132416834672748 99.331345 0.861285833782839 99.41089 0.743456112289085 36.395065 4.03903981439587 16.028055 0.88272189135367 0.3 0.458257569495584 0.55 0.668954408012983 0.5 0.806225774829855 3.4 1.28062484748657 326793.45 603.663853067251 0 0 0.15 0.357071421427142 60.45 61.7442102548895 326732.85 624.031992368981 
42 83763.2 6237.79199669242 11554.82 4087.59185809445 9678.85 4557.59811621209 20672.51 2532.40193095409 41857.015 2898.45555913404 201321.3 450.715886118961 0.99963035 0.000127946580649885 0.99967875 0.000120571088989019 0.9997476 3.09150448811011e-05 0.99974075 1.84143286600375e-05 0 0 0 0 0 0 0 0 0 0 1.348698 0.128312984011752 0.09430457 0.0354899187763244 0.085193815 0.0359550426373447 0.75967405 0.0473831158910798 0.86034175 0.0249856486745392 99.25326 0.96741581359827 99.505405 0.78520015058264 45.88903 5.79469760514731 20.314985 2.0923281261014 0.5 0.591607978309962 0.3 0.458257569495584 0.65 0.726291952316698 4.5 1.80277563773199 335022.75 826.232405258956 0.05 0.217944947177034 0.1 0.3 77 89.3213300393585 334945.6 867.807029240948 
43 69529.605 6927.10279203904 8761.346 5137.86073030829 8572.926 4901.8221228482 17682.43 1519.66714220582 34512.895 2464.02592914015 201424.75 309.120021189181 0.9997189 0.000128095238006737 0.99973955 0.000129196546006474 0.9997885 1.79094946885832e-05 0.99978925 1.43870601583492e-05 0 0 0 0 0 0 0 0 0 0 1.2465898 0.121493757365389 0.073268455 0.0382577226962802 0.072265775 0.0365181685022384 0.73598255 0.0362424259969928 0.8405435 0.0295741224814871 99.582 0.664747658138034 99.729465 0.663623758070037 52.749745 4.24156900904312 26.166485 3.13181503002253 0.45 0.739932429347437 0.4 0.66332495807108 1 1 4.3 1.92613602842582 342962.05 584.957389473798 0 0 0.1 0.3 135.95 152.450475565017 342826 668.203561798349 
44 59727.865 6217.43981814661 8859.649 4350.19707128068 6803.457 3361.1636854475 14864.38 1564.74884649262 29200.375 1641.77824990923 201583.65 400.233965949918 0.9997416 0.000121192161462682 0.9997952 9.31990343297645e-05 0.99982495 1.74713336640317e-05 0.9998251 9.15368778143393e-06 0 0 0 0 0 0 0 0 0 0 1.11454245 0.0685903751924969 0.076713765 0.0341508804940704 0.0566485 0.0255060621571618 0.6765178 0.0372093234265285 0.79700825 0.0294277859885432 99.809685 0.403383966308778 99.806005 0.403632730926273 61.514665 3.83274864024175 33.39254 2.5755487027816 0.45 0.58949130612758 0.2 0.4 0.4 0.58309518948453 4.25 1.29903810567666 351256.85 773.415688682354 0 0 0.25 0.622494979899437 92.65 140.3482365404 351163.95 830.15904952003 
45 46837.765 6042.10910744543 3932.16 4158.76140576494 5955.582 2946.39449058608 12406.781 1704.92862215959 24543.245 2385.04305275083 201519.75 392.735773135069 0.99982855 0.000137455983863938 0.9997997 8.98816443997243e-05 0.9998561 2.04031860257257e-05 0.9998547 1.3914381049831e-05 0 0 0 0 0 0 0 0 0 0 1.041569 0.102966810275933 0.042209015 0.0312668716475006 0.052240465 0.0217495548380024 0.63217895 0.0535103243416399 0.7885454 0.0389740478477666 99.93227 0.244002151834773 99.75767 0.442572706004334 69.62695 4.95103490742087 40.82741 4.32530057543982 0.4 0.734846922834953 0.5 0.741619848709566 0.65 0.653834841531101 4.2 1.86010752377383 359039.95 628.553058619557 0 0 0.05 0.217944947177034 141.9 173.10427493277 358898 644.037576543481 
46 43446.26 5677.85088236738 7544.833 4245.8636355506 4435.968 2897.03625818111 10330.113 1340.06178372902 21135.365 1381.03624618436 201464.6 397.333663310825 0.9997834 0.000107223318359392 0.9998496 6.81376547879259e-05 0.9998818 1.41088624629966e-05 0.99987665 7.6110117592899e-06 0 0 0 0 0 0 0 0 0 0 0.891624 0.124254558837091 0.06637632 0.0329093225884034 0.04250383 0.0195658471842673 0.5784143 0.0489388280071152 0.73072525 0.0357959995682129 99.866205 0.331641540635366 99.97082 0.0303970163009461 76.313325 4.602618518178 49.033435 3.71487827004802 0.15 0.357071421427142 0.4 0.489897948556636 0.85 0.909670269933013 4.5 1.80277563773199 366710.15 739.918392459601 0 0 2.1 7.15471872263334 226.25 183.122602373383 366481.8 836.646855011121 
47 35520.51 4387.15767119214 3354.623 3142.29633523813 5746.694 3212.09565508937 8880.13 915.677109804542 17539.08 1553.4391666879 201417.25 438.523189238608 0.99985965 6.85859132767075e-05 0.99983955 8.34862114363831e-05 0.9998997 1.01000000000024e-05 0.99989835 9.02925799830743e-06 0 0 0 0 0 0 0 0 0 0 0.7592602 0.110907598600637 0.03709971 0.0211755481971046 0.045922345 0.0227220039128699 0.5249387 0.0387619883340625 0.694551 0.0462628666956556 99.979555 0.0168940662659984 99.75859 0.420645168639794 81.59561 3.57352839038673 57.61715 4.22773228616714 0.45 0.58949130612758 0.25 0.433012701892219 0.85 0.653834841531101 4.45 2.13248681121361 374545.35 971.061752670756 0.05 0.217944947177034 5.1 21.3187710715229 283.75 269.258774230293 374256.45 1114.23917876729 
48 30281.73 3236.14072285184 3989.504 2933.73122778212 4501.503 3638.15648902174 7438.334 1204.97116959868 14352.38 1362.09667446918 201537.45 495.064791214241 0.9998505 9.35267341459017e-05 0.9998426 8.26960700396343e-05 0.99991705 1.41896969664545e-05 0.999918 8.25227241431162e-06 0 0 0 0 0 0 0 0 0 0 0.6465827 0.121102714027845 0.03908184 0.0228400777588738 0.040891605 0.0183658484923914 0.5051965 0.0603617347559694 0.64373335 0.05581205497406 99.93229 0.228354386644968 99.81615 0.366723423713293 86.128615 4.42623011097198 66.383025 4.39292064939432 0.4 0.66332495807108 0.4 0.66332495807108 0.4 0.58309518948453 4.5 1.85741756210067 382764.55 1047.69759353546 0 0 1.8 7.16658914686757 306.6 411.052235123469 382456.15 1310.87982954198 
49 26251.265 4907.59248198901 3751.938 2575.4220271008 3096.576 2598.24619367449 6668.288 1245.99215879395 12734.469 1770.76434074639 201488.35 523.681608899912 0.99985815 6.2717043138205e-05 0.99986665 8.81052069970859e-05 0.99992585 1.30432932957904e-05 0.9999281 9.74628134213065e-06 0 0 0 0 0 0 0 0 0 0 0.62767075 0.165187998999284 0.035733445 0.019289851080101 0.02851211 0.0182437726708294 0.46401375 0.0723581020120587 0.60536755 0.0369393239427511 99.880655 0.30660023886977 99.9747 0.0186789989025121 88.490635 3.64808091196933 71.74292 5.03835957238068 0.45 0.58949130612758 0.3 0.556776436283002 0.75 0.766485485837795 4.9 2.56709953059869 390546.25 1396.77137982563 0 0 0.35 0.653834841531101 402.85 672.076652994285 390143.05 1960.0756739218 
50 21680.125 4166.51078156231 3145.728 2716.78142259844 2772.992 2051.15558491695 5279.744 810.749372903859 10481.659 1086.6294128446 201519.5 293.320047047589 0.9998714 5.41012014653911e-05 0.99987915 7.75424238723582e-05 0.99994285 7.77351271947634e-06 0.9999416 5.46260011349315e-06 0 0 0 0 0 0 0 0 0 0 0.53657825 0.155961357520982 0.03361517 0.0168567431261825 0.029275835 0.0152547699344263 0.39405955 0.0487184525754616 0.58224165 0.0595292785058537 99.981085 0.0156913758160344 99.97078 0.0212580949287557 92.68104 2.34041764379779 78.598865 3.05088597349606 0.4 0.58309518948453 0.45 0.668954408012983 0.75 0.82915619758885 4.25 1.8405162319306 398414.7 1083.99792896481 0 0 20.25 83.9219131097475 362.2 540.88294482263 398032.25 1632.46071545382 
