#1 Nodes,             #2 AvgThroughput,               #4 totalBKThroughput, 
#6 totalBEThroughput,   #8 totalVIThroughput,           #10 totalVOThroughput,
#12 totalCollisions,    #14 totalBKCollisions,          #16 totalBECollisions,
#18 totalVICollisions,  #20 TotalVOCollisions,          #22 totalInternalCollisions,    
#24 totalBKIntCol,      #26 totalBEIntCol,              #28 totalVIIntCol,
#30 totalVOIntCol,      #32 overallFairness,            #34 BKFairness,
#36 BEFairness,         #38 VIFairness,                 #40 VOFairness,
#42 avgTimeBtSxTxBK,    #44 avgTimeBtSxTxBE,            #46 avgTimeBtSxTxVI,
#48 avgTimeBtSxTxVO,    #50 qEmptyBK,                   #52 qEmptyBE,
#54 qEmptyVI,           #56 qEmptyVO                    #58 totalDropped,
#60 droppedBK,          #62 droppedBE                   #64 droppedVI,
#66 droppedVO
2 20012900 0 5001050 0 5000890 0 5006130 0 5004820 0 6889 0 0.0123933 0 0.0123015 0 0.0146052 0 0.0157112 0 0 0 0 0 0 0 0 0 0 0 3.99988 0 0.999986 0 0.999994 0 0.999998 0 0.999903 0 0.000931476 0 0.000929761 0 0.000617355 0 0.000446819 0 43067 0 43084 0 48233 0 50903 0 0 0 0 0 0 0 0 0 0 0 
3 30023400 0 7500840 0 7525660 0 7495350 0 7501500 0 33849 0 0.0344682 0 0.0340666 0 0.0737524 0 0.0897231 0 0 0 0 0 0 0 0 0 0 0 3.99977 0 0.999994 0 0.999907 0 0.999948 0 0.999936 0 0.00614466 0 0.00616061 0 0.00201232 0 0.00116868 0 15688 0 15678 0 41857 0 56565 0 43 0 0 0 0 0 0 0 43 0 
4 35591900 0 7700810 0 7936410 0 9970650 0 9984000 0 41329 0 0.00260391 0 0.00216789 0 0.133134 0 0.217677 0 0 0 0 0 0 0 0 0 0 0 3.94096 0 0.999683 0 0.999442 0 0.999986 0 0.999986 0 0.134582 0 0.130569 0 0.00487038 0 0.00269184 0 9 0 9 0 13815 0 40606 0 475 0 0 0 0 0 2 0 473 0 
5 30867200 0 5297190 0 4965500 0 8406300 0 12198200 0 62799 0 0.00419201 0 0.00448702 0 0.170609 0 0.318844 0 0 0 0 0 0 0 0 0 0 0 3.49888 0 0.998905 0 0.99641 0 0.999851 0 0.999983 0 0.245647 0 0.262207 0 0.0097442 0 0.0050796 0 5 0 4 0 12 0 18112 0 3641 0 0 0 0 0 0 0 3641 0 
6 24353400 0 2563770 0 2504050 0 6146950 0 13138700 0 84215 0 0.00742065 0 0.00736901 0 0.208821 0 0.390009 0 0 0 0 0 0 0 0 0 0 0 2.65544 0 0.992449 0 0.993709 0 0.999956 0 0.99997 0 0.612056 0 0.622967 0 0.0159895 0 0.00747454 0 5 0 4 0 9 0 79 0 11178 0 0 0 0 0 0 0 11178 0 
7 21354400 0 2368880 0 2355200 0 5272940 0 11357400 0 99463 0 0.00788362 0 0.00815587 0 0.234455 0 0.443702 0 0 0 0 0 0 0 0 0 0 0 2.71375 0 0.991416 0 0.995624 0 0.999797 0 0.999954 0 0.773265 0 0.773877 0 0.021751 0 0.0100964 0 4 0 1 0 5 0 11 0 18676 0 0 0 0 0 0 0 18676 0 
8 18739400 0 2125910 0 2175710 0 4582110 0 9855630 0 112512 0 0.00834792 0 0.00837791 0 0.253052 0 0.485425 0 0 0 0 0 0 0 0 0 0 0 2.75439 0 0.992084 0 0.987891 0 0.999752 0 0.99989 0 0.979941 0 0.970961 0 0.0286084 0 0.0132971 0 1 0 1 0 2 0 18 0 27801 0 0 0 0 0 0 0 27801 0 
9 16378800 0 1907750 0 1935440 0 4021450 0 8514190 0 124197 0 0.00886835 0 0.00877503 0 0.268321 0 0.51728 0 0 0 0 0 0 0 0 0 0 0 2.79005 0 0.991797 0 0.984026 0 0.999811 0 0.99989 0 1.22391 0 1.22754 0 0.0366661 0 0.0173177 0 3 0 1 0 4 0 11 0 38428 0 0 0 0 0 0 0 38428 0 
10 14608700 0 1832300 0 1713600 0 3536240 0 7526560 0 133333 0 0.00900812 0 0.00916104 0 0.278765 0 0.540979 0 0 0 0 0 0 0 0 0 0 0 2.82479 0 0.985772 0 0.985047 0 0.999692 0 0.999897 0 1.42839 0 1.53525 0 0.046341 0 0.0217678 0 3 0 0 0 4 0 4 0 47926 0 0 0 0 0 0 0 47926 0 
11 12779400 0 1573270 0 1607930 0 3094450 0 6503790 0 142195 0 0.00937004 0 0.00937004 0 0.288364 0 0.561709 0 0 0 0 0 0 0 0 0 0 0 2.86398 0 0.984789 0 0.986169 0 0.999396 0 0.999818 0 1.86116 0 1.80899 0 0.0582646 0 0.0277129 0 1 0 0 0 5 0 4 0 59013 0 0 0 0 0 0 0 59013 0 
12 11140600 0 1416230 0 1430240 0 2692380 0 5601770 0 149768 0 0.00955481 0 0.00956717 0 0.295972 0 0.578354 0 0 0 0 0 0 0 0 0 0 0 2.89992 0 0.968524 0 0.977978 0 0.999286 0 0.99992 0 2.29341 0 2.23309 0 0.0730675 0 0.0350967 0 1 0 0 0 1 0 1 0 69809 0 0 0 0 0 0 0 69809 0 
13 9684090 0 1193410 0 1257310 0 2342420 0 4890950 0 156870 0 0.00973556 0 0.00960246 0 0.302277 0 0.59139 0 0 0 0 0 0 0 0 0 0 0 2.88996 0 0.992972 0 0.986805 0 0.999385 0 0.999879 0 2.82983 0 2.72846 0 0.0909744 0 0.0435467 0 2 0 0 0 2 0 4 0 80622 0 0 0 0 0 0 0 80622 0 
14 8377880 0 984515 0 1107070 0 2045950 0 4240340 0 162596 0 0.0101045 0 0.0099499 0 0.307162 0 0.6015 0 0 0 0 0 0 0 0 0 0 0 2.8712 0 0.965934 0 0.971367 0 0.999539 0 0.999319 0 3.78813 0 3.37246 0 0.112155 0 0.054125 0 2 0 0 0 0 0 2 0 91272 0 0 0 0 0 1 0 91271 0 
15 7244510 0 950518 0 894321 0 1734490 0 3665180 0 167450 0 0.0101894 0 0.0101722 0 0.311721 0 0.609958 0 0 0 0 0 0 0 0 0 0 0 2.8814 0 0.984625 0 0.946752 0 0.997999 0 0.999705 0 4.17806 0 4.59861 0 0.141935 0 0.0670592 0 1 0 2 0 3 0 4 0 101193 0 0 0 0 0 0 0 101193 0 
16 6291780 0 789873 0 757023 0 1574260 0 3170630 0 172524 0 0.0101799 0 0.0102724 0 0.314895 0 0.616697 0 0 0 0 0 0 0 0 0 0 0 2.87175 0 0.962982 0 0.958993 0 0.998737 0 0.999503 0 5.53321 0 5.70953 0 0.166672 0 0.0827065 0 1 0 1 0 4 0 4 0 111798 0 0 0 0 0 0 0 111798 0 
17 5444490 0 738509 0 700908 0 1307280 0 2697790 0 175839 0 0.0103985 0 0.0104186 0 0.317709 0 0.622792 0 0 0 0 0 0 0 0 0 0 0 2.94051 0 0.951188 0 0.968067 0 0.998416 0 0.998615 0 6.21358 0 6.4699 0 0.2133 0 0.103375 0 2 0 1 0 4 0 1 0 121316 0 0 0 0 0 0 0 121316 0 
18 4684510 0 600637 0 587694 0 1151220 0 2344960 0 180359 0 0.0105378 0 0.0103217 0 0.319771 0 0.627527 0 0 0 0 0 0 0 0 0 0 0 2.88454 0 0.909952 0 0.915628 0 0.996658 0 0.999015 0 8.57751 0 8.74563 0 0.256966 0 0.125872 0 3 0 0 0 2 0 1 0 131834 0 0 0 0 0 0 0 131834 0 
19 3978530 0 516506 0 493322 0 952074 0 2016620 0 182469 0 0.0105609 0 0.0105078 0 0.321827 0 0.631214 0 0 0 0 0 0 0 0 0 0 0 2.86432 0 0.957659 0 0.935024 0 0.997975 0 0.997 0 10.0573 0 11.8373 0 0.327538 0 0.154794 0 1 0 2 0 0 0 3 0 140710 0 0 0 0 0 2 0 140708 0 
20 3420240 0 434258 0 433029 0 825508 0 1727450 0 186165 0 0.0102339 0 0.0104078 0 0.323323 0 0.634891 0 0 0 0 0 0 0 0 0 0 0 2.85142 0 0.931534 0 0.829352 0 0.996775 0 0.997908 0 12.9559 0 14.6468 0 0.39813 0 0.190049 0 1 0 1 0 1 0 1 0 150949 0 0 0 0 0 6 0 150943 0 
21 2966000 0 382894 0 373555 0 728515 0 1481030 0 187504 0 0.0104769 0 0.0105723 0 0.324524 0 0.636888 0 0 0 0 0 0 0 0 0 0 0 2.8721 0 0.869 0 0.870159 0 0.995772 0 0.996619 0 16.8393 0 17.1682 0 0.474321 0 0.233055 0 1 0 0 0 1 0 2 0 159409 0 0 0 0 0 1 0 159408 0 
22 2454410 0 274924 0 304169 0 637256 0 1238060 0 190312 0 0.010628 0 0.010639 0 0.325233 0 0.639325 0 0 0 0 0 0 0 0 0 0 0 2.81853 0 0.824283 0 0.901938 0 0.995738 0 0.998416 0 27.5674 0 21.5418 0 0.56791 0 0.291541 0 3 0 0 0 0 0 1 0 169349 0 0 0 0 0 6 0 169343 0 
23 2179150 0 309985 0 262390 0 536904 0 1069880 0 191518 0 0.0105258 0 0.0105911 0 0.326223 0 0.640951 0 0 0 0 0 0 0 0 0 0 0 2.88336 0 0.785014 0 0.799347 0 0.992691 0 0.997055 0 27.7787 0 28.1216 0 0.706916 0 0.353201 0 3 0 0 0 1 0 2 0 177908 0 0 0 0 0 2 0 177906 0 
24 1771770 0 209797 0 207094 0 446874 0 908001 0 193079 0 0.0106421 0 0.0105022 0 0.326869 0 0.642541 0 0 0 0 0 0 0 0 0 0 0 2.75452 0 0.823368 0 0.762586 0 0.987528 0 0.996064 0 37.4612 0 41.4916 0 0.891155 0 0.434552 0 1 0 0 0 2 0 2 0 186791 0 0 0 0 0 9 0 186782 0 
25 1571640 0 202342 0 232079 0 377569 0 759644 0 194244 0 0.0106104 0 0.0106837 0 0.327922 0 0.6431 0 0 0 0 0 0 0 0 0 0 0 2.91002 0 0.787289 0 0.743246 0 0.99192 0 0.993879 0 43.606 0 38.9377 0 1.09203 0 0.5424 0 0 0 1 0 3 0 2 0 194931 0 0 0 0 0 9 0 194922 0 
26 1281150 0 129270 0 170394 0 334807 0 646676 0 195711 0 0.0107874 0 0.0106031 0 0.327506 0 0.64477 0 0 0 0 0 0 0 0 0 0 0 2.74025 0 0.633374 0 0.762911 0 0.9884 0 0.993038 0 66.27 0 52.1741 0 1.28618 0 0.662968 0 2 0 0 0 0 0 3 0 204275 0 0 0 0 0 22 0 204253 0 
27 1111330 0 162775 0 120750 0 275743 0 552059 0 197317 0 0.0106953 0 0.0106953 0 0.328544 0 0.644917 0 0 0 0 0 0 0 0 0 0 0 2.78693 0 0.741332 0 0.613325 0 0.986492 0 0.994133 0 54.3577 0 69.979 0 1.62606 0 0.805498 0 2 0 1 0 0 0 3 0 213223 0 0 0 0 0 0 0 213223 0 
28 931758 0 118047 0 107479 0 239452 0 466780 0 196676 0 0.0107069 0 0.0106624 0 0.328577 0 0.645793 0 0 0 0 0 0 0 0 0 0 0 2.74336 0 0.664415 0 0.645545 0 0.992543 0 0.991161 0 71.8378 0 71.4229 0 1.92919 0 0.992042 0 1 0 0 0 1 0 1 0 220192 0 0 0 0 0 2 0 220190 0 
29 806584 0 99860.5 0 104858 0 203571 0 398295 0 197416 0 0.0106755 0 0.0107623 0 0.329074 0 0.645982 0 0 0 0 0 0 0 0 0 0 0 2.72348 0 0.593915 0 0.574713 0 0.977478 0 0.988036 0 76.4302 0 79.7061 0 2.38862 0 1.20669 0 3 0 0 0 0 0 1 0 228731 0 0 0 0 0 1 0 228730 0 
30 665354 0 82739.2 0 68321.3 0 176538 0 337756 0 198933 0 0.0106701 0 0.0107087 0 0.328683 0 0.647055 0 0 0 0 0 0 0 0 0 0 0 2.60184 0 0.541575 0 0.47046 0 0.978903 0 0.985585 0 84.7147 0 86.6592 0 2.84952 0 1.47609 0 1 0 1 0 3 0 2 0 238240 0 0 0 0 0 6 0 238234 0 
31 564101 0 78725.1 0 60375 0 144835 0 280166 0 199381 0 0.0106978 0 0.0107953 0 0.329562 0 0.646634 0 0 0 0 0 0 0 0 0 0 0 2.6877 0 0.580393 0 0.588743 0 0.974213 0 0.981252 0 88.7008 0 93.5299 0 3.59648 0 1.85368 0 1 0 1 0 1 0 2 0 246164 0 0 0 0 0 17 0 246147 0 
32 503480 0 62996.5 0 83968 0 115835 0 240681 0 199196 0 0.0107479 0 0.0106194 0 0.329434 0 0.647304 0 0 0 0 0 0 0 0 0 0 0 2.57066 0 0.360931 0 0.471501 0 0.981852 0 0.981898 0 87.4946 0 82.2874 0 4.60886 0 2.2198 0 0 0 1 0 0 0 1 0 253881 0 0 0 0 0 0 0 253881 0 
33 405750 0 44810.2 0 55132.2 0 105431 0 200376 0 199934 0 0.0107418 0 0.0107 0 0.329237 0 0.647753 0 0 0 0 0 0 0 0 0 0 0 2.45126 0 0.421581 0 0.326408 0 0.947878 0 0.970746 0 96.9589 0 90.142 0 5.46795 0 2.78144 0 2 0 0 0 1 0 0 0 262498 0 0 0 0 0 0 0 262498 0 
34 338493 0 39485.4 0 44646.4 0 89620.5 0 164741 0 199979 0 0.0107036 0 0.0107585 0 0.329655 0 0.64761 0 0 0 0 0 0 0 0 0 0 0 2.50441 0 0.348875 0 0.406232 0 0.945604 0 0.973417 0 94.0953 0 97.0374 0 6.56011 0 3.4757 0 2 0 0 0 0 0 3 0 270287 0 0 0 0 0 49 0 270238 0 
35 254280 0 16465.9 0 23674.9 0 72663 0 141476 0 200686 0 0.0107565 0 0.0107102 0 0.329681 0 0.647824 0 0 0 0 0 0 0 0 0 0 0 2.12188 0 0.139798 0 0.258904 0 0.944461 0 0.963329 0 98.5604 0 99.9859 0 8.35114 0 4.24401 0 1 0 1 0 1 0 4 0 279083 0 0 0 0 0 2 0 279081 0 
36 255590 0 44974.1 0 39321.6 0 60293.1 0 111002 0 200875 0 0.0107257 0 0.0106641 0 0.329863 0 0.647926 0 0 0 0 0 0 0 0 0 0 0 2.27212 0 0.32601 0 0.271739 0 0.913829 0 0.9567 0 92.9934 0 96.7067 0 11.0106 0 5.53623 0 1 0 0 0 2 0 1 0 287088 0 0 0 1 0 74 0 287013 0 
37 191857 0 28917.8 0 15728.6 0 53002.2 0 94208 0 200310 0 0.0107952 0 0.0107636 0 0.329472 0 0.648286 0 0 0 0 0 0 0 0 0 0 0 2.08921 0 0.298962 0 0.121622 0 0.863316 0 0.930959 0 99.9806 0 98.6325 0 13.9484 0 6.9735 0 1 0 0 0 1 0 3 0 294179 0 0 0 0 0 6 0 294173 0 
38 158597 0 16384 0 21053.4 0 34897.9 0 86261.8 0 201006 0 0.0107042 0 0.0107619 0 0.329613 0 0.648374 0 0 0 0 0 0 0 0 0 0 0 1.78504 0 0.128151 0 0.168669 0 0.858319 0 0.93604 0 98.6326 0 97.3148 0 21.2386 0 7.71643 0 2 0 1 0 0 0 1 0 302849 0 0 0 0 0 45 0 302804 0 
39 139592 0 22200.3 0 13598.7 0 37519.4 0 66273.3 0 200722 0 0.0107725 0 0.0108087 0 0.329865 0 0.648093 0 0 0 0 0 0 0 0 0 0 0 1.87027 0 0.227345 0 0.0983251 0 0.819653 0 0.944004 0 98.6688 0 98.6676 0 22.3797 0 10.3709 0 2 0 1 0 1 0 1 0 310513 0 0 0 0 0 24 0 310489 0 
40 119439 0 15974.4 0 15810.6 0 29491.2 0 58163.2 0 201235 0 0.0107139 0 0.0107632 0 0.329846 0 0.648298 0 0 0 0 0 0 0 0 0 0 0 1.64228 0 0.153055 0 0.113661 0 0.818182 0 0.900436 0 98.7284 0 98.7324 0 29.2182 0 13.2103 0 3 0 0 0 0 0 0 0 319303 0 0 0 0 0 8 0 319295 0 
41 98713.6 0 13189.1 0 14581.8 0 21626.9 0 49315.8 0 200543 0 0.0108119 0 0.0107066 0 0.329879 0 0.6483 0 0 0 0 0 0 0 0 0 0 0 1.56823 0 0.123456 0 0.143693 0 0.778344 0 0.892841 0 99.9899 0 99.9892 0 43.0901 0 16.2395 0 1 0 1 0 0 0 1 0 325892 0 0 0 0 0 0 0 325892 0 
42 89210.9 0 16056.3 0 10649.6 0 22200.3 0 40304.6 0 201270 0 0.0107025 0 0.0107392 0 0.33009 0 0.648208 0 0 0 0 0 0 0 0 0 0 0 1.47779 0 0.148775 0 0.0981896 0 0.76525 0 0.876434 0 99.9611 0 99.9759 0 43.2824 0 20.1053 0 2 0 0 0 0 0 1 0 335140 0 0 0 0 0 106 0 335034 0 
43 74629.1 0 7946.24 0 13189.1 0 16138.2 0 37355.5 0 201363 0 0.0107154 0 0.0107066 0 0.330132 0 0.648225 0 0 0 0 0 0 0 0 0 0 0 1.07878 0 0.0712053 0 0.0840862 0 0.708983 0 0.758425 0 99.9858 0 98.8228 0 57.6515 0 25.0855 0 1 0 1 0 0 0 1 0 343215 0 0 0 0 0 5 0 343210 0 
44 58572.8 0 8028.16 0 7864.32 0 13598.7 0 29081.6 0 201217 0 0.0107293 0 0.010802 0 0.329703 0 0.648593 0 0 0 0 0 0 0 0 0 0 0 1.11216 0 0.0710061 0 0.0681818 0 0.639054 0 0.862452 0 99.9899 0 99.9911 0 66.1147 0 32.524 0 1 0 0 0 0 0 1 0 350839 0 0 0 0 0 0 0 350839 0 
45 52756.5 0 8355.84 0 5406.72 0 12779.5 0 26214.4 0 201226 0 0.0107574 0 0.0108545 0 0.330084 0 0.648149 0 0 0 0 0 0 0 0 0 0 0 1.00374 0 0.074822 0 0.0472195 0 0.500741 0 0.76825 0 99.9902 0 99.9902 0 72.8996 0 37.8504 0 1 0 0 0 0 0 2 0 358298 0 0 0 0 0 87 0 358211 0 
46 55623.7 0 13353 0 10649.6 0 10649.6 0 20971.5 0 201711 0 0.0107743 0 0.0107502 0 0.329714 0 0.648635 0 0 0 0 0 0 0 0 0 0 0 0.854226 0 0.1127 0 0.0882728 0 0.616428 0 0.770106 0 99.9901 0 98.768 0 76.6692 0 49.3628 0 1 0 2 0 0 0 3 0 367436 0 0 0 0 0 0 0 367436 0 
47 33587.2 0 2785.28 0 2621.44 0 10158.1 0 18022.4 0 200706 0 0.0107493 0 0.0107325 0 0.329985 0 0.648429 0 0 0 0 0 0 0 0 0 0 0 0.910075 0 0.0239725 0 0.0212766 0 0.638963 0 0.752768 0 99.8334 0 99.8159 0 78.9996 0 57.5676 0 2 0 0 0 1 0 1 0 373368 0 0 0 1 0 286 0 373081 0 
48 41779.2 0 13107.2 0 5324.8 0 7208.96 0 16138.2 0 201734 0 0.0107136 0 0.0107469 0 0.330006 0 0.648443 0 0 0 0 0 0 0 0 0 0 0 0.622988 0 0.104167 0 0.0429579 0 0.560185 0 0.651508 0 99.8182 0 99.8501 0 87.0294 0 60.7046 0 0 0 0 0 0 0 2 0 383050 0 1 0 2 0 213 0 382834 0 
49 19169.3 0 81.92 0 2621.44 0 5324.8 0 11141.1 0 201021 0 0.0107699 0 0.0106817 0 0.32992 0 0.648564 0 0 0 0 0 0 0 0 0 0 0 0.596939 0 0.0204082 0 0.0204082 0 0.386657 0 0.604919 0 99.8763 0 99.8764 0 90.0548 0 74.9232 0 1 0 0 0 2 0 0 0 389762 0 0 0 0 0 105 0 389657 0 
50 19824.6 0 2703.36 0 2703.36 0 5079.04 0 9338.88 0 201396 0 0.0107231 0 0.0108228 0 0.330174 0 0.648225 0 0 0 0 0 0 0 0 0 0 0 0.438025 0 0.0212488 0 0.0212488 0 0.376863 0 0.618857 0 99.9545 0 99.956 0 91.6289 0 82.6215 0 1 0 0 0 0 0 0 0 398520 0 0 0 0 0 36 0 398484 0 
