#1 Nodes,             #2 AvgThroughput,               #4 totalBKThroughput, 
#6 totalBEThroughput,   #8 totalVIThroughput,           #10 totalVOThroughput,
#12 totalCollisions,    #14 totalBKCollisions,          #16 totalBECollisions,
#18 totalVICollisions,  #20 TotalVOCollisions,          #22 totalInternalCollisions,    
#24 totalBKIntCol,      #26 totalBEIntCol,              #28 totalVIIntCol,
#30 totalVOIntCol,      #32 overallFairness,            #34 BKFairness,
#36 BEFairness,         #38 VIFairness,                 #40 VOFairness,
#42 avgTimeBtSxTxBK,    #44 avgTimeBtSxTxBE,            #46 avgTimeBtSxTxVI,
#48 avgTimeBtSxTxVO,    #50 qEmptyBK,                   #52 qEmptyBE,
#54 qEmptyVI,           #56 qEmptyVO                    #58 totalDropped,
#60 droppedBK,          #62 droppedBE                   #64 droppedVI,
#66 droppedVO
2 10009194.5 31248.362433094 6500760 23356.6363160452 2504724.5 9940.65917079949 504160.25 5669.67272313844 499548.2 3815.69440076115 634.15 31.7336966015622 0.006631112 0.000345419031765767 0.00260034 0.000187771010941519 0.000589995 6.58006322826764e-05 0.00049922575 6.29422016312386e-05 330.05 22.3751536307575 296.7 19.7436065600994 30.35 5.07222830716442 3 1.4142135623731 0 0 2.042977 0.00348964052589949 0.999983 1.97306867594535e-05 0.9999774 2.86083903776521e-05 0.9999056 7.95332634814006e-05 0.9998574 0.00016192356221377 0.0004911474 1.19675567264167e-06 0.00050464045 1.94371776436293e-06 0.0003923996 1.90467061194318e-06 0.0003324434 1.215454170259e-06 62965 170.213395477559 27993.15 118.500748942781 6071.2 67.0899396333012 6028.5 47.7299696207739 0 0 0 0 0 0 0 0 0 0 
3 14999770 36785.2701498847 9738890.5 26974.1567940501 3754729 15418.2563540758 751824.95 6476.62173880025 754331.6 7400.20121618325 2668.25 76.276388876244 0.0181482 0.000535908776752163 0.0075714905 0.000200670722639727 0.0016388175 9.836647309297e-05 0.0014705215 0.000111431331423213 715.85 23.8228356834362 633.65 20.950596650215 73.6 7.41889479639656 8.6 2.70924343682881 0 0 2.043882 0.00324184607901112 0.99997655 2.5619279849354e-05 0.9999549 3.41246245400626e-05 0.9998757 0.000110402038024663 0.9998345 0.000157305276453141 0.00061009975 2.23053977491995e-06 0.0006309583 1.96664297980086e-06 0.0004578561 2.6112852946394e-06 0.0003644504 1.67066398177491e-06 88255.55 153.398655469988 40940.75 147.459104500197 9024.95 78.8330355878803 9084.2 92.0964711593229 0 0 0 0 0 0 0 0 0 0 
4 19995815 21552.2452426656 12992895 23256.2781846107 4997841.5 16178.2917129714 1000652.8 7338.80043058809 1004411.65 5877.78905095275 7772.2 69.7356436838436 0.038861305 0.00036994341253089 0.016930545 0.000301259364128321 0.0037761285 0.000110134610830338 0.003584516 0.000102479027093352 1461.4 44.4549209874452 1276.45 43.2636972530088 163.8 12.4723694621351 21.15 5.53421177766084 0 0 2.04196 0.00318836635285226 0.99998465 8.95139653908699e-06 0.99996175 2.7371289702912e-05 0.99981235 0.00010618958282242 0.9996646 0.000349400829993281 0.0008795655 2.69439315059997e-06 0.00090508775 4.59322886295685e-06 0.0005994046 4.13814461322946e-06 0.0004366762 2.75695904213319e-06 102370.45 197.161729298563 51859.05 173.995826099364 11945.15 86.0059736297427 12051.3 69.0319491250247 0 0 0 0 0 0 0 0 0 0 
5 24987635 34853.5690424955 16230855 27648.6432759367 6254550.5 20546.7382995453 1246859 8506.90008169839 1255346 6867.25592940878 17847 184.644252550682 0.07086555 0.000723310521491289 0.035554745 0.000444104775334605 0.0082457555 0.000112911996062199 0.008074716 0.000273869749249529 2819.7 60.2786031689521 2409.7 52.7883509876942 365.05 16.4938624948797 44.95 5.56304772584237 0 0 2.0424705 0.00294497788616485 0.9999818 1.62653004890822e-05 0.9999426 3.98790671906966e-05 0.999757 0.000216103447450526 0.9997527 0.000162780250644842 0.0016246415 1.0639927760563e-05 0.001572241 1.0723811309418e-05 0.0009174529 5.46429547974852e-06 0.00059897685 4.30198222073267e-06 90030.55 399.306583341672 57813.75 150.747429497156 14715.45 99.7674671423506 14959.95 84.2380406942137 0.65 0.726291952316698 0 0 0 0 0.15 0.357071421427142 0.5 0.591607978309962 
6 29975680 47412.0828481517 19473730 36137.4335004577 7497875.5 20338.4319638953 1498153 9222.54742465443 1505915 8673.93019340137 24807.25 159.579408132754 0.084856715 0.000559852389719825 0.06207972 0.000529789338888582 0.016224395 0.000238514191349278 0.016474755 0.000291419576341399 3611.2 51.4165343056103 2824.65 45.0802340277865 686.85 23.1652217774836 99.7 11.1539230766578 0 0 2.0422835 0.0029461250397768 0.99997835 1.09876066547673e-05 0.99995035 3.04602609969145e-05 0.99973535 0.000117390491522936 0.99977095 0.000136628867740312 0.003842429 3.43880685558232e-05 0.002679925 1.94636115610644e-05 0.001389558 1.23469379199865e-05 0.00084363215 5.83293877282283e-06 48524.95 458.266786381034 57206.95 202.336223894784 17332.85 97.9863638472211 17730.85 100.421250241172 4.6 1.93390796058137 0 0 0.1 0.3 1.4 1.01980390271856 3.1 1.81383571472171 
7 35005795 56769.9169895465 22737580 44548.8226555989 8762285 18820.7827945598 1744445.5 5525.46511616895 1761489 10009.3480806694 22739 158.419695745195 0.05593617 0.00061121096120734 0.090853675 0.000662555103274436 0.027543045 0.000381057624874506 0.02985552 0.000623940640285596 3037.8 36.834223217003 1779 34.0073521462639 1067.35 27.1371977182612 191.45 14.0587161576013 0 0 2.0425465 0.00192927518773245 0.9999767 1.07893465974666e-05 0.99993375 3.19074834482411e-05 0.9997392 0.000157275109283065 0.9996352 0.00022123327055394 0.010797035 0.000140651499369896 0.003708013 2.50522550082822e-05 0.0018413475 1.42470052554914e-05 0.0010923375 1.02090944138057e-05 15492.55 292.742630137806 54510.35 182.774799958856 19694.85 69.4566591479896 20344.25 111.907942077406 10.85 3.10282129682004 0 0 0 0 2.35 1.35185058345958 8.5 2.61725046566048 
8 39395275 73785.2212506 25365480 83872.7345446659 10016542.5 22422.0163845717 1998937.5 10706.0346884362 2014306 8895.16913835819 20233.55 137.003457985556 0.01134457 0.000292006657629582 0.122661 0.000622030947783147 0.044289975 0.000694430984241775 0.0499827 0.000625894288198894 2119.45 48.0785555107472 329.65 17.7010592903363 1478.8 38.5260950525744 311 18.7882942280559 0 0 2.064109 0.00427932693305853 0.99985185 7.59389722079437e-05 0.9999479 3.03609947136221e-05 0.99972545 0.000170777186708308 0.99973315 0.000156428026580921 0.073793475 0.00196872284155871 0.00474858 4.81082438881321e-05 0.0022593925 2.45546991174805e-05 0.0013296715 1.14680945562025e-05 261.7 55.0854790303216 50045.2 336.932129664121 21939.3 115.155590398382 22763 97.3221454757343 20.35 5.00274924416565 0 0 0.1 0.3 3.55 1.65755844542508 16.7 4.07553677446297 
9 38758530 72169.2185076158 23003915 67941.5872275589 11251445 25010.7072071143 2246176.5 8510.71928511333 2256990.5 9059.04270604792 24264.8 147.410515228731 0.011762225 0.000229575497113694 0.13375595 0.000727275358787854 0.057246075 0.000713016482190279 0.065173335 0.000659710699682065 2368.5 50.7804096084307 318.8 15.0219838902856 1641.2 45.3349754604544 408.5 21.5023254556339 0 0 2.255371 0.00350620435799167 0.9997325 8.4932620352839e-05 0.9999451 2.40912847312047e-05 0.99966455 0.000187038893014262 0.9997489 0.000117165225216357 0.100965615 0.000585528066171895 0.0070387395 9.27693199002235e-05 0.0027942205 2.45313775550824e-05 0.001630665 1.35044039113172e-05 21.45 8.44674493518065 43509.15 418.283668698648 24255.6 107.814841278926 25265.2 119.688178196512 48.6 7.33757453113766 0 0 0 0 8.65 3.42454376523355 39.95 5.36166951611156 
10 38541480 101650.497293422 21043870 106494.756208933 12496830 21257.4481064873 2493247.5 8840.76177430429 2507536 7455.51567632984 27001.3 169.843486775325 0.013357995 0.000189559039549688 0.1325811 0.000748195622815316 0.07256165 0.000833645227599847 0.08330938 0.0010562493837158 2513.9 42.0688721027793 320.05 16.7316317195903 1658.7 35.0914519505819 535.15 21.8478259788016 0 0 2.428334 0.00535514089450502 0.99958785 0.000193084508700198 0.9999422 2.63184346039063e-05 0.99973245 0.000120594972946627 0.99964435 0.000141204559062378 0.12305075 0.00075620499039612 0.010771375 0.000142554269929035 0.0033683825 2.62817263274313e-05 0.001933902 1.7987022154876e-05 13.15 5.54323912527685 34252.85 395.212509290888 26446.7 99.5354710643397 27813.35 92.1028094034053 90.9 10.862320194139 0 0 0.15 0.357071421427142 17.25 4.24116729214965 73.5 9.80561063881286 
11 38906540 118845.662100053 19656215 117663.104986228 13760915 19156.8858377347 2738204.5 7724.05688417686 2751213 9824.11171557001 28149.25 220.189208409495 0.014602415 0.000173310684249414 0.11859595 0.00103049776685833 0.091070245 0.000873007197264146 0.1058764 0.00113684033179686 2528.65 52.5235899382363 318.25 15.8804124631572 1531.15 37.4236222191279 679.25 28.0853609554871 0 0 2.5612605 0.00480524658576436 0.9995073 0.000186459942078719 0.9999304 3.15981012087912e-05 0.9997236 0.00013128343383687 0.9996611 0.000117199786689225 0.14508075 0.00100380480547764 0.01727214 0.000266139492371951 0.0039916885 3.80807417568251e-05 0.002270341 2.91471475276742e-05 10.6 4.53210767744986 23975.9 396.223030627953 28462.6 93.3243805229909 30189.9 100.372755267553 158.85 14.629678738783 0 0 0.15 0.357071421427142 29 5.15751878329105 129.7 11.653754759733 
12 39639950 108204.743426525 18665170 104661.163284191 14988820 20811.4776025154 2986214 9337.56092349603 2999735 7233.93772436562 28131.35 248.979572455252 0.01561219 0.000255139645880448 0.09267401 0.00141205689683525 0.11294515 0.000922450989212976 0.1335361 0.00120220975291336 2343.6 46.9099136643844 294.5 15.7368993133972 1195.5 27.758782394046 853.6 28.8780193226613 0 0 2.657819 0.00398311172326359 0.9993784 0.000199573896088634 0.99993075 3.28525113195313e-05 0.99973935 9.10023488707927e-05 0.9996664 9.55140827312943e-05 0.16684485 0.000794243493835485 0.0300788 0.000723920999142863 0.004619662 3.36948436114488e-05 0.002621673 2.69114444242594e-05 9.5 3.00832179129826 14155.85 386.51200175415 30362.05 104.822457040464 32480.3 92.4916753010778 242.15 15.7584104528344 0 0 0 0 43.05 4.97468591973403 199.1 13.7291660343955 
13 40580390 105024.410971926 17903555 112054.680736683 16206165 26946.9715367052 3230831 12125.0385154027 3239838.5 8096.98911633207 27708.45 300.251307241118 0.016569915 0.000279994966517257 0.05741652 0.00190103863942846 0.1383722 0.00125388502662724 0.16667605 0.001221084291726 2062.3 35.5444791775038 267.25 16.2753648192598 757.2 30.1190969320131 1037.85 31.5583190300117 0 0 2.724749 0.00343085397532446 0.9992666 0.000305153305733365 0.99993945 2.86521814178347e-05 0.99970715 0.000111739104614275 0.9997522 7.94358860969065e-05 0.1884676 0.00133297983480621 0.06316781 0.00355403637079026 0.005289154 4.17780573267833e-05 0.0029788855 1.78976538895465e-05 6.55 1.9615045245933 5981.3 374.476047298088 32075 124.888350137233 34585.1 104.909437135083 335.95 19.7673341652333 0 0 0 0 58.15 7.35034012818455 277.8 17.1540082779507 
14 40943230 136461.621344611 17105045 153587.741942513 16885495 125547.845361838 3475583 12620.7587331349 3477093.5 8917.6977269921 28793.3 204.790893352219 0.0169798 0.000319896591104063 0.02301748 0.000809269612428392 0.1676476 0.0013430840405574 0.2044852 0.00172294551858148 1856.15 35.6991246391281 256 16.3768128767474 306.95 18.7175719579223 1293.2 33.5448952897456 0 0 2.783279 0.00469110424100772 0.9991894 0.000281609374843952 0.9994716 0.000231914941303913 0.9997025 0.00013876617022892 0.9997171 0.000105169815061167 0.21257115 0.00184312517955238 0.1754246 0.00451207210048775 0.006127372 6.28944083842117e-05 0.003426221 3.83454682980922e-05 7.8 2.6 704.95 96.7695587465397 33502.15 135.551936540944 36583.45 93.016382965583 527.65 28.4099894403359 0 0 0 0 90.6 9.4678403028357 437.05 25.7691191157168 
15 38761680 145813.00216373 15666625 125173.786692742 15676650 120524.39794498 3724873.5 10191.8581598254 3693556 11035.613440131 35214.75 306.46547521703 0.018130875 0.000331631115661664 0.019086035 0.000428852528586459 0.1925743 0.00140603780532388 0.23398695 0.00178204271764175 2216.5 33.0416403951136 287.6 12.6388290596875 287.2 14.0128512444827 1641.7 40.1685200125671 0 0 2.893629 0.00404411782716579 0.9991449 0.000270513751960969 0.9988585 0.000421887129455257 0.9996833 0.0001255325057505 0.9997398 7.72461002251901e-05 0.24864005 0.00204475911723117 0.2391933 0.00257937391822124 0.0074966075 7.18802520776742e-05 0.004164045 4.74589182872935e-05 5.25 1.86748493969831 116.45 30.5032375330882 34632.3 117.648246905766 38351.15 125.801142681615 1012.95 51.0298687045146 0 0 0 0 177 11.2249721603218 835.95 48.0369389116334 
16 36002205 183706.653322627 14099945 162351.570596037 14066990 92849.3020975387 3955430 7820.42134414764 3879863.5 7350.786539548 43786.05 409.05164404999 0.01897974 0.000298848843732079 0.0194023 0.000280487892786837 0.21852085 0.00156853971180203 0.2638401 0.00230493229618573 2763.8 56.7693579318984 340.95 15.9388675883828 329.3 18.663065128751 2093.55 53.8511606188762 0 0 3.0285815 0.00639020208991866 0.99853135 0.000353836159118868 0.99862285 0.00037180670717457 0.99970255 0.000110284393728226 0.99967155 0.000128148927034133 0.29482065 0.00317340988961401 0.2907653 0.00264721314026657 0.0092977905 0.000102439961219975 0.005102086 7.29828614402039e-05 4.95 2.59759504157211 48.35 11.8121759214803 35112.95 120.390811526462 39848.1 125.918187725205 1938.75 71.1539703741119 0 0 0 0 376.4 20.9174568243847 1562.35 69.045836224931 
17 32737605 188512.30589805 12237570 114619.405425085 12307240 142327.718312351 4177016 6018.91468622043 4015787.5 12354.0082058415 54664.35 637.157066585626 0.01958492 0.000234564058627915 0.019703315 0.000208096495105035 0.2472593 0.00211022032262036 0.29621415 0.00264920416870803 3520.05 76.9606880166751 399.3 14.8495791186148 383.05 20.6844748543443 2737.7 66.631899267543 0 0 3.1954205 0.00668675293023451 0.9978604 0.000599117884894128 0.9983018 0.000638247412842386 0.9997072 9.64160774974802e-05 0.9996443 0.000116542309913614 0.36078265 0.00309851660113352 0.35634765 0.00437998463781552 0.011752515 0.000195489481238762 0.006398637 0.000107275831346114 5.05 2.41816045786875 24.95 6.88821457273218 34943.35 198.899792609243 40927.35 109.209099895567 3640.5 176.469402446996 0 0 0 0 753.85 37.9147398777837 2886.65 150.566355803679 
18 29048845 229662.799501791 10299497.5 147460.893523503 10300785 143308.259618907 4365062 11784.6928682932 4083478.5 12600.28701062 68497.05 761.520615282344 0.01941532 0.000250337814962102 0.019612825 0.000173026090156947 0.27950575 0.00200784819832078 0.33050655 0.00235734544509285 4616.45 86.4797519654167 477.6 19.7088812467882 462.4 17.8392824967822 3676.45 85.811697920505 0 0 3.3953315 0.0105729169461412 0.99722975 0.00107995115051562 0.99723135 0.000751538773118199 0.99971215 8.50742469846192e-05 0.99966225 0.000125743339783863 0.4536946 0.00723331264636059 0.4515412 0.0063113622982681 0.0154069 0.000250232939478399 0.008247126 0.000151777307243211 5.2 1.74928556845359 16.3 4.34856298103178 33569.65 209.806166496602 41570.25 169.964371266451 6702.35 234.364731775069 0 0 0 0 1502.2 74.7238917616046 5200.15 180.531513869463 
19 24666950 234326.8902623 8066695.5 160213.932055705 8082026 150285.621248342 4504181.5 12519.1965696685 4014043.5 24452.6463342927 86113.9 828.401647753069 0.018951805 0.000138456605024824 0.01898607 0.000192409885660795 0.316429 0.00209294405085277 0.3647941 0.00221917941816339 6215.8 123.720895567402 581.4 27.7189465889308 559.55 21.2308148689587 5074.85 115.525873725326 0 0 3.6352225 0.0105009246616667 0.9957319 0.00119331416232272 0.99586075 0.00146282524161296 0.99965185 0.000121506903096077 0.99963825 0.000103419956971563 0.61087675 0.0124511315625328 0.6080105 0.0122681524342502 0.02114273 0.000399460860535798 0.011084605 0.000214705641460582 4.65 1.65151445649137 11.65 4.11430431543414 30484.55 326.169660606256 41277.85 215.161863488863 11982.1 342.164857926702 0 0 0 0 2920.85 100.876298008997 9061.25 257.794855456815 
20 19427570 217060.998569527 5641334.5 128618.501175958 5579945 92094.3549030015 4497883 17165.5466268919 3708407.5 29983.0019969649 109433.7 827.009558590468 0.017751605 0.000175333047298563 0.01779128 0.000176230010497645 0.36061545 0.00195685974139692 0.39908415 0.00170316106915935 8741.5 142.285803929978 698.9 24.4906104456381 687.5 30.0358119583939 7355.1 141.225670471058 0 0 3.8726995 0.0104312710035738 0.9925921 0.00176805452121816 0.9918866 0.00278041109190708 0.99962985 9.28360247964183e-05 0.9995643 0.00013510000000001 0.91749145 0.0215756720671107 0.92717855 0.0162337093095663 0.03192916 0.000585182705998733 0.01631335 0.000307340212956261 3.85 1.90459969547409 9.5 3.69459064038223 24155.6 408.503537316386 39801.6 228.703825940888 21885.6 437.094543548647 0 0 0 0 5965.1 149.77479761295 15920.5 337.52859138153 
21 13695915 329445.394982234 3193810.5 112337.733174344 3223552.5 143265.061996113 4241079.5 38467.6387987358 3037463.5 58791.3430936052 137434.7 1536.58104569853 0.01579465 0.000236704998891025 0.01581308 0.000182593985662179 0.412019 0.00343123744442147 0.4261601 0.00150103150866329 12949 340.224778639064 885.05 30.1587052109337 864.45 30.1487561932495 11199.5 328.630871952104 0 0 3.894777 0.0119653608804749 0.9845439 0.00439526051446327 0.9840268 0.00453202933132607 0.9995933 0.000160295695512997 0.99939545 0.000230841823550236 1.687853 0.0585453663495242 1.6761125 0.0763763303566622 0.05493147 0.00226958001513496 0.02759992 0.00107386424076789 4.3 2.05182845286832 6.65 2.77983812478353 13094 1026.06076818091 36446.2 382.586931297973 39476.6 1268.28945434392 0 0 0 0 12256.8 511.441844201274 27219.8 769.023510693919 
22 9501361 101243.308267757 1801912 67324.934132905 1775657 72526.3342586677 3649028 36951.3650086164 2274762 24304.8270102875 158019.4 478.577308279446 0.014162275 0.000128451219826828 0.014175855 0.000125729250673819 0.45479835 0.00114705375963815 0.43649645 0.000770183385629685 17456.75 146.969342041121 1040 35.4203331435491 1026.2 38.7009043821976 15390.55 140.852573636409 0 0 3.5988235 0.01778497941382 0.97395175 0.00706019624284623 0.97332595 0.010111243110889 0.9993885 0.000177706358918292 0.9989362 0.000395169027126363 3.0908245 0.11574527737558 3.1546655 0.152651075576787 0.09493918 0.00164725713615088 0.04733474 0.00066496703181436 4.75 1.57718102955875 5.6 2.26715680975093 1467.05 307.713905275663 32908.3 187.106413572598 60705.35 523.446012020342 0 0 0 0 21306.3 251.73658852062 39399.05 329.173582627768 
23 8340869.5 88543.1567923236 1511875.5 57780.1236131423 1557138.5 55356.9760079974 3214410 25523.8082973525 2057445 18117.3277554942 163584.5 430.278921166259 0.013958525 9.89624518441211e-05 0.014044395 0.000117237308374937 0.4584306 0.000789957808999948 0.446882 0.00126143747367834 18894.95 160.848834313463 1125.55 29.741343278339 1092.1 39.5890136275205 16677.3 147.350636238871 0 0 3.5737005 0.0255042640503504 0.96593965 0.00937561934634187 0.96457945 0.0105241967887103 0.99904495 0.000275329888497423 0.9988812 0.000291925435685201 3.853784 0.146827360576971 3.7638565 0.13840371733718 0.1163694 0.00107964584007905 0.057942915 0.000732015161916063 4.5 1.77482393492988 5.05 2.6167728216259 264.65 69.1905159685921 32571.65 112.900963237698 68853.75 279.118948658094 0 0 0 0 23708.85 163.262449754988 45144.9 320.543897149829 
24 7498547 65284.2415978006 1395753 46137.8085847172 1355223.5 50917.340884516 2865135.5 21901.7575721676 1882436 13285.4937431772 167815.75 319.430097987024 0.013911595 0.000108391182644162 0.013949465 9.36953802222926e-05 0.4583866 0.000718377505215743 0.4567205 0.000937314701687753 20135.9 160.591375858108 1178.9 33.8480427794577 1147.7 26.8981411997186 17809.3 173.776034020805 0 0 3.576956 0.0218078058043444 0.95777335 0.0106940036294879 0.96046325 0.0112350675960361 0.99872105 0.000274784911339766 0.99852945 0.000447203138964823 4.3810995 0.166415762729226 4.500963 0.179660494436033 0.1367555 0.00109825645912055 0.0687714 0.000637388459261697 4.1 1.57797338380595 4.55 1.9615045245933 131.6 40.934581957069 32566.3 122.742046585512 75641.45 223.483215253406 0 0 0 0 25303.35 163.141434038076 50338.1 247.07952161197 
25 6752391.5 84592.0574448334 1218458 49215.7126942199 1230234 64605.6695964062 2571829 28450.7964563384 1731871 13780.2194830126 171088.35 432.781500875442 0.01392284 7.53748592038487e-05 0.01395659 8.24990963586874e-05 0.4580646 0.000693745803590911 0.4646966 0.000857981724747104 21099.75 153.732844571354 1215.45 35.8559269856463 1192.8 30.6522429848127 18691.5 146.937571777949 0 0 3.568478 0.0315873436046781 0.95223995 0.01313216638059 0.95618975 0.0127871729317899 0.9986163 0.000406227411679726 0.9982608 0.000534273020093669 5.1827025 0.202959701834502 5.149329 0.272853835576852 0.1589128 0.0017916969777281 0.08057043 0.000838763408894309 3.3 1.38202749610853 4.6 1.46287388383278 91.1 21.6561769479287 32520.5 196.204612585943 82045.75 256.733495087805 0 0 0 0 26790.9 172.762235456711 55254.85 199.51573246238 
26 6133355.5 73728.0984072558 1112571.5 47230.7179995181 1118655 63795.6056872258 2312254 26894.1923842305 1589875 17987.3128899233 174157.65 382.669475526857 0.013905555 7.9123299191831e-05 0.013919125 0.000102462821916049 0.45835115 0.00106195462591393 0.47101075 0.00129568772761804 22079.55 113.366871263169 1261.35 32.504268950401 1252.65 33.9017329940521 19565.55 114.021697496573 0 0 3.5740425 0.0259516575337685 0.94570485 0.0130735955317388 0.9469699 0.0164376195901353 0.9982098 0.000513758951260205 0.9979509 0.000525958639058233 5.935994 0.28468495136554 5.922916 0.297279585195486 0.1839717 0.00219392233454149 0.09387467 0.00135472729990209 3.85 1.93067345763078 5 2.30217288664427 70.55 15.4805523157283 32601.2 117.391907727918 88295.3 217.475079032058 0 0 0 0 28301.05 323.801555740549 59994.25 262.660974451859 
27 5582422 62592.0845315124 1027070.8 37839.0104490062 998662.05 46381.8337934961 2093719.5 30480.330456706 1462969 13800.963698235 176748.6 367.399428415451 0.013905135 9.3431548606453e-05 0.01390517 7.19040895916219e-05 0.45833805 0.000739277111440626 0.4764424 0.000820264006280904 23056.55 161.198472387303 1305.95 40.8760015167824 1289.35 33.235936875617 20461.25 165.650799877332 0 0 3.572689 0.0280845532099053 0.9374382 0.00846309866183776 0.9451608 0.0146450924599334 0.9979405 0.000581581163725233 0.9976746 0.000728778594636249 6.684575 0.29620973391332 6.845168 0.315724198401073 0.2111448 0.00307196233049822 0.1085798 0.00125694322067467 3.5 1.83030052177231 3.65 1.35185058345958 56.05 9.98736702039131 32630.6 165.372730521087 94489.4 207.505758956228 0 0 0 0 29875.7 185.077308171477 64613.7 239.423495087679 
28 5039013.5 67891.4953639261 923991.9 41753.0549587692 887509.05 37652.5469583068 1900692 20816.2327523498 1326822 17151.1359973618 178690.8 503.968411708512 0.01392386 6.89309973814393e-05 0.013990055 0.000105477834045831 0.45850515 0.000582628550192999 0.48094035 0.000827859424962958 23976.95 174.806886306003 1352.3 26.2984790434732 1336.75 27.1032747098944 21287.9 163.512660060315 0 0 3.5438875 0.0227989267017112 0.92191395 0.0193899339902822 0.92890145 0.0193659430404899 0.99762905 0.000367105090539464 0.9973597 0.000745059467425252 7.694468 0.45421984852712 8.0426645 0.379442576834427 0.24128755 0.00264408731843334 0.12682145 0.00180450362911799 4 2.0976176963403 3.65 1.42390308658981 46.6 11.5602768132947 32549.05 179.777494420186 100661.3 237.754936857261 0 0 0 0 31514.4 197.264137642908 69146.9 256.878745714783 
29 4575323 54499.2330313005 827396.2 46331.1359547767 812494.8 33324.3874431324 1726636.5 14314.5971913289 1208796 10192.0284536494 180688.8 416.127816902451 0.01390641 7.02039521679514e-05 0.013990075 7.90719980460848e-05 0.458404 0.000614836644971653 0.48516545 0.000739862316583294 24937.2 170.365078581263 1411.25 25.9342919702852 1368.15 29.4640034618516 22157.8 176.044198995593 0 0 3.5397765 0.0364284903989995 0.9261829 0.0197043920431461 0.92036595 0.0214308062528571 0.9974635 0.000821649955881449 0.9971566 0.000770932967254607 8.7109925 0.497732676543092 9.066335 0.625846288256949 0.2752187 0.0023171715322781 0.1471845 0.00174075375915148 3.65 2.21979728804231 3.65 1.42390308658981 39.5 8.88538125237179 32514.15 216.744152170249 106892.2 183.339739282023 0 0 0 0 33063 218.683332698219 73829.2 200.356831677884 
30 4208636 69128.0136702914 760012.85 44802.2425613663 756248.5 35286.980587038 1585853.5 21205.8617544772 1106522.5 10027.9239501504 182181.55 415.103779192625 0.01394852 0.000113942382808154 0.01398831 7.2808453492709e-05 0.4592786 0.000617979967312858 0.4875614 0.000632306760995011 25696.4 145.406120916556 1446.3 41.1267552816898 1425.85 41.218048231327 22824.25 129.263248837402 0 0 3.5295895 0.0325551982753907 0.91114615 0.0234802890639681 0.90692615 0.0190726334790846 0.99716605 0.000746253541030121 0.99671535 0.000761999165025789 9.912252 0.871572418755894 9.9487865 0.512163473671005 0.3101019 0.0042172360960705 0.1692808 0.00171585417795336 3.1 1.4456832294801 3.3 1.51986841535707 35.1 9.27307931595541 32397.15 168.387729659854 112837.6 307.478356961917 0 0 0 0 34828.8 273.251093318947 78008.8 188.491538271616 
31 3850866 55385.7543417078 690327.65 43992.3502739681 690773.95 38657.5911050792 1454371.5 17808.3371697079 1015394.75 12802.5915496629 183519.2 351.781125133228 0.01393519 0.000100943206309291 0.01395939 8.38922338479551e-05 0.4598034 0.000577497567094442 0.48995255 0.000715616690344768 26631.75 151.793568704343 1491 41.9606958950873 1478.3 36.2672028146644 23662.45 143.370664712137 0 0 3.51842 0.0407009897914044 0.90530365 0.0192004751120252 0.90530645 0.0212284288855181 0.9965404 0.000793270723019589 0.99585675 0.000943205485299995 11.179839 0.951772654329278 11.21887 0.70652816440677 0.3496426 0.00438852315021808 0.1931514 0.00249954780710432 3.15 1.23592070943083 2.7 1.67630546142402 33.85 9.10096148766711 32432.15 181.859911745277 118839 270.820789453099 0 0 0 0 36676.85 176.035585891035 82162.15 251.814470394376 
32 3548627 67196.5936711081 649883.7 48125.3139627161 633958.5 41724.2698300402 1337237.5 21153.2694576985 927547.4 8515.43145941531 184637.2 481.402596586267 0.013935595 8.77105835974199e-05 0.014013295 5.74280634794522e-05 0.4603854 0.000578720174177472 0.49184995 0.000754524186159729 27352.85 184.203223370277 1555.1 33.5423612764516 1504.15 26.4769239149868 24293.6 171.091320644853 0 0 3.5119935 0.0456421053715755 0.8904449 0.0248400064349831 0.8961557 0.0189901626693928 0.9963264 0.00104180503934276 0.99514595 0.000924019506017061 12.153165 0.864313732550282 12.4735 0.946437486577957 0.39261485 0.00639873478333803 0.2216715 0.00257664732743928 2.65 1.58981130955846 3.1 1.33790881602597 31.9 6.94910066123667 32272.05 208.449868073837 124807.5 349.83303160222 0 0 0 0 38486.5 235.929332640094 86321 325.135510210743 
33 3259243.5 43077.271881469 585306.15 27227.1993111209 597094.35 40985.8982325324 1233818.5 18382.9644712163 843026.4 9370.36010193845 185462.75 501.406409512284 0.014027275 9.78936304107677e-05 0.014035415 7.09583488745336e-05 0.4608976 0.000678466535652277 0.4934243 0.000706919026480401 28208.9 154.856029911657 1575.15 43.0572583892658 1560.9 27.4443072421222 25072.85 157.370033678588 0 0 3.491194 0.0381477602750149 0.88282295 0.0238939019971101 0.872376 0.0300017355531309 0.9958001 0.000934148751537994 0.99473115 0.00100909366636602 13.920925 1.22423609850184 14.114135 1.61360718586495 0.4391417 0.00665817146895452 0.25428685 0.00308946343682847 3.55 1.46543508897528 3.1 1.89472953214964 27.95 5.21032628536832 32162.35 179.639994154977 130656.8 324.150212093097 0 0 0 0 40295.9 299.980649375922 90360.9 175.545692057652 
34 3009892.5 64589.4647659353 560242.7 39466.1596828219 542195.85 37842.2130077973 1138110.5 19507.1244613346 769343.5 9357.85031136959 186330.65 497.626795399926 0.014009505 7.04242818564733e-05 0.014014435 0.000106690713161924 0.4618257 0.000648261760402384 0.49446335 0.000693117109513245 28913.1 216.160796630656 1621.7 31.3035141797211 1614.85 42.8745553912807 25676.55 182.952036064101 0 0 3.483867 0.0556523440746209 0.87369045 0.0289490862264683 0.8616174 0.0279695127458453 0.99561375 0.00113294708062646 0.99363385 0.00135484394950119 14.77222 1.27388656622166 15.93839 1.27751780727315 0.49061245 0.00808001825786923 0.2905249 0.00340316452584943 2.95 1.65755844542508 2.35 1.06183802907977 27 7 31992.1 189.09809623579 136708.65 340.188223635093 0 0 0 0 42348.55 299.914567002005 94360.1 286.254764152494 
35 2787730 67528.5096089052 502206.4 36180.7889057163 514203.6 39724.5221650305 1065643.5 15981.1733846423 705675.4 12759.9290530943 186886.95 507.622445819725 0.01402245 6.20494520523752e-05 0.014066295 9.40445398468194e-05 0.46254895 0.000639345561883401 0.49522295 0.000767606635914521 29675.8 169.247924654927 1658.1 41.5474427612579 1644.45 48.2643501976355 26373.25 151.240495569143 0 0 3.449701 0.0546840846042064 0.84937555 0.040424861531581 0.8519442 0.0332231086498539 0.9949685 0.00124399905546587 0.9929209 0.00117649058219775 16.99535 1.45762977552601 16.28208 1.43358867029563 0.5397404 0.00833607418633016 0.3286973 0.00624729177404097 2.55 1.32193040664023 2.55 1.24398553046247 25.25 6.01560470775798 31855.55 224.612883646509 142403.7 322.525053290438 0 0 0 0 44237.75 291.571925088819 98165.95 316.746345677421 
36 2574154.5 50175.4732389242 468979.7 27740.9222991955 469999.5 30016.1307857958 991925.2 16458.1198063448 643252.15 9051.44870324635 187468.25 441.290253121457 0.014069765 8.38951445257709e-05 0.01411536 7.73192304669412e-05 0.46354895 0.000695268543442033 0.49558245 0.000696591664822373 30326.2 168.622240525976 1722 44.8820676885546 1690.85 43.9582472353027 26913.35 164.743216855809 0 0 3.4283445 0.0523018627273446 0.8348014 0.0294184345630423 0.8459507 0.0321007665252716 0.9945625 0.00105186251478033 0.9922441 0.00213578493533407 18.146845 1.57824806842112 19.08629 1.31029673696457 0.596647 0.010248808369757 0.37378905 0.00572239971056724 2.25 1.13468057179102 2.9 2.16564078277077 27.35 5.62383321232058 31756.45 183.729277743097 148208.55 314.73011851426 0 0 0 0 46286.4 284.726781318512 101922.15 264.752200179715 
37 2388767 56964.1749786653 437444.55 38478.0198834023 438444.1 24970.2706290901 926896.1 14794.579283981 585982 8752.99788072635 187861.25 435.385217365036 0.01408567 7.50333332592924e-05 0.014132295 5.60927399491235e-05 0.46417555 0.000557511477460328 0.49619 0.000590429674051035 31129 225.780424306449 1743.7 38.3772067769399 1700.25 32.655589108145 27685.05 209.410237333326 0 0 3.3975345 0.0567634738608376 0.8228537 0.044662291256831 0.82739245 0.0280010745248731 0.99328885 0.00120794748540654 0.9900697 0.00187260543361382 19.5423 1.58186937134518 20.12983 1.97764010783054 0.65707205 0.0106566817512535 0.42544345 0.0067491905475768 2.6 1.39283882771841 2.55 1.46543508897528 26.15 4.28106295211832 31546.35 258.632417728327 153986.65 319.419359932988 0 0 0 0 48233.25 257.271427679018 105753.4 250.196203008759 
38 2229388.5 44243.0525930343 407511.1 41314.782296292 418578.45 25094.8890662521 868478.95 15078.1560294188 534818.9 9537.65449101612 188166.7 282.593718967708 0.01412722 8.60331192041763e-05 0.01415199 9.81375305375065e-05 0.46535855 0.000415320054295477 0.49603245 0.000461496638665979 31701.2 188.444315382555 1793.4 37.451835736049 1754.25 34.9841035328905 28153.55 166.107939304538 0 0 3.3866385 0.0462800537245799 0.8139712 0.0378404406641889 0.8246201 0.027912695011231 0.9923935 0.00172996218166756 0.98985935 0.00209720192816524 20.97726 2.1656529108793 20.482115 2.26725095132299 0.72091915 0.012692776367978 0.4802578 0.00922974874847631 3.2 1.88679622641132 2.15 1.71099386322687 24.5 4.89387372129686 31435.75 154.424050911767 159702.6 195.237137860603 0 0 0 0 50400.15 179.861689917559 109302.45 213.137391135389 
39 2107248 45833.1615317992 405471.2 26427.2373822918 392351.8 30209.7587636843 817074 12445.6740315661 492351.45 8621.59343436583 188095.85 500.496281204966 0.014139465 7.36399163158134e-05 0.01416605 8.62893881076925e-05 0.466158 0.000558060211805146 0.496122 0.000567678342021258 32382.75 170.2756221542 1818.15 35.2168638581007 1795.2 37.9191244624662 28769.4 177.943923751276 0 0 3.379813 0.0440253859835436 0.806381 0.0335799208888288 0.8085408 0.0300356529288111 0.9921219 0.00171524653913074 0.98971355 0.00199736625271882 21.807255 1.99581412898972 22.668 2.21624012665595 0.7866119 0.0125827251177954 0.53861505 0.00901622464491098 2.6 1.39283882771841 2.3 1.34536240470737 25.2 5.61782876207526 31121.25 290.905805201615 165291.9 265.562779771564 0 0 0.05 0.217944947177034 52426.8 264.559936498329 112865.05 202.350803062404 
40 1959937 44660.3528982922 376205.25 25154.5062799392 364466.25 25451.9619594934 769724.4 10214.815565638 449540.1 6581.04806926678 188505.5 315.122753859508 0.014180075 6.34397893675571e-05 0.01422006 7.63670570337761e-05 0.46726045 0.000476777566061993 0.49578925 0.000539528022905203 33137 180.947506200003 1859 48.7421788597925 1836 49.6215678913917 29442 173.64014512779 0 0 3.334659 0.0472392365412481 0.7857423 0.0396553823977276 0.7874452 0.0389586621736425 0.99231315 0.00142467656943603 0.98695005 0.00276802854889541 22.352565 1.55620235261196 23.853785 2.22372081167466 0.856146 0.0119806383010255 0.6069723 0.0100700940268698 2.6 1.74355957741627 2.2 1.93907194296653 22.7 4.62709412050371 30992.4 226.425793583682 171164.9 337.146689142871 0 0 0.1 0.3 54735.95 251.898089512406 116428.85 280.148224159997 
41 1849031.5 46313.9387522806 351678.5 31012.3838256591 359297.05 28700.0088091885 726855.65 17403.2450315308 411201.55 6365.00860545373 188610 436.677340836458 0.014205105 6.5432373294876e-05 0.014240465 6.03691086152513e-05 0.46813145 0.000498955456428728 0.49563155 0.000537458414670386 33678.9 197.804423610798 1898.15 37.6381123331126 1869.75 41.326595552985 29911 191.341318068001 0 0 3.314213 0.0482362930893326 0.7616803 0.0527052819280003 0.78960015 0.0412265483351141 0.99112025 0.0019951728966433 0.98542995 0.00274359720941323 23.86779 1.82324346643557 23.299715 2.54329673893453 0.9308058 0.0218115524656087 0.685523 0.0107453306510316 2.15 1.27573508221731 2.2 1.16619037896906 23.75 5.97390157267426 30762.7 240.020228314199 176883.35 366.25623202889 0 0 0 0 56829.1 270.311283523274 120054.25 285.782062943076 
42 1730088.5 31901.1012780123 327454.7 32705.236149736 333774.85 28440.236606391 691548.1 8527.94333294963 377311.2 8047.81616092217 188650.1 608.212865697529 0.014223945 6.77024185313936e-05 0.01424227 6.1989604773704e-05 0.4690689 0.000688738695007041 0.49530865 0.000701587006364864 34370.8 187.933126404048 1936.15 33.2344324458836 1916.95 40.1888977206392 30517.7 170.672229727041 0 0 3.259828 0.0461131284560048 0.7589835 0.035877367496097 0.7568202 0.0384442490180261 0.9897967 0.00220050837535329 0.9841479 0.00292071547570111 25.837175 2.68252072999912 25.96889 2.30075869310538 1.00317315 0.013502433133606 0.76551555 0.0169586509058799 2.6 1.35646599662505 2.4 1.2 24.55 5.1329815896806 30563.15 282.812530662982 182433.4 433.360173527748 0 0 0 0 58983.55 405.451905285941 123449.85 294.986825977026 
43 1620595 46750.4402653066 305139.65 30730.1012238408 312692.75 26690.0967886499 657453 9706.90024158073 345309.25 6836.50222610217 188477.95 449.495547808874 0.01426287 7.17240691818305e-05 0.01430799 6.10915288726678e-05 0.4701713 0.000493960332415472 0.4946891 0.000523636887547079 34921.9 144.317670435744 1970.05 44.4156222516357 1944.75 34.1407015159326 31007.1 134.816504924286 0 0 3.1956965 0.0599017782102501 0.72815655 0.0327576361623897 0.7283347 0.0426879155512424 0.99049125 0.00186495230166888 0.9820751 0.00322759049292194 26.552015 2.33306106419764 27.0214 3.11381516150204 1.0796525 0.0160833556433351 0.85978305 0.0168402009562683 1.95 1.2031209415516 2.15 0.963068014212911 21.55 3.84024738786449 30222.15 227.540386525118 188037.75 405.976831235478 0 0 0 0 61205.15 308.510336131547 126832.6 297.484688681619 
44 1542198 35827.7672483229 301756.45 23647.8438202619 299487.25 25710.405331062 624730 11317.1322736814 316223.55 7783.7906926831 188589.1 519.682874453257 0.01430101 6.66616898975715e-05 0.014350095 8.70666496139594e-05 0.4710425 0.000620512892694423 0.49427065 0.000643043643542175 35632.5 170.254662197545 1997.95 33.9594979350402 2006 39.3230212471016 31628.55 159.090689545303 0 0 3.19548 0.051619947888389 0.7367992 0.0390556000704124 0.7338367 0.0464361841004405 0.9880968 0.00131460650386341 0.98060845 0.00370098087640291 26.36324 2.65788664288002 26.49551 2.99902679446183 1.165878 0.0210567817104134 0.96459565 0.0245030118133975 2.55 1.28354976529934 1.75 1.33697419571209 23.25 4.48190807580878 29993.6 319.519858537775 193755.4 397.007606980017 0 0 0 0 63432 390.634355887958 130323.4 300.802659562711 
45 1476608 38250.1969406695 293896.25 33776.1573967126 292245.55 26093.3884393633 598597.5 12903.3334782141 291868.7 6098.30061656524 188337.45 536.096024514266 0.014338375 7.70209963256773e-05 0.014362825 9.17615054094034e-05 0.4718867 0.000474311933225381 0.49380585 0.000465930818362554 36120.6 190.520969974436 2049.4 52.7184977024194 1997.8 47.4832602082039 32073.4 171.664323608605 0 0 3.1501935 0.0624769445695771 0.71666635 0.0436654390282234 0.7127672 0.0417656966057074 0.9880445 0.00255132358786573 0.9769073 0.00530167945183412 27.547335 3.26440468328836 27.57015 2.44048993657011 1.2442725 0.0267263878732237 1.070483 0.0223900614335915 2 1.26491106406735 2.2 1.50332963783729 22.7 6.55820097282784 29678.9 342.701167199646 199324.35 373.578007248821 0 0 0 0 65606.4 254.202557028839 133717.95 224.012159268197 
46 1381786.5 40703.2596084147 273260.55 33810.720259224 271077.3 17844.0044163299 570040.35 9149.40505866365 267407.4 5989.08373125639 188314.35 490.851634916295 0.014379085 6.17939177832251e-05 0.014403055 6.89435745737047e-05 0.4732395 0.000619968507264678 0.49281185 0.000659436143610586 36685.85 255.241704076744 2069.7 41.2336028015986 2048 39.986247635906 32568.15 229.499297384545 0 0 3.1155385 0.0680927061640966 0.7227737 0.0567561144380938 0.69505865 0.0434423463112606 0.98715675 0.00257107603689583 0.9744714 0.0058160922052526 28.572515 2.35864890780188 28.356495 3.38819382982659 1.336941 0.0223118159054793 1.1948405 0.0295134858115743 2.45 1.16081867662439 1.9 1.17898261225516 23.65 4.70398767005187 29357 222.582568949143 204902.45 432.935269411029 0 0 0 0 68008.7 375.788251546 136893.75 219.036498100202 
47 1300325 32595.7597702523 254263.35 22299.4167799855 254971.8 26337.9036534801 542502.9 10750.4582595348 248586.25 5217.96143024266 188228 448.781906943674 0.01442674 7.64697809595398e-05 0.014411825 7.02270736610888e-05 0.47396375 0.000546859842647089 0.49241525 0.000615154035587837 37396 218.772713106548 2123.35 47.8385566253833 2088.8 47.5421917879266 33183.85 194.390399711508 0 0 3.061105 0.0784394115543966 0.68058835 0.05962119803499 0.69192835 0.0495990003682282 0.9863127 0.00256927534725261 0.9727214 0.00499718196987062 28.98373 4.2299156867602 29.580175 3.2346795210461 1.4371305 0.029305732626058 1.3203765 0.0265851000139175 2.1 1.13578166916005 2 1.58113883008419 23.65 4.01590587539101 29044.3 388.519253062187 210639.1 276.704698189243 0 0 0 0 70272.15 327.210219125259 140366.95 180.112041518606 
48 1262784.5 27025.088616876 254451.8 23765.1873474627 253693.95 23084.6455495314 526774.35 12068.9189750988 227864.5 5366.02121222047 188243.75 407.869571677025 0.014458965 5.60245863438543e-05 0.014453675 6.36516290050771e-05 0.4754627 0.000535454209059932 0.49114495 0.00056990327907462 37923.8 186.64768951155 2139.15 49.7858162532262 2132.45 56.4078673590839 33652.2 176.127964843746 0 0 3.0240685 0.0490556179529929 0.6733293 0.0222791376383827 0.6780884 0.0379876200141572 0.98634185 0.00307199930460605 0.96997265 0.00604465146451803 27.68298 2.37715974717729 28.61215 3.4476633838732 1.511966 0.0366167302472518 1.4734095 0.041716491160571 2.3 1.38202749610853 1.8 1.0770329614269 22.35 3.99092721056148 28696.6 308.24396182245 216356.05 484.738019449682 0 0 0.05 0.217944947177034 72830.7 423.043508400732 143525.3 193.229423225346 
49 1189285.5 39601.3668293154 242028.6 30788.5966266733 239988.75 28704.2571753303 500285.45 9610.04624585647 206983.2 7153.05431686353 187946.95 519.01863887533 0.014444955 8.10107121003142e-05 0.01449033 5.81669588340323e-05 0.47617905 0.00058695080500839 0.4907605 0.000607603118820172 38449.95 209.896516169278 2199.45 43.3041279787505 2156.8 52.3092726005629 34093.7 187.1622558103 0 0 2.9793045 0.0726895078725259 0.66255255 0.0620117682343239 0.6752483 0.0521087231018953 0.98381385 0.00281939199606936 0.9644 0.00601604657561757 28.216875 4.11238038499298 29.787815 3.45851261314384 1.628626 0.0330033524660753 1.667069 0.0590954015046856 2 1.22474487139159 2.2 1.12249721603218 24.85 4.90178538901898 28397.2 310.23919803919 221808.45 406.507622929755 0 0 0.05 0.217944947177034 75002.2 306.938039349964 146806.2 332.424216927708 
50 1131823.5 44449.9075673955 221823.05 27424.9308521918 237813.7 23663.3406223635 480612.4 12103.7316824193 191573.95 6113.72356649366 187989.7 509.156960082056 0.014467585 7.57499523102159e-05 0.01455971 6.65359895094377e-05 0.47724485 0.000900126950768605 0.48987295 0.000924188913318053 39003.75 278.876114968636 2236.8 44.752206649505 2172.05 56.3830426635527 34594.9 266.113678716446 0 0 2.9056315 0.0752585888304451 0.6121804 0.0551038159834689 0.6546781 0.044860735124271 0.9835419 0.00350630807117685 0.95857595 0.00793177088344715 27.856285 4.38795355197329 29.80286 3.71748609229409 1.731263 0.045258202913947 1.83887 0.0645916435771687 2.4 0.969535971483266 1.85 1.45859521458148 24.5 6.00416522091123 28161.3 412.83835819846 227403.6 512.163391897547 0 0 0.05 0.217944947177034 77405.45 585.606819888567 149998.1 319.737532986042 
