#1 Nodes,             #2 AvgThroughput,               #4 totalBKThroughput, 
#6 totalBEThroughput,   #8 totalVIThroughput,           #10 totalVOThroughput,
#12 totalCollisions,    #14 totalBKCollisions,          #16 totalBECollisions,
#18 totalVICollisions,  #20 TotalVOCollisions,          #22 totalInternalCollisions,    
#24 totalBKIntCol,      #26 totalBEIntCol,              #28 totalVIIntCol,
#30 totalVOIntCol,      #32 overallFairness,            #34 BKFairness,
#36 BEFairness,         #38 VIFairness,                 #40 VOFairness,
#42 avgTimeBtSxTxBK,    #44 avgTimeBtSxTxBE,            #46 avgTimeBtSxTxVI,
#48 avgTimeBtSxTxVO,    #50 qEmptyBK,                   #52 qEmptyBE,
#54 qEmptyVI,           #56 qEmptyVO                    #58 totalDropped,
#60 droppedBK,          #62 droppedBE                   #64 droppedVI,
#66 droppedVO
2 19928700 0 13942500 0 0 0 0 0 5986140 0 3821 0 0.018304 0 0 0 0 0 0.0134434 0 0 0 0 0 0 0 0 0 0 0 1.72501 0 0.999987 0 0 0 0 0 0.999966 0 0.00070634 0 0 0 0 0 0.000394998 0 68678 0 0 0 0 0 60202 0 0 0 0 0 0 0 0 0 0 0 
3 30009900 0 20999600 0 0 0 0 0 9010300 0 11052 0 0.0301047 0 0 0 0 0 0.0581614 0 0 0 0 0 0 0 0 0 0 0 1.7247 0 0.999996 0 0 0 0 0 0.999959 0 0.00213907 0 0 0 0 0 0.000594644 0 18962 0 0 0 0 0 78999 0 2 0 0 0 0 0 0 0 2 0 
4 36230800 0 24226200 0 0 0 0 0 12004600 0 17038 0 0.0001042 0 0 0 0 0 0.16146 0 0 0 0 0 0 0 0 0 0 0 1.79567 0 1 0 0 0 0 0 0.999994 0 0.0315307 0 0 0 0 0 0.00116714 0 11 0 0 0 0 0 73529 0 35 0 0 0 0 0 0 0 35 0 
5 37863100 0 22908200 0 0 0 0 0 14954900 0 28402 0 0.00278677 0 0 0 0 0 0.28878 0 0 0 0 0 0 0 0 0 0 0 1.91544 0 0.999971 0 0 0 0 0 0.999987 0 0.0562785 0 0 0 0 0 0.00137271 0 4 0 0 0 0 0 77598 0 112 0 0 0 0 0 0 0 112 0 
6 34684100 0 16739800 0 0 0 0 0 17944300 0 40392 0 0.00618411 0 0 0 0 0 0.346282 0 0 0 0 0 0 0 0 0 0 0 1.99746 0 0.999872 0 0 0 0 0 0.99999 0 0.0931326 0 0 0 0 0 0.00200249 0 3 0 0 0 0 0 76013 0 569 0 0 0 0 0 0 0 569 0 
7 30493900 0 9710630 0 0 0 0 0 20783300 0 56889 0 0.00903897 0 0 0 0 0 0.428363 0 0 0 0 0 0 0 0 0 0 0 1.7668 0 0.999475 0 0 0 0 0 0.99996 0 0.187771 0 0 0 0 0 0.00317759 0 2 0 0 0 0 0 55772 0 2506 0 0 0 0 0 0 0 2506 0 
8 27334600 0 4201190 0 0 0 0 0 23133400 0 69203 0 0.0109099 0 0 0 0 0 0.498699 0 0 0 0 0 0 0 0 0 0 0 1.35143 0 0.996774 0 0 0 0 0 0.999961 0 0.494289 0 0 0 0 0 0.00531204 0 1 0 0 0 0 0 8610 0 10912 0 0 0 0 0 0 0 10912 0 
9 24796100 0 3475620 0 0 0 0 0 21320500 0 82306 0 0.0115789 0 0 0 0 0 0.572514 0 0 0 0 0 0 0 0 0 0 0 1.31735 0 0.995115 0 0 0 0 0 0.99994 0 0.670563 0 0 0 0 0 0.00691352 0 1 0 0 0 0 0 52 0 20229 0 0 0 0 0 0 0 20229 0 
10 22493600 0 3332750 0 0 0 0 0 19160800 0 94703 0 0.012233 0 0 0 0 0 0.636994 0 0 0 0 0 0 0 0 0 0 0 1.33742 0 0.995073 0 0 0 0 0 0.999966 0 0.774973 0 0 0 0 0 0.00854986 0 2 0 0 0 0 0 12 0 28265 0 0 0 0 0 0 0 28265 0 
11 20580100 0 3284830 0 0 0 0 0 17295300 0 105434 0 0.0126067 0 0 0 0 0 0.688418 0 0 0 0 0 0 0 0 0 0 0 1.36636 0 0.995503 0 0 0 0 0 0.999962 0 0.871261 0 0 0 0 0 0.0104198 0 1 0 0 0 0 0 8 0 37340 0 0 0 0 0 0 0 37340 0 
12 18857200 0 3098300 0 0 0 0 0 15758900 0 114365 0 0.0129486 0 0 0 0 0 0.72881 0 0 0 0 0 0 0 0 0 0 0 1.37783 0 0.987631 0 0 0 0 0 0.999921 0 1.01737 0 0 0 0 0 0.0124763 0 1 0 0 0 0 0 3 0 46776 0 0 0 0 0 0 0 46776 0 
13 17201700 0 2887270 0 0 0 0 0 14314500 0 123187 0 0.0134428 0 0 0 0 0 0.764457 0 0 0 0 0 0 0 0 0 0 0 1.38676 0 0.988379 0 0 0 0 0 0.999821 0 1.17835 0 0 0 0 0 0.0148799 0 0 0 0 0 0 0 9 0 57353 0 0 0 0 0 0 0 57353 0 
14 15739100 0 2681080 0 0 0 0 0 13058000 0 131247 0 0.013791 0 0 0 0 0 0.793916 0 0 0 0 0 0 0 0 0 0 0 1.39337 0 0.992165 0 0 0 0 0 0.99984 0 1.35675 0 0 0 0 0 0.0175665 0 2 0 0 0 0 0 7 0 68010 0 0 0 0 0 0 0 68010 0 
15 14388500 0 2414670 0 0 0 0 0 11973800 0 137784 0 0.014096 0 0 0 0 0 0.817803 0 0 0 0 0 0 0 0 0 0 0 1.38625 0 0.98479 0 0 0 0 0 0.999639 0 1.6332 0 0 0 0 0 0.0205294 0 1 0 0 0 0 0 6 0 78419 0 0 0 0 0 0 0 78419 0 
16 13231100 0 2348240 0 0 0 0 0 10882800 0 143410 0 0.0143369 0 0 0 0 0 0.839381 0 0 0 0 0 0 0 0 0 0 0 1.41104 0 0.988175 0 0 0 0 0 0.999586 0 1.79173 0 0 0 0 0 0.0240953 0 2 0 0 0 0 0 7 0 88883 0 0 0 0 0 0 0 88883 0 
17 12050600 0 2091750 0 0 0 0 0 9958850 0 150236 0 0.0145093 0 0 0 0 0 0.85831 0 0 0 0 0 0 0 0 0 0 0 1.40084 0 0.980631 0 0 0 0 0 0.999762 0 2.14132 0 0 0 0 0 0.0279719 0 1 0 0 0 0 0 5 0 100730 0 0 0 0 0 0 0 100730 0 
18 11064700 0 2018340 0 0 0 0 0 9046340 0 154778 0 0.0147809 0 0 0 0 0 0.874034 0 0 0 0 0 0 0 0 0 0 0 1.42307 0 0.977456 0 0 0 0 0 0.999675 0 2.3513 0 0 0 0 0 0.0326071 0 1 0 0 0 0 0 9 0 111044 0 0 0 0 0 0 0 111044 0 
19 10236700 0 1990330 0 0 0 0 0 8246390 0 159288 0 0.0148829 0 0 0 0 0 0.887655 0 0 0 0 0 0 0 0 0 0 0 1.4532 0 0.970299 0 0 0 0 0 0.999642 0 2.55625 0 0 0 0 0 0.0377591 0 2 0 0 0 0 0 6 0 121601 0 0 0 0 0 0 0 121601 0 
20 9326760 0 1772990 0 0 0 0 0 7553760 0 164166 0 0.0151221 0 0 0 0 0 0.899462 0 0 0 0 0 0 0 0 0 0 0 1.44184 0 0.970577 0 0 0 0 0 0.999413 0 2.99723 0 0 0 0 0 0.0434008 0 1 0 0 0 0 0 6 0 132988 0 0 0 0 0 0 0 132988 0 
21 8451360 0 1598010 0 0 0 0 0 6853350 0 168695 0 0.0149558 0 0 0 0 0 0.91072 0 0 0 0 0 0 0 0 0 0 0 1.4382 0 0.955814 0 0 0 0 0 0.999507 0 3.56203 0 0 0 0 0 0.0502236 0 0 0 0 0 0 0 4 0 144252 0 0 0 0 0 0 0 144252 0 
22 7751430 0 1449490 0 0 0 0 0 6301940 0 172452 0 0.0152262 0 0 0 0 0 0.919058 0 0 0 0 0 0 0 0 0 0 0 1.43536 0 0.984369 0 0 0 0 0 0.99971 0 3.99597 0 0 0 0 0 0.0572081 0 2 0 0 0 0 0 1 0 154540 0 0 0 0 0 0 0 154540 0 
23 6976630 0 1207260 0 0 0 0 0 5769380 0 175175 0 0.0154932 0 0 0 0 0 0.926523 0 0 0 0 0 0 0 0 0 0 0 1.39815 0 0.965317 0 0 0 0 0 0.999483 0 5.07096 0 0 0 0 0 0.0653426 0 2 0 0 0 0 0 6 0 164723 0 0 0 0 0 0 0 164723 0 
24 6404010 0 1193660 0 0 0 0 0 5210360 0 178645 0 0.015518 0 0 0 0 0 0.933941 0 0 0 0 0 0 0 0 0 0 0 1.43191 0 0.966169 0 0 0 0 0 0.999319 0 5.39683 0 0 0 0 0 0.0755025 0 2 0 0 0 0 0 6 0 175550 0 0 0 0 0 0 0 175550 0 
25 5850890 0 1166050 0 0 0 0 0 4684840 0 181772 0 0.0155241 0 0 0 0 0 0.940571 0 0 0 0 0 0 0 0 0 0 0 1.465 0 0.970038 0 0 0 0 0 0.999193 0 5.72914 0 0 0 0 0 0.087489 0 0 0 0 0 0 0 5 0 186415 0 0 0 0 0 0 0 186415 0 
26 5309240 0 1014740 0 0 0 0 0 4294490 0 183602 0 0.0157785 0 0 0 0 0 0.945284 0 0 0 0 0 0 0 0 0 0 0 1.44098 0 0.930424 0 0 0 0 0 0.999335 0 7.74821 0 0 0 0 0 0.0992488 0 1 0 0 0 0 0 3 0 195715 0 0 0 0 0 0 0 195715 0 
27 4832540 0 930447 0 0 0 0 0 3902100 0 186506 0 0.0156319 0 0 0 0 0 0.950227 0 0 0 0 0 0 0 0 0 0 0 1.44631 0 0.956299 0 0 0 0 0 0.998997 0 7.82759 0 0 0 0 0 0.113468 0 2 0 0 0 0 0 1 0 206288 0 0 0 0 0 0 0 206288 0 
28 4429500 0 871055 0 0 0 0 0 3558440 0 188161 0 0.0157527 0 0 0 0 0 0.954043 0 0 0 0 0 0 0 0 0 0 0 1.45204 0 0.922078 0 0 0 0 0 0.997878 0 9.18267 0 0 0 0 0 0.129173 0 3 0 0 0 0 0 3 0 215530 0 0 0 0 0 0 0 215530 0 
29 3952800 0 741704 0 0 0 0 0 3211100 0 191142 0 0.0158691 0 0 0 0 0 0.957857 0 0 0 0 0 0 0 0 0 0 0 1.42673 0 0.881466 0 0 0 0 0 0.998439 0 11.8039 0 0 0 0 0 0.148193 0 2 0 0 0 0 0 0 0 226524 0 0 0 0 0 0 0 226524 0 
30 3654860 0 785531 0 0 0 0 0 2869330 0 192561 0 0.0160428 0 0 0 0 0 0.961065 0 0 0 0 0 0 0 0 0 0 0 1.50123 0 0.949987 0 0 0 0 0 0.998127 0 10.6099 0 0 0 0 0 0.17161 0 1 0 0 0 0 0 1 0 235580 0 0 0 0 0 0 0 235580 0 
31 3313660 0 671580 0 0 0 0 0 2642080 0 193552 0 0.0160547 0 0 0 0 0 0.963458 0 0 0 0 0 0 0 0 0 0 0 1.46055 0 0.86584 0 0 0 0 0 0.997649 0 16.1139 0 0 0 0 0 0.19266 0 3 0 0 0 0 0 3 0 244271 0 0 0 0 0 0 0 244271 0 
32 3039480 0 637911 0 0 0 0 0 2401570 0 195214 0 0.0160737 0 0 0 0 0 0.965877 0 0 0 0 0 0 0 0 0 0 0 1.47841 0 0.877926 0 0 0 0 0 0.996916 0 16.1685 0 0 0 0 0 0.218965 0 0 0 0 0 0 0 2 0 254342 0 0 0 0 0 0 0 254342 0 
33 2708360 0 518062 0 0 0 0 0 2190300 0 197404 0 0.0159496 0 0 0 0 0 0.968144 0 0 0 0 0 0 0 0 0 0 0 1.42904 0 0.837099 0 0 0 0 0 0.996894 0 20.5103 0 0 0 0 0 0.247577 0 2 0 0 0 0 0 1 0 264691 0 0 0 0 0 0 0 264691 0 
34 2520510 0 556155 0 0 0 0 0 1964360 0 198391 0 0.0160242 0 0 0 0 0 0.970037 0 0 0 0 0 0 0 0 0 0 0 1.49515 0 0.810144 0 0 0 0 0 0.997784 0 21.1593 0 0 0 0 0 0.284165 0 2 0 0 0 0 0 3 0 273711 0 0 0 0 0 0 0 273711 0 
35 2222650 0 422380 0 0 0 0 0 1800270 0 199592 0 0.0160277 0 0 0 0 0 0.971597 0 0 0 0 0 0 0 0 0 0 0 1.42502 0 0.818704 0 0 0 0 0 0.997585 0 25.5444 0 0 0 0 0 0.319246 0 0 0 0 0 0 0 2 0 283205 0 0 0 0 0 0 0 283205 0 
36 1978780 0 397558 0 0 0 0 0 1581220 0 200944 0 0.0160959 0 0 0 0 0 0.973303 0 0 0 0 0 0 0 0 0 0 0 1.44937 0 0.818543 0 0 0 0 0 0.996727 0 31.9178 0 0 0 0 0 0.374154 0 2 0 0 0 0 0 1 0 292416 0 0 0 0 0 0 0 292416 0 
37 1814940 0 377979 0 0 0 0 0 1436960 0 201662 0 0.0162072 0 0 0 0 0 0.974398 0 0 0 0 0 0 0 0 0 0 0 1.46426 0 0.803628 0 0 0 0 0 0.996633 0 32.8056 0 0 0 0 0 0.423284 0 1 0 0 0 0 0 2 0 301393 0 0 0 0 0 0 0 301393 0 
38 1670590 0 377815 0 0 0 0 0 1292780 0 201856 0 0.0161621 0 0 0 0 0 0.975552 0 0 0 0 0 0 0 0 0 0 0 1.49596 0 0.751443 0 0 0 0 0 0.997392 0 37.5875 0 0 0 0 0 0.48274 0 1 0 0 0 0 0 3 0 309166 0 0 0 0 0 0 0 309166 0 
39 1451050 0 267715 0 0 0 0 0 1183330 0 203871 0 0.0161241 0 0 0 0 0 0.976555 0 0 0 0 0 0 0 0 0 0 0 1.39298 0 0.68405 0 0 0 0 0 0.995394 0 53.4586 0 0 0 0 0 0.542498 0 1 0 0 0 0 0 1 0 320065 0 0 0 0 0 0 0 320065 0 
40 1362660 0 291308 0 0 0 0 0 1071350 0 203861 0 0.0161506 0 0 0 0 0 0.977341 0 0 0 0 0 0 0 0 0 0 0 1.45214 0 0.702227 0 0 0 0 0 0.991313 0 50.5 0 0 0 0 0 0.616988 0 2 0 0 0 0 0 2 0 328031 0 0 0 0 0 0 0 328031 0 
41 1199640 0 244449 0 0 0 0 0 955187 0 204364 0 0.016253 0 0 0 0 0 0.978083 0 0 0 0 0 0 0 0 0 0 0 1.45131 0 0.828395 0 0 0 0 0 0.992293 0 50.9727 0 0 0 0 0 0.70878 0 1 0 0 0 0 0 1 0 336512 0 0 0 0 0 0 0 336512 0 
42 1058320 0 191611 0 0 0 0 0 866714 0 204988 0 0.0161551 0 0 0 0 0 0.978837 0 0 0 0 0 0 0 0 0 0 0 1.37283 0 0.645302 0 0 0 0 0 0.989744 0 67.1412 0 0 0 0 0 0.801811 0 1 0 0 0 0 0 0 0 345561 0 0 0 0 0 0 0 345561 0 
43 971899 0 194888 0 0 0 0 0 777011 0 205038 0 0.0163545 0 0 0 0 0 0.979234 0 0 0 0 0 0 0 0 0 0 0 1.403 0 0.587658 0 0 0 0 0 0.991972 0 68.5646 0 0 0 0 0 0.913331 0 0 0 0 0 0 0 3 0 353500 0 0 0 0 0 0 0 353500 0 
44 856801 0 173343 0 0 0 0 0 683459 0 206493 0 0.0161986 0 0 0 0 0 0.980023 0 0 0 0 0 0 0 0 0 0 0 1.40498 0 0.611989 0 0 0 0 0 0.986715 0 71.6617 0 0 0 0 0 1.06863 0 1 0 0 0 0 0 1 0 363660 0 0 0 0 0 0 0 363660 0 
45 779715 0 156140 0 0 0 0 0 623575 0 206678 0 0.0161915 0 0 0 0 0 0.980435 0 0 0 0 0 0 0 0 0 0 0 1.39909 0 0.581819 0 0 0 0 0 0.990355 0 76.9235 0 0 0 0 0 1.19398 0 1 0 0 0 0 0 1 0 372177 0 0 0 0 0 0 0 372177 0 
46 717865 0 152371 0 0 0 0 0 565494 0 207681 0 0.0163366 0 0 0 0 0 0.980677 0 0 0 0 0 0 0 0 0 0 0 1.40492 0 0.523184 0 0 0 0 0 0.991802 0 79.5988 0 0 0 0 0 1.3432 0 0 0 0 0 0 0 2 0 381943 0 0 0 0 0 0 0 381943 0 
47 625295 0 126157 0 0 0 0 0 499139 0 207033 0 0.0163434 0 0 0 0 0 0.981063 0 0 0 0 0 0 0 0 0 0 0 1.38269 0 0.501198 0 0 0 0 0 0.992498 0 81.0179 0 0 0 0 0 1.55399 0 2 0 0 0 0 0 0 0 388902 0 0 0 0 0 0 0 388902 0 
48 591708 0 133857 0 0 0 0 0 457851 0 207892 0 0.016336 0 0 0 0 0 0.981335 0 0 0 0 0 0 0 0 0 0 0 1.43031 0 0.537483 0 0 0 0 0 0.99139 0 81.5934 0 0 0 0 0 1.7323 0 0 0 0 0 0 0 1 0 398612 0 0 0 0 0 0 0 398612 0 
49 499220 0 91996.2 0 0 0 0 0 407224 0 208285 0 0.0162935 0 0 0 0 0 0.981687 0 0 0 0 0 0 0 0 0 0 0 1.32772 0 0.456441 0 0 0 0 0 0.980301 0 88.772 0 0 0 0 0 2.01427 0 1 0 0 0 0 0 1 0 407086 0 0 0 0 0 0 0 407086 0 
50 467272 0 97239 0 0 0 0 0 370033 0 208160 0 0.016386 0 0 0 0 0 0.981806 0 0 0 0 0 0 0 0 0 0 0 1.34153 0 0.421727 0 0 0 0 0 0.97569 0 90.9954 0 0 0 0 0 2.26883 0 3 0 0 0 0 0 1 0 415124 0 0 0 0 0 0 0 415124 0 
