#1 Nodes,             #2 AvgThroughput,               #4 totalBKThroughput, 
#6 totalBEThroughput,   #8 totalVIThroughput,           #10 totalVOThroughput,
#12 totalCollisions,    #14 totalBKCollisions,          #16 totalBECollisions,
#18 totalVICollisions,  #20 TotalVOCollisions,          #22 totalInternalCollisions,    
#24 totalBKIntCol,      #26 totalBEIntCol,              #28 totalVIIntCol,
#30 totalVOIntCol,      #32 overallFairness,            #34 BKFairness,
#36 BEFairness,         #38 VIFairness,                 #40 VOFairness,
#42 avgTimeBtSxTxBK,    #44 avgTimeBtSxTxBE,            #46 avgTimeBtSxTxVI,
#48 avgTimeBtSxTxVO,    #50 qEmptyBK,                   #52 qEmptyBE,
#54 qEmptyVI,           #56 qEmptyVO                    #58 totalDropped,
#60 droppedBK,          #62 droppedBE                   #64 droppedVI,
#66 droppedVO
2 9929348.5 162620.877235212 6428733.5 164908.534081017 2502898 11394.4497892614 494760.05 5346.42683925442 502956 5666.32198167383 590.6 41.7748728304468 0.0061740125 0.000470284804260939 0.002505674 0.000144284630068487 0.00050985115 4.0201791777575e-05 0.0004548264 6.53006869132324e-05 305.4 18.5105375394665 268.6 14.7627910640231 32.8 9.84174781225368 4 2.02484567313166 0 0 2.048842 0.0194328733336066 0.99906525 0.00314771049931534 0.99998425 1.42333235753263e-05 0.99972545 0.000333847491378928 0.9998933 0.000136502051266641 0.0005095467 0.000121003983517114 0.0004772091 2.39452184997339e-06 0.00036853695 1.3380033809748e-06 0.0003116037 1.3045645672024e-06 62667.35 2681.05791200041 28145.95 121.922301077366 5963.05 59.6091226239743 6071.25 68.8315879520442 0 0 0 0 0 0 0 0 0 0 
3 12518805 817185.722143382 7274016.5 816741.699463637 3750958 8710.63063159034 743153.7 5622.86457332915 750682.2 6218.15067845738 1423.35 290.879747490264 0.010014292 0.00201049510815769 0.0057570205 0.000464661701288959 0.001259927 0.000121291570651056 0.00112140345 0.000107626245522863 420.1 71.2080753847483 356 64.1646320023734 57.35 11.3810148932334 6.75 2.66223590239483 0 0 2.094972 0.0627752284424358 0.88467555 0.0405799408827502 0.9999557 4.38623984752271e-05 0.99980275 0.000198241992272076 0.99974835 0.000257141065370735 0.0026711835 0.00082471052698068 0.00052249145 1.79748497976339e-05 0.00039381735 8.88775022305983e-06 0.0003244872 4.13305946727119e-06 56835.95 11984.1794023412 41788.3 186.764049003013 8946.2 67.3332013200026 9051.25 72.5933020326256 0 0 0 0 0 0 0 0 0 0 
4 13567415 776353.819643466 6568840.5 776754.723574147 5005640 19403.9441866853 991031 6202.4235182709 1001911.8 5810.75023211289 1875.05 343.280129777417 0.0093700435 0.00201055726598193 0.0089594225 0.000588653002386593 0.0018812295 0.000174119533380807 0.001831058 0.000135836711922808 400.55 75.4337291932462 314.45 69.2758796407523 76.7 10.2376755174209 9.4 2.59615099714943 0 0 2.279929 0.198100668598064 0.80837605 0.0729991365479586 0.9999444 3.39682204420541e-05 0.99976185 0.000179608261224248 0.9997363 0.000143978158065731 0.005447762 0.000495258094710223 0.0005426406 1.93502321546797e-05 0.0004039427 9.26006351004138e-06 0.0003307146 4.68767412903244e-06 33467.25 12455.460123476 55503.45 255.889326662915 11920.7 74.7516555000623 12081.65 72.4694935817824 0 0 0 0 0 0 0 0 0 0 
5 14424215 479580.122893975 5698244.5 456717.928654821 6240849.5 63660.37798152 1240989 6076.5046696271 1244148.5 7753.51873345257 2191.3 306.821788665668 0.0070822385 0.00158574628761752 0.012127315 0.000768931434703381 0.002516932 0.000200906178864663 0.002555915 0.000163372111068566 381.7 52.355610969599 265.65 47.3236463092184 104.45 9.09656528586477 11.6 2.69072480941474 0 0 2.6778355 0.161072114267958 0.9231377 0.0850727605577132 0.99965855 0.00128339107348462 0.999775 0.000129004263495445 0.99971305 0.000244378901503382 0.007425773 0.000267022544705499 0.00063427905 0.000323486333280786 0.00041334815 7.17275561604464e-06 0.00033678155 3.57865392955228e-06 10797.45 7567.98266035936 68408.45 3043.93203726693 14920.65 73.2320114430841 15001.7 91.1943528953411 0 0 0 0 0 0 0 0 0 0 
6 16013035 228728.256398286 5566259.5 171071.823351334 7456633.5 152425.281999903 1490456.5 8340.84065007838 1499689 7758.04156988089 3132.25 254.609087622575 0.0073136845 0.000834222167449865 0.016640025 0.00123996448976372 0.003575903 0.000160599589822017 0.003644542 0.000176313192376521 427.9 43.1774246568736 264 28.7680378197749 144.7 19.196614284816 19.2 4.29651021178817 0 0 2.790499 0.0297139934879175 0.9776426 0.0252612499441338 0.9988578 0.00423150045019494 0.99965435 0.000173910688285683 0.99970395 0.000234255730986454 0.008881208 0.000181702183877905 0.00078285045 0.000606035696041122 0.0004373838 5.41290735741892e-06 0.00034959275 2.84282978517884e-06 3912.9 2760.60259544904 80375.45 5971.41001334693 17905.55 97.8634124686034 18066.6 90.0874020049418 0 0 0 0 0 0 0 0 0 0 
7 17424855 194139.551547334 5587886.5 108596.591948136 8354460.5 284129.427452966 1736494 6199.49788289342 1746017 7026.10567811216 4062.15 389.864627146398 0.007521115 0.000534507551635148 0.02006552 0.0021980776147807 0.004658283 0.000254898718613884 0.0047234065 0.000228341151137394 457.6 45.0248820098398 262.5 28.3504850046697 172.45 20.1655027212316 22.65 3.96579121992069 0 0 2.8088995 0.018867401907788 0.99817055 0.00325185300213585 0.98686875 0.0102172121827581 0.999736 0.000141860494853213 0.99966525 0.000179681349894744 0.01025591 0.000200406577686462 0.00179601845 0.000866226252865409 0.0004605436 7.27205980723482e-06 0.0003620434 3.55068533384754e-06 755.55 811.790827430318 83152.7 8594.73481324468 20847.4 65.95407493097 21018.15 83.8375065230354 0 0 0 0 0 0 0 0 0 0 
8 18534220 220787.568943544 5800212 131810.216849833 8752530 347591.015792986 1982660.5 11480.6365132775 1998810.5 10797.2744130174 4862.95 510.632301661381 0.0079366875 0.000579618221650036 0.02156697 0.00271964097062461 0.0058765105 0.000285568375918535 0.006059312 0.000320660324075181 480.3 49.1834321697866 267.75 31.0384841769053 184.95 21.1174690718372 27.6 4.60868744872116 0 0 2.8311605 0.0298530548646198 0.99989715 0.000214490623338167 0.9609004 0.00989394676759483 0.9996979 0.000196243445750417 0.99974355 0.00010852855614999 0.0113009 0.000256066383971032 0.003699495 0.000913296619918742 0.0004827786 8.94057901033261e-06 0.00037381365 4.84870608796821e-06 111.35 178.78849935049 75386.5 9726.64908640175 23767.6 135.343045628507 24055.35 131.667108649047 0.05 0.217944947177034 0 0 0 0 0 0 0.05 0.217944947177034 
9 19445740 210198.438148336 6041034 147016.244728261 8919000 353939.851895771 2235510.5 9493.94937578666 2250195 7892.68046990374 5502.95 576.400336138001 0.008379233 0.000592438281022589 0.02187504 0.00288475253642319 0.0070719945 0.000278104085253615 0.0072684485 0.000390471099433428 501.2 50.9279883757448 261.1 28.4005281641029 204.4 28.9299153127001 35.7 7.55049667240507 0 0 2.8729565 0.0400383101884933 0.99998515 6.67289292586636e-06 0.9357605 0.00690015384248785 0.9997037 0.000126257712635708 0.99968245 0.000190738951187211 0.01221018 0.000297777018253592 0.005597536 0.000796907798439694 0.00050221885 1.01100212921388e-05 0.00038449575 5.29159796162747e-06 17 6.6932802122726 65863.35 9287.45277928776 26789 116.560284831498 27064.85 88.5360237417516 0.05 0.217944947177034 0 0 0 0 0 0 0.05 0.217944947177034 
10 20161545 168029.103059559 6309805.5 141761.594322122 8871878.5 310343.600808443 2481736 8460.77856937528 2498122 9910.46346040386 6003.7 575.657198339428 0.0087950585 0.000615707808568927 0.02106908 0.00268920765795429 0.008359913 0.00041719839245975 0.0086070795 0.000357639617554809 497.75 41.885409154024 248.4 22.8065779984635 208.65 25.7298950639135 40.7 5.67538544946509 0 0 2.923651 0.04246347900255 0.99980615 0.000787188050912864 0.9072763 0.00705220986003678 0.99971325 0.000101175033975774 0.9997146 8.71196877863976e-05 0.012988295 0.000295514101990074 0.0076760795 0.000661450990773126 0.0005193543 1.02615220415882e-05 0.0003939133 4.96264150528728e-06 74.65 256.850399065292 54694.5 7905.21509195038 29718.6 110.353704061078 30036.05 114.947585881566 0.35 0.476969600708473 0 0 0 0 0.05 0.217944947177034 0.3 0.458257569495584 
11 20746745 171276.491308644 6567936.5 164545.552242381 8694726.5 331293.947609596 2733424.5 8770.70320726907 2750665.5 8167.07014479489 6399.35 732.143515644303 0.009109117 0.000771431452353999 0.01953855 0.00322307100906884 0.009739521 0.000546882223059957 0.010072723 0.000442642061875055 483.7 51.0383189378334 228.35 29.809855752754 207.75 25.7601921576684 47.6 5.98665181883831 0 0 3.0189555 0.0659781575580131 0.9999633 9.224537928808e-05 0.8970709 0.0153700926962071 0.99967015 0.000158146854221015 0.99971105 0.000136931177969086 0.013727045 0.000350400537207065 0.009557279 0.000569820837543697 0.0005366549 1.21854926609473e-05 0.00040326485 6.26610295379033e-06 28.35 65.0032883783582 42424.75 8576.96020088119 32713.65 109.71156502393 33056.65 100.673370361779 0.55 0.804673846971554 0 0 0 0 0.2 0.4 0.35 0.57227615711298 
12 21243910 147502.152187688 6836970 158927.13610331 8422796.5 305445.973034103 2982244 10200.9491715232 3001892.5 7779.85274603575 6586.05 713.086072995399 0.009156531 0.000776382871352144 0.017101796 0.00313198415869302 0.011002795 0.000467968513337169 0.011452925 0.000496580132380465 466.85 46.8244327248072 215.95 28.3010158828265 196.75 21.4473191797949 54.15 6.53662757085028 0 0 3.1498075 0.070997862071685 0.9999889 7.61511654539764e-06 0.9043195 0.0238281124084557 0.99971685 0.000141580816143994 0.99973075 0.000110176165752848 0.01438428 0.000330722389021366 0.011326605 0.000560241310932173 0.00055035615 1.17661757987674e-05 0.00041092125 6.56750624571458e-06 12.4 12.3951603458769 29860.85 8225.98898172736 35653.35 119.839173478458 36068.25 99.8117603291316 0.45 0.739932429347437 0 0 0 0 0.1 0.3 0.35 0.57227615711298 
13 21668490 133950.359835276 7120244 163105.311728343 8067022 300159.404860151 3232560 9506.12328975382 3248661 8993.26075458729 6627.35 753.969447325288 0.008966868 0.000850695184020693 0.0140346665 0.0033103904981441 0.01224005 0.000443480108347601 0.012878105 0.000467715587162754 452.95 50.79712098141 204.5 30.3998355258709 188.1 23.014995111883 60.35 7.58468852359805 0 0 3.32037 0.095371940580026 0.9999879 4.6032597146057e-06 0.9375544 0.0400879185496079 0.99967765 0.000114489420908669 0.99971935 0.000102179878156137 0.014963065 0.000345768454713556 0.01307315 0.000436050288957593 0.0005613216 1.15955537918635e-05 0.00041767875 6.36284818202509e-06 8.25 2.66223590239483 16921 8273.25011105067 38649.95 118.301510979362 39022.35 108.123667621849 0.9 0.768114574786861 0 0 0 0 0.3 0.458257569495584 0.6 0.66332495807108 
14 22139040 96987.3465973784 7269862.5 140699.567372292 7894896.5 242632.825567255 3479151 9793.69536998165 3495133.5 11150.1113335249 7232.65 680.282682052101 0.0095095165 0.000769466026912657 0.0129391055 0.00277057154780286 0.014096825 0.000509072647934457 0.014746565 0.00044688105942745 459.15 46.7784939902943 201.8 26.33172990899 186.7 20.0352189905676 70.65 8.02667428017357 0 0 3.429263 0.0842130818875547 0.99998665 7.6699087348e-06 0.9515264 0.040447356340557 0.9997102 0.000129277840328487 0.99968985 0.000113774898373931 0.015779975 0.000306759265344994 0.01453206 0.000358519708523813 0.00058317935 1.0729755403899e-05 0.0004296417 5.62233776199901e-06 8.8 2.48193472919817 10666.3 6435.33197356593 41559.2 112.357732266186 41966.75 147.444523465607 1.1 0.94339811320566 0 0 0 0 0.4 0.489897948556636 0.7 0.9 
15 22556630 46392.6621352989 7402524 68806.2421150872 7682233 114799.09982661 3726056.5 9499.4269695598 3745821 7239.29202339566 7815.65 354.589801742803 0.0100016565 0.000324458099918541 0.011663891 0.00154156574280145 0.015929785 0.000330990545597604 0.01673514 0.000265377264286148 467.35 33.1410244259287 196.3 15.4405310789493 194.1 14.2228689089086 76.95 9.29771477299664 0 0 3.5678145 0.0268165121660144 0.9999876 5.26687763291212e-06 0.98614625 0.013854781762536 0.9997 0.000102373336372319 0.99966325 0.000137447762804642 0.01659931 0.000155796353936798 0.01592027 0.000240661050234557 0.00060437195 6.22187006835566e-06 0.0004409505 3.00727824618874e-06 6.95 1.8296174463532 4467.2 2963.35135615067 44472.8 114.527114693421 44939.15 92.3521927189604 2.45 1.93584606826059 0 0 0 0 0.7 0.953939201416945 1.75 1.4790199457749 
16 22974610 23850.0083857428 7438487.5 42330.7490927104 7567324 64187.5620661823 3979763.5 9112.68636297771 3989041.5 9294.50874172487 8887.95 234.419170504462 0.0110374 0.000309879557247651 0.011882925 0.000787968553861764 0.01812536 0.000302111054746429 0.019281215 0.00033555017847559 502.75 21.1704392963396 217.15 14.1572419630379 197.5 12.8821582042762 88.1 7.74532116829251 0 0 3.648639 0.015584353980836 0.99998555 6.33620548909052e-06 0.9948951 0.00891915643937251 0.99969075 0.00013357390276548 0.9996816 0.000106370296605783 0.01761923 0.000100654389372745 0.017270935 0.000149681131993983 0.00063256755 3.68003239761555e-06 0.0004577027 2.57864332741075e-06 6.7 2.05182845286832 1983.6 1608.41332996217 47462.35 103.210597808558 47829.5 115.666978866053 2.65 1.65151445649137 0 0 0 0 0.9 0.94339811320566 1.75 1.21963109176505 
17 23368365 17216.9763605576 7405421 23512.9391825012 7493205.5 35142.1457049794 4228342.5 9826.57512819192 4241404 8700.59216375529 10320.3 144.511279836558 0.012267515 0.000192559279898425 0.012856835 0.000413567711838098 0.02107574 0.000422690972697549 0.02223949 0.000356430178155554 539.05 18.0013193960887 221.5 13.9982141718149 213.9 11.2245267160803 103.65 6.40527126669902 0 0 3.714976 0.003553293401902 0.99998315 7.95785775193568e-06 0.9978221 0.00164987653780518 0.9996847 0.00010337509371217 0.99967035 0.000161482901571646 0.018803505 5.95066422763038e-05 0.01853813 0.000110065780785856 0.00066994985 3.85786543667609e-06 0.0004778561 2.48754537446053e-06 6.85 2.7617928959283 1267.05 762.323125387129 50353.6 109.340020120722 50817.2 103.634260744215 4.8 2.29346898823594 0 0 0 0 1.1 0.99498743710662 3.7 2.02731349327133 
18 23705810 11199.9508927495 7361565 16681.6457521433 7380554 11357.4409089372 4472303 12108.4091027682 4491391 10605.9605411297 11804.8 183.704817574281 0.013630355 0.00024626220675329 0.01375711 0.000288957972549642 0.023961485 0.000369218767501058 0.025288435 0.000500396121362866 590 28.7506521665162 242.1 18.55505322008 227.05 14.4895652108681 120.85 10.3743674505967 0 0 3.7750755 0.0023290136860912 0.99998055 7.16571699133915e-06 0.99983425 0.000244676291250304 0.99968725 9.97295718430624e-05 0.9997105 9.49486703435043e-05 0.020028015 4.52723787203632e-05 0.019963475 4.15943610961873e-05 0.0007083488 4.07924461879892e-06 0.0004981787 2.90119746139417e-06 6.4 2.6343879744639 221 271.377043981248 53193.45 148.214532013565 53787.2 136.007573318547 7.15 3.11889403475014 0 0 0 0 1.8 1.46969384566991 5.35 2.6697378148425 
19 24008545 9859.53726094688 7267078 10675.310580962 7275061.5 13685.5713344383 4726501.5 10181.9365913366 4739916 10389.8024042808 13672.45 140.356501452551 0.01517365 0.000276142925855435 0.015254385 0.000229824685956492 0.027363 0.00039719175721558 0.02902568 0.000467046900856862 637.95 21.9305152698244 262.7 12.3939501370628 239.4 12.1095004025765 135.85 11.61152444772 0 0 3.8284005 0.00186919895944761 0.99997835 1.10057939286437e-05 0.9999336 0.000100339623280137 0.99970655 0.000111081265297071 0.99970685 8.81046394919088e-05 0.02141554 3.15583491329947e-05 0.021384955 4.49334115664505e-05 0.0007522838 4.68458768303039e-06 0.0005232971 2.8212929465052e-06 7.25 2.14184499906039 102.8 132.311224013687 56110.2 120.511244288655 56709.3 136.213839238163 9.1 3.68646171823335 0 0 0 0 2.35 1.55804364508829 6.75 2.8613807855649 
20 24263625 14190.1330155852 7150035 14334.8465286518 7158985.5 17917.6361373369 4968047.5 9540.81646139365 4986553 13757.4896329236 15735.9 220.220775586683 0.01684476 0.000273054420216923 0.016851095 0.000294757173746459 0.031060875 0.000522321821174456 0.033196615 0.00048276032280522 709.2 23.6190600998431 284.75 13.8991906239176 270.2 18.3700843765074 154.25 10.4874925506529 0 0 3.874526 0.00197655862549021 0.99997375 6.44883710446627e-06 0.9998198 0.000553826741860676 0.9997304 8.23331039133073e-05 0.9996816 0.000112325598151089 0.022911895 4.61794811036243e-05 0.02287846 6.12045047361715e-05 0.0008024059 4.15953371064594e-06 0.00055112125 2.52368833010338e-06 5.4 2.08326666559997 107.15 232.788374924522 58899.35 122.78366137235 59604.3 165.633058294532 14.8 4.89489530020817 0 0 0 0 3.9 2.40624188310319 10.9 4.32319326424346 
21 24468520 9628.99787101441 7006457.5 12192.0157787792 7007055 9224.32517856998 5217518 11600.7873008689 5237485 10459.0613823612 18122.1 137.205284154802 0.018650155 0.000216868159200469 0.018764415 0.000204331674673801 0.03537119 0.000384816836819804 0.037849775 0.000432101516862647 776.85 26.3519923345465 308.3 13.8242540485916 284.8 16.5607970822663 183.75 18.2944663764757 0 0 3.916571 0.0014924640699193 0.9999737 1.01739864360009e-05 0.99994345 0.000113453283337246 0.99965535 8.45371368098124e-05 0.99968835 8.06934167079286e-05 0.024549865 4.28413267184855e-05 0.02454583 3.4815931698003e-05 0.00085925945 4.11281028586295e-06 0.0005841948 2.88779441096488e-06 6.6 1.65529453572469 27.15 93.8127256826066 61740.2 125.812400024799 62523.55 112.77565118411 22.5 5.21056618804521 0 0 0 0 5.85 2.70693553672783 16.65 4.81949167444037 
22 24633930 12708.3083059863 6833398 10624.9675764211 6837736.5 11375.4328598959 5477417 9566.88042153763 5485380.5 11974.2408840811 20801.5 187.469330825071 0.020566955 0.000260707547790623 0.02053658 0.000299045499213749 0.040296195 0.000558337166481867 0.04313057 0.000471565436710538 845.75 25.2663313522165 331.8 17.6765381226076 302.55 17.8114429510919 211.4 12.9707362936728 0 0 3.9516715 0.00109847746904522 0.99996815 9.25351284646658e-06 0.9999617 1.8248561587156e-05 0.99969545 9.05055108819403e-05 0.9997112 6.31019809514839e-05 0.026369835 4.09861473549293e-05 0.026351715 4.34165783428408e-05 0.0009244645 6.27407161658202e-06 0.00062072375 3.07072628013309e-06 5.3 2.3895606290697 13.1 28.5305099849267 64670.75 119.956189919487 65403.45 134.97276577147 33.45 5.64335892886497 0 0 0 0 9.1 3.26955654485436 24.35 3.83764250549735 
23 24748000 16834.0428893359 6641344 20107.8798981892 6640319 16610.1869044271 5723755 14720.3337258365 5742579 12483.1962653801 23879.05 299.177451523339 0.0224736 0.00034436652857094 0.022524635 0.000243833849731738 0.04593789 0.000732096906768497 0.049377455 0.000768419780767648 928.4 33.1789089633761 357.15 22.692014013745 329.3 14.7312592808626 241.95 14.8811121896181 0 0 3.9779575 0.00128595830025704 0.9999606 9.95690715030246e-06 0.99995865 1.21830825327541e-05 0.99970735 6.73886303466644e-05 0.99968605 0.000120517415753902 0.028365715 8.55764528068325e-05 0.02836905 7.0519213693858e-05 0.00100283785 7.71875323012076e-06 0.00066354095 4.85651108796222e-06 6 1.61245154965971 6.35 3.21364279284428 67407 175.296320554654 68377.85 147.166665722914 56.05 9.35668210425042 0 0 0.05 0.217944947177034 14.6 3.62491379207837 41.4 8.02122185206219 
24 24810665 21400.2867971436 6421721 17953.1595826473 6426447 15557.7158027777 5979060 10542.9972019346 5983434.5 11464.170478059 27336.35 328.208969255869 0.02458123 0.000373511259669638 0.02453927 0.000270077191002868 0.052702885 0.000589037298712908 0.055961685 0.00100914378077408 1014.9 37.2691561482146 379.5 15.3574086355739 346 24.0520269416114 289.4 17.9092155048735 0 0 3.9942175 0.000550416887458916 0.9999522 1.77752637111221e-05 0.9999538 1.66451194048018e-05 0.9996913 9.25743484989215e-05 0.99968995 9.25259287983588e-05 0.03061131 8.54146410166315e-05 0.030587395 7.3959417757308e-05 0.001096067 9.75333178970141e-06 0.00071298075 6.55471401264006e-06 5.1 1.67032930884901 5.2 2.46170672501823 70228.15 103.570881525649 71158.4 146.105236045804 96.85 19.4865979585971 0 0 0 0 28.5 8.14555093287127 68.35 13.947311568901 
25 24813620 13333.9266534656 6176646 13893.850582182 6184742.5 14146.8236275851 6222004.5 11707.7621580727 6230229.5 14940.2588581992 31362.45 201.430999352135 0.02678932 0.000230454543457056 0.026643935 0.0003560327137708 0.06004642 0.000685101208289695 0.06426546 0.000629387613001719 1124.9 24.5008163129313 411.35 22.2582007359086 369.15 18.4669299018543 344.4 13.1392541645255 0 0 3.9991655 0.000169158948920831 0.99994625 1.76801442301793e-05 0.99994585 1.4728458846722e-05 0.99964605 0.000114343113041407 0.999706 6.42790790226523e-05 0.03315148 7.41449027243275e-05 0.03310653 7.60908805311118e-05 0.0012071135 9.98619410736644e-06 0.00077490365 5.4783380260349e-06 5.6 1.59373774505092 5 2.50998007960223 72791.35 117.437334353263 73976.7 157.347418154859 163.05 25.1644093910427 0 0 0 0 46.45 7.96539390112002 116.6 19.1295582803158 
26 24752175 26598.794615546 5906767.5 18180.2131106871 5915308 16072.8925834773 6465675 13671.2726181581 6464429.5 11521.830355894 36059.05 399.358169441918 0.028854485 0.000282388040247812 0.02874204 0.000268374211503266 0.069147825 0.00104414335599811 0.074128345 0.00113228653285067 1283.5 45.0993348066244 457.85 16.6351284936426 405.7 22.2330834568667 419.95 27.1854280819707 0 0 3.9911175 0.000745458751373946 0.9999238 3.08587102776464e-05 0.99993115 2.20913444588449e-05 0.99968325 0.000105435703155995 0.99964545 0.0001099620275368 0.03605211 0.000110977650452693 0.03599788 9.81906034200829e-05 0.00135049 1.74922188415306e-05 0.0008541826 9.21608286855103e-06 5.45 1.35922772190682 4.55 2.67348087705897 75345.1 166.713196838163 76624.85 133.189066743483 296.15 46.4803990946722 0 0 0 0 86.7 15.6751395528078 209.45 31.928787950688 
27 24538050 57711.6322763444 5566297 28885.5264968461 5568553 26768.0933388988 6704381.5 13712.4896627126 6698823 16144.7524291951 42777.7 864.113192816774 0.03113264 0.000341752393407859 0.03104552 0.000353714507194715 0.08334381 0.00292244618083892 0.08853624 0.00257830068696419 1520.7 63.0254710414766 492.75 21.54733162134 452.3 18.8045207330578 575.65 63.3729240291151 0 0 3.965191 0.00198952230447411 0.9999148 1.76652200665695e-05 0.99990275 2.30149407994004e-05 0.99971385 8.95361798380932e-05 0.99966185 6.84720928553997e-05 0.039729895 0.000206394313087837 0.039711355 0.000192107864167503 0.001602553 7.08594873746628e-05 0.0009824267 2.98482378409514e-05 5.25 1.57718102955875 4.4 1.74355957741627 77600 206.334921910955 79280.1 174.138996207053 698.45 227.932989055994 0 0 0.05 0.217944947177034 227.8 91.0212063202856 470.6 138.956611933366 
28 21639032.5 5541345.00169668 4469002.85 1496903.69812033 4473192.17 1498386.3202738 6437519.5 1111226.08264689 6259319 1435160.28701989 87329.1 78231.0771796605 0.03049227 0.00535891178179861 0.030455565 0.00529352190373054 0.17266585 0.1390424459391 0.15238185 0.0864814518028432 5738.35 8681.71542539261 767.1 487.037770609221 713.6 471.726658140072 4257.65 7724.18500733249 0 0 3.7545525 0.435322804638983 0.99904795 0.00349003659687115 0.99903445 0.0035976150221362 0.99961035 0.000197920002778895 0.9996063 0.000188387924241444 0.166473855 0.47631685238778 0.17453184 0.512171594312105 0.009486987 0.01786857682909 0.0045831495 0.00847233001854122 4.7 1.51986841535707 4.4 2.10713075057055 69279.6 22758.5345099371 77727.95 8714.7151902687 15307 30718.2581618815 0 0 0 0 6387.05 13094.3667753542 8919.95 17624.0048980786 
29 5846120.5 3445805.46862337 337477.515 841706.369678866 336465.95 840330.071181215 3071078 795457.938319808 2101096.5 968493.115268637 309420.15 47839.9906859052 0.01714436 0.00272793739891516 0.01716588 0.00276479353164029 0.5223636 0.0600276926471441 0.37013555 0.0349380123568514 31636.55 5760.05345005582 2195.6 314.121855336428 2175.2 316.911438733284 27265.75 5135.28766355888 0 0 2.2132925 0.41574299967498 0.9793349 0.0112386177348462 0.9795006 0.0102683872463011 0.9991837 0.000237123617549995 0.9987644 0.000348756275929202 2.315651805 0.954552414586084 2.32386119 0.956215034193683 0.077141289 0.0170565305008228 0.0395044365 0.00932939822336429 5.25 1.69926454679664 4.5 2.33452350598575 5107.85 14845.3905548995 53880.6 5775.17036458666 108316.45 20703.839589494 0 0 0 0 45863.45 8847.03868803002 62453 11858.6776202071 
30 4354392.5 24315.6274595166 76611.58 3085.19614799448 76251.135 2198.23088829973 2550210.5 13515.3122327973 1651319 13809.3558502922 329444.95 297.832583005957 0.016325365 6.56976352314145e-05 0.01633759 7.19077040378843e-05 0.5378785 0.000543142752874422 0.3863979 0.00068499327733927 35170.2 225.808237227963 2387.05 57.8700915845137 2329.05 45.8502726273247 30454.1 211.287931505801 0 0 2.049322 0.00495225261875847 0.97055945 0.00792011002117395 0.96628615 0.00783336740664576 0.9991837 0.000209599165074665 0.9984594 0.000492701775925364 3.192416 0.121775141650503 3.236671 0.0973709796037814 0.095985835 0.000554656355119996 0.050120285 0.000507576773774176 5.05 1.4991664350565 3.75 1.51244834622542 339.35 88.1137191361254 52518.75 166.996669128459 121950 243.492505018122 0 0 0 0 50872.8 154.418457445993 71077.2 245.944831212205 
31 3969949 22712.3831642565 70483.97 2520.88029051361 70582.27 2341.731702843 2321260.5 17098.6661687396 1507623.5 11914.9701111669 334201.35 279.150367185859 0.01628713 7.729901745818e-05 0.01629796 6.70688556634154e-05 0.53780035 0.000780718276652992 0.39170765 0.00100038993772428 36707.4 265.719476139782 2433.7 45.0367627611044 2427.45 48.6050151733337 31846.25 231.120287945477 0 0 2.052096 0.00410021999409793 0.96864385 0.00852705744248858 0.9708745 0.00721065997326181 0.9990522 0.000232411832745235 0.99844355 0.000451357339034153 3.5932185 0.117355435377958 3.575982 0.115373195699868 0.1091824 0.000824894987255954 0.05766167 0.00062426779117619 4.95 1.53215534460446 4.45 2.26881026090769 194.45 43.748685694544 53069.1 133.713836232456 128882.75 256.615836417007 0 0 0 0 53183.6 160.842282997973 75699.15 334.945559009222 
32 3633003.5 16219.3776930559 63782.925 2222.95295673908 63188.985 1880.81563431268 2125139 12269.5455906077 1380894 9248.86987690929 338369.25 197.840560805918 0.016263325 8.17072510552157e-05 0.016323295 5.909861652357e-05 0.53732985 0.000552820610596235 0.3965237 0.000734069962605748 38175.3 213.645992239499 2543.75 50.8142450499857 2505.1 39.0959077142353 33126.45 223.276840491798 0 0 2.0493315 0.00592311090137609 0.9602896 0.00950498008098913 0.96401385 0.00879686179427073 0.9988593 0.000385428475855122 0.9979912 0.000599829108996882 4.1087205 0.156506767888005 4.1447725 0.143279263324286 0.123201 0.000699502751960277 0.06594278 0.000559271745755138 5.15 1.55804364508829 3.5 1.16189500386223 144.95 30.0574034141341 53435.7 200.357954671134 135597.65 219.785184896526 0 0 0 0 55426.15 187.65987184265 80171.5 257.296424382462 
33 3313053 19121.9329828341 59084.8 2595.83024868731 58621.955 1569.44122396317 1934831.5 16302.30912325 1260516.5 11009.9510784563 342323.75 235.409404017766 0.016237625 8.70122455462447e-05 0.016251335 7.59822036729652e-05 0.53656125 0.000759134564817076 0.40132575 0.000967712967516713 39714.25 178.816351321684 2623.8 44.2318889490377 2582.8 67.682789540621 34507.65 156.183633905733 0 0 2.0524195 0.00593845306035164 0.95913665 0.00982345265817981 0.9591811 0.00920786554473945 0.99870225 0.000297514852570422 0.9979478 0.000531206042887316 4.563097 0.202920997634547 4.617719 0.136316604084022 0.13963735 0.00119650157856143 0.075625935 0.000819133232920628 4.85 1.76847391838274 3.75 1.57718102955875 109 22.3248740198013 53724 178.80128634884 142289.55 296.179248935505 0 0 0 0 57574.3 141.808709182476 84715.25 357.145611060811 
34 3031404.5 19128.8184358052 52621.31 1607.22445038022 54386.69 2293.30304754954 1773298 12971.5664435719 1151097.5 9841.75181306661 345801.6 232.923249161607 0.01621873 7.11375365049989e-05 0.01623896 7.30474325353057e-05 0.53560455 0.000655788797937263 0.40568375 0.000838796392159622 41213.2 264.354610324844 2699.55 57.9935125682175 2665.1 55.4056856288233 35848.55 239.371567860513 0 0 2.0492195 0.00595543908960535 0.94960235 0.0151477263484491 0.9541326 0.0111254591518732 0.99825555 0.000381025389573962 0.9975954 0.000568473517413093 5.2976845 0.186774639029901 5.1137565 0.240033625504324 0.1570613 0.00115267476332225 0.0864884 0.000949041839962811 3.85 1.31434394280949 3.2 1.69115345252878 100.25 22.0451241774684 54163.35 180.030629338455 148954.75 260.342442755691 0 0 0 0 59704.1 164.930864303805 89250.65 327.384525443705 
35 2787840 13345.0316597601 50728.96 1982.38142000978 50208.765 1790.44728637148 1636180.5 7287.85803580174 1050723 9484.16844009004 348810.5 164.76968774626 0.016175265 6.54906044788106e-05 0.016205045 4.79110579616021e-05 0.5350114 0.000657558088688756 0.4091785 0.000751903883485117 42725.8 253.421111985564 2804.5 65.9412617410374 2746.65 56.8992750393184 37174.65 230.362600046101 0 0 2.048634 0.00452685696703578 0.94397585 0.0113052627624262 0.94747715 0.0125977412907037 0.998429 0.000436733099272311 0.99728315 0.000677514743382015 5.6489785 0.272470697108423 5.7022525 0.171441028808013 0.17520585 0.00075714815426045 0.098595365 0.00100424121468649 4.6 1.42828568570857 4.1 1.47986485869487 94.7 19.246038553427 54412.35 158.149383495479 155344.25 204.205747960237 0 0 0 0 61850.45 164.966807267402 93493.8 283.175846427622 
36 2556297.5 13960.9540773545 46010.375 1991.89172569068 45568 1980.51666365118 1507324 12513.8424954128 957395.05 7078.44105347357 351667.65 170.623056765491 0.01616228 4.906261917183e-05 0.016187655 4.77972433828563e-05 0.5346815 0.0004824034100211 0.4121006 0.000535127031647625 44181.3 128.584641384576 2880.25 50.6417564861252 2838.7 40.4846884636649 38462.35 143.996623224296 0 0 2.0418865 0.00636277869723598 0.9418868 0.0119633468628139 0.9449762 0.0112643384918956 0.9980478 0.000464946943209661 0.9970538 0.000733730372820974 6.38921 0.291008990032954 6.4250145 0.327965087173544 0.1957297 0.00162987864885703 0.1122968 0.000903611066775964 4.3 1.3076696830622 3.35 1.85135085815736 76.1 16.1582796113943 54674.65 160.896014555986 161754.5 171.30688836121 0 0 0.05 0.217944947177034 64130.45 115.727470809657 97624 207.33306538032 
37 2356186.5 11470.6980062244 42676.22 1886.74285598223 41930.745 1842.79041469045 1394361 8591.07554384199 877219.75 8098.58841326685 354138.25 140.123829165492 0.016110845 6.47957674157811e-05 0.016192855 6.29315538899206e-05 0.5338646 0.000426174072416434 0.41513905 0.000489964945174654 45722.1 226.810251091083 2965.3 29.4399388586322 2917.85 52.5920859065316 39838.95 226.39268428993 0 0 2.0376745 0.00850994446221594 0.93916125 0.0132486705290569 0.9361903 0.0115837128249107 0.9979474 0.000411617832461124 0.99632575 0.000924502562192232 7.0535995 0.329909002112325 7.1921695 0.348566923566695 0.21749195 0.00130959808624631 0.12721775 0.00122717818082787 4.3 1.61554944214035 2.75 1.25996031683542 72.7 14.3982637842207 54777.95 177.15853775644 168061 171.3423473634 0 0 0 0 66275.2 138.170402040379 101785.8 212.796522527977 
38 2163494.5 16915.7129542328 39362.555 1719.8329074288 39964.685 2019.50493965105 1287855 12979.7786961103 796311.55 9312.32039008001 356513.55 206.589804927542 0.01614038 5.27734743976556e-05 0.016146145 6.60034504779862e-05 0.53341315 0.000582286465152673 0.4176031 0.00066661434878046 47113.1 184.268255540666 3031.85 56.8834554154369 3005.75 45.3330729159187 41075.5 175.680818531791 0 0 2.0329195 0.00707816959036728 0.9296581 0.0171337260188787 0.9335378 0.0120299716483456 0.997649 0.000540095084221285 0.99621795 0.000690861453187255 7.821477 0.395353541518221 7.692086 0.493377025492675 0.24196025 0.00241364682327386 0.14504885 0.00183120420147509 4.2 1.36381816969859 3 1.58113883008419 65.45 11.2804033615824 54908.25 188.045174093886 174324.3 235.894065207245 0 0 0 0 68489.85 186.007869457182 105834.45 305.271104921511 
39 2004058.5 12588.7784455046 36880.39 1482.85822852355 36454.39 2193.54806669469 1202282.5 8688.61604342141 728440.75 6608.12085145997 358479.9 153.066946137956 0.016115225 5.07347008959354e-05 0.01615511 6.94423278699669e-05 0.5332565 0.000430480719661186 0.41940545 0.000481641617284057 48462.25 186.633028963257 3136.05 46.5074993952588 3059.9 51.057712443861 42266.3 181.399586548592 0 0 2.022959 0.0057171985272509 0.92602235 0.0128500780825449 0.92327875 0.0158560766486385 0.9972896 0.000452278166618724 0.99560775 0.000677522757920363 8.6010395 0.4046551204356 8.689675 0.580069137461217 0.26608475 0.00193145494058236 0.16370465 0.00156277091331391 4.35 2.37223523285529 3.7 1.76351920885484 61.3 12.0337026720789 54997.45 240.535958850231 180373.5 188.197635479301 0 0 0 0 70782.3 107.170938224875 109591.2 212.725550886583 
40 1847820 9054.65018650638 33910.79 1222.63600016522 33841.16 1759.4579228842 1115721.5 7731.86153199862 664346.65 5835.59442794819 360404.95 110.384543755002 0.0161051 7.20254607760337e-05 0.0161365 6.42604544023772e-05 0.53295935 0.000661376842276759 0.4212656 0.000759768609512135 49879.6 190.253883008994 3217.4 48.7672020932102 3160.9 48.1455086171078 43501.3 162.16907843359 0 0 2.0146125 0.00572708553716459 0.91391465 0.0213749177876197 0.9198666 0.0149676017297361 0.99707935 0.000601166306025201 0.99450395 0.00136939999543596 9.765454 0.858513323946693 9.543942 0.504170887027405 0.29414315 0.00209202154087859 0.18538 0.00178140309868373 5.2 1.4 2.15 1.15217186218029 62.05 11.3025439614274 54980.55 239.834208360692 186540.85 246.780727570043 0 0 0 0 73089.9 220.809397444946 113450.95 341.518443865042 
41 1709105.5 14720.2875226675 32342.02 1422.80538289676 31465.47 1586.98680400941 1038798.5 10070.1262529325 606498.85 7367.75764581735 362115.2 179.593596767814 0.016067765 5.70045373194101e-05 0.016115855 4.93765073187642e-05 0.53245385 0.00059167882123666 0.42315885 0.000676419638612009 51369.7 250.850971694351 3306.85 57.7825882078676 3227.6 51.2819656409541 44835.25 207.205664739167 0 0 2.0079005 0.00904498229683175 0.9083595 0.0217858257738834 0.90491895 0.0140071278764599 0.9969528 0.000649349335874001 0.9939495 0.00120114976168669 10.405198 0.627842044598799 10.5758045 0.536663986498768 0.3238826 0.00309873779787835 0.2095435 0.00284243382508722 4.85 1.71099386322687 2.6 1.49666295470958 58.9 9.85342580019761 54871.7 259.796670494447 192686.85 227.431588615126 0 0 0.05 0.217944947177034 75363.4 155.739012453527 117323.4 326.09452617301 
42 1587585 10102.8231202966 30785.535 1932.0947016839 30289.925 1711.30539351543 972116 9629.03741295048 554393.55 6011.9306672233 363612.95 123.787105548195 0.0160672 6.96842952177893e-05 0.016112945 5.69748582709953e-05 0.53239355 0.000708895935592801 0.42436485 0.000813666533353808 52663.05 245.824424132347 3381.6 43.5435414269441 3322.7 48.9970407269664 45958.75 223.782455746647 0 0 2.001276 0.010671653292719 0.90789645 0.0195855565391311 0.9051481 0.019331959227921 0.99686035 0.000633623016864135 0.99359895 0.00155818084556959 11.035732 0.77180395828604 11.178959 0.825827619384942 0.3545892 0.00349583235582029 0.23584585 0.00284729663496798 4.95 1.8296174463532 2.5 1.28452325786651 58 6.46529195009785 54789.6 221.580775339378 198693.05 231.115874617041 0 0 0 0 77754.4 201.601686500882 120938.65 378.647233582922 
43 1479840 10089.2839190896 28528.635 1709.32171233943 27922.43 1550.71221350062 915861.6 8250.20652105146 507527.15 5742.77494139375 364940.65 123.329345656255 0.016055445 5.81275792976106e-05 0.0160949 4.64119488924999e-05 0.5320681 0.000635956358565587 0.42571295 0.00067319361813671 54075.15 289.276213159672 3474.9 67.3282258788987 3422.2 52.7044590143946 47178.05 250.452685152306 0 0 1.9853685 0.010427081219114 0.8922922 0.025703131347367 0.8909265 0.0168596789159818 0.99636985 0.00064738298363489 0.9931909 0.00120168352322898 12.211025 0.68107512645449 12.4137 0.739547828744024 0.38550585 0.00343418286168631 0.26498445 0.00313328885478183 4.4 1.74355957741627 2.45 1.46543508897528 59.35 11.4729028584748 54581.45 236.498303376578 204626.2 227.103852895542 0 0 0.05 0.217944947177034 80037.6 184.705008053382 124588.55 331.230203182017 
44 1372442 10075.3499194817 27107.325 1349.53909868332 25534.475 1905.08188009728 854990.85 8667.6639486946 464809.9 7561.13848504311 366263.55 122.453858657047 0.01606312 5.83560930837561e-05 0.0160953 5.24900752523748e-05 0.53189445 0.000423555129233484 0.42682615 0.000483670680835628 55469.4 189.546669714875 3542.45 48.9310484253097 3491.15 43.8774144634799 48435.8 191.684793345742 0 0 1.975715 0.0123820351719739 0.8858552 0.0209584463560637 0.8806471 0.0244985441463365 0.9960625 0.000923559229286347 0.9917465 0.00148865934652628 13.003625 0.984683810608766 13.7986 0.901678470964013 0.4227308 0.00424321852607193 0.29779985 0.00491860359527987 4.4 1.56204993518133 2.35 1.85135085815736 55.8 8.38212383587835 54273.95 314.982932077279 210666.95 190.134025098087 0 0 0.1 0.3 82480.55 151.443215430735 128186.3 253.833626613969 
45 1273712.5 10489.8884050308 24748.025 1472.26611041449 24588.285 1219.81876861893 800632.85 10175.9414467409 423743.5 4128.6378685954 367478.75 127.417767599342 0.01604926 5.90821919024674e-05 0.01607821 5.60096054262118e-05 0.53135425 0.000523590285910652 0.42824855 0.000589793817787201 56780.25 240.568675226015 3632.65 48.0513007108028 3559.95 55.8967575088216 49587.65 249.946249221708 0 0 1.962631 0.0106325269338949 0.87757655 0.0208461806177415 0.87216645 0.0248144586994659 0.99538415 0.00104061641708173 0.9909082 0.00207155160688792 14.472505 0.978194603581005 14.706935 0.885486953192988 0.462062 0.00576613552563587 0.33590145 0.00326138472853173 3.3 1.58429795177549 2.45 1.5644487847162 53.55 7.16571699134148 53975.35 387.972843766158 216725.85 271.270211228583 0 0 0 0 84798 158.738779130999 131927.85 311.507507935202 
46 1186329 13545.4154236775 23445.5 1799.37014257767 23285.765 1641.84955622463 752086.95 11997.3279628216 387510.25 5361.64612665737 368554.2 164.615795110919 0.01603757 5.52729327971658e-05 0.01608654 4.01189905157145e-05 0.5313718 0.00055869424554045 0.4289703 0.000644587084884577 58145.3 278.257632420029 3708.7 60.643301361321 3621.1 69.8025071182977 50815.5 255.877802866915 0 0 1.951528 0.010059132467564 0.8601683 0.024023236426635 0.86641095 0.0250767194454837 0.9952197 0.000709036536435187 0.9908842 0.00206770313633268 15.898385 1.59359128488926 16.182135 1.51304621253781 0.50290415 0.00821828731716653 0.3764934 0.0052104613269844 3.9 1.75783958312469 1.95 1.35922772190682 56.9 6.95629211577547 53722.85 335.419330838281 222620.5 289.239779421849 0 0 0 0 87263.75 140.022453556564 135356.75 324.899965373959 
47 1108128 8988.88458041375 22003.71 1254.30540734703 21438.475 1190.55248262099 708382.7 6931.28684372534 356302.85 5498.16257739802 369516.55 109.964301025378 0.01606464 6.68112969489443e-05 0.016063655 4.01534864613275e-05 0.53130055 0.000486551895998775 0.4296819 0.000515026591546496 59491.15 292.059458843572 3788.4 50.9277920196821 3726.1 53.8654805975033 51976.65 263.934134776084 0 0 1.936876 0.0111051296255379 0.8558522 0.0284897715568237 0.8569403 0.0269402564429146 0.99461615 0.00121275142857058 0.98927245 0.00249286518839267 16.384265 1.09977127361784 17.066005 1.07292159334921 0.54577395 0.00515920125092054 0.41991725 0.00684767882479165 4.15 1.58981130955846 2.65 0.909670269933013 54.15 11.1277805513948 53238.6 296.637556624241 228501.4 215.156780046551 0 0 0 0 89768.85 179.667825444624 138732.55 275.200740369644 
48 1040031.5 11496.1877485539 20930.56 1410.71459069508 21024.785 1166.40496752843 671211.5 11055.3044575896 326865 4960.36847421641 370356.2 139.861931918589 0.016025685 4.18006252943664e-05 0.016081965 3.8435703128732e-05 0.53134135 0.000516415653809988 0.4302195 0.000568397264243946 60781.5 195.628857789438 3872.35 51.3461537021031 3796.45 48.3181901565032 53112.7 174.968597182466 0 0 1.9229335 0.0163859394832887 0.84453755 0.031999031415771 0.843204 0.0305392651532417 0.9938859 0.00093046686668575 0.98782085 0.00296768337723215 17.86331 1.42457921713747 18.4003 1.77655988922411 0.5888243 0.00963010212354989 0.469289 0.00709480793256589 3.7 1.76351920885484 1.75 0.942072184070839 50.3 9.13838060052217 52571.3 255.802091469167 234410.7 206.0951479293 0.05 0.217944947177034 0.1 0.3 92346.65 172.26963603607 142063.9 304.815337540616 
49 973783.05 8791.87235732526 20119.54 1147.57626038534 19668.995 1242.07932052466 634695.7 7207.50730211215 299298.9 5189.11368058169 371171.85 107.307164252905 0.01604464 5.71270636388748e-05 0.016079025 5.58843437377589e-05 0.53116175 0.000416475434449633 0.43090935 0.000462871502147195 62152.85 271.968063382449 3968.25 47.4624851856706 3868.9 61.5953732028632 54315.7 243.164573900065 0 0 1.9079315 0.0125466418913588 0.8347165 0.0321054118903652 0.83719895 0.0301344619123604 0.99392795 0.00105322782317028 0.98730545 0.00276988061971992 18.46428 1.65948322727288 19.2288 1.51399352937851 0.6355766 0.00746094734199351 0.52497965 0.00985342538041974 4.4 1.39283882771841 2.1 1.17898261225516 54.2 7.90948797331408 51950.4 365.592313923584 240359.75 189.880192489896 0 0 0 0 94864.45 178.342220183556 145495.3 272.911359235925 
50 909684.7 11837.0330028263 18759.68 1146.87678614575 18239.485 1188.89624453734 598102.05 9969.81841095915 274583.5 4711.34075927437 371959.5 144.494117527324 0.016051485 6.06301515337045e-05 0.016073665 5.0013700872861e-05 0.53093465 0.000393369072881928 0.43162805 0.000465252348193969 63420.7 325.929762372202 4019.25 62.4570852666053 3962.7 45.3267029464972 55438.75 307.335301421753 0 0 1.8911865 0.0145240022979205 0.8260948 0.0327437300541646 0.82163505 0.0335240831514823 0.9931848 0.00138361178081136 0.98487275 0.0029051755175032 19.68533 1.66166053365301 20.54475 1.91551177273855 0.68878075 0.0114557983740768 0.58685245 0.0105365590326017 4.25 2.04633819296811 1.85 1.06183802907977 57.05 14.6029962678897 51604.85 270.167591505717 246238.55 280.872831544811 0 0 0.05 0.217944947177034 97279.5 109.768164783784 148959 254.490274863304 
