#1 Nodes,             #2 AvgThroughput,               #4 totalBKThroughput, 
#6 totalBEThroughput,   #8 totalVIThroughput,           #10 totalVOThroughput,
#12 totalCollisions,    #14 totalBKCollisions,          #16 totalBECollisions,
#18 totalVICollisions,  #20 TotalVOCollisions,          #22 totalInternalCollisions,    
#24 totalBKIntCol,      #26 totalBEIntCol,              #28 totalVIIntCol,
#30 totalVOIntCol,      #32 overallFairness,            #34 BKFairness,
#36 BEFairness,         #38 VIFairness,                 #40 VOFairness,
#42 avgTimeBtSxTxBK,    #44 avgTimeBtSxTxBE,            #46 avgTimeBtSxTxVI,
#48 avgTimeBtSxTxVO,    #50 qEmptyBK,                   #52 qEmptyBE,
#54 qEmptyVI,           #56 qEmptyVO                    #58 totalDropped,
#60 droppedBK,          #62 droppedBE                   #64 droppedVI,
#66 droppedVO
2 4000625 15671.2352735833 1604701.5 8001.53939876572 1193398 6493.99692023333 600080.45 3661.87680670718 602443.75 5279.74333538099 72.5 10.4091306073082 0.0028764705 0.00049940008883134 0.002935231 0.000533785744853682 0.003140692 0.000681603882827849 0.0030517825 0.000587492494121202 0 0 0 0 0 0 0 0 0 0 3.3889775 0.00477260921823691 0.99996235 4.0390933388565e-05 0.9999303 6.98277165601081e-05 0.9999407 8.5188672955982e-05 0.99981195 0.000170658276974774 0.0004207262 6.87519061553932e-07 0.00042264245 1.26472647141585e-06 0.00034078065 8.58760401683729e-07 0.0002986539 5.90955996669805e-07 18756.4 91.5218006815863 14090.6 80.160089820309 7229.55 45.8960510283837 7262.9 67.2234334142492 0 0 0 0 0 0 0 0 0 0 
3 5996929 21391.2757684061 2405560 12693.7193131091 1787564 12763.2164441413 899415.95 7166.30097382883 904388.55 6025.41032191999 251 14.953260514015 0.0064873375 0.00058533431787206 0.0067303715 0.000539024433753007 0.0074471195 0.0010422218213196 0.0072337395 0.000679721121376076 0 0 0 0 0 0 0 0 0 0 3.3895335 0.00795666593178326 0.9999525 4.85844625369035e-05 0.99990645 8.26888595882164e-05 0.9998586 0.000114958862207313 0.9997675 0.000293739084903591 0.0004395861 9.18231065690989e-07 0.0004411702 9.25104458966659e-07 0.000350921 1.05674722616148e-06 0.00030383425 4.93718429370434e-07 28031.05 145.354557892073 21070.75 134.731909731882 10825.5 84.0782373744835 10906.7 68.8259398773457 0 0 0 0 0 0 0 0 0 0 
4 8001364 18602.3612479706 3206841 12066.4675443976 2390536 11074.5651833379 1206546.5 9960.11559922876 1197441.5 6922.46146612605 568.1 27.204595200076 0.0111580205 0.000754792720675518 0.011205105 0.000630263730889697 0.012490025 0.000679133684833112 0.012112495 0.000942099995475533 0 0 0 0 0 0 0 0 0 0 3.3891545 0.00441205334849885 0.99993195 6.65758777636438e-05 0.9999072 5.5311481629043e-05 0.9997951 0.000142215646115318 0.9998238 0.000129544818499228 0.00046328095 1.16576805047145e-06 0.0004647484 8.35802991140854e-07 0.00036395595 1.002217864289e-06 0.00031070485 7.41792105309835e-07 37237.15 116.162935138537 28111 131.348391691714 14508.15 117.838565418966 14428.75 81.8057913597809 0 0 0 0 0 0 0 0 0 0 
5 10001145.5 25021.3158077268 4007006.5 10805.2507027833 2985704.5 15390.9783558421 1507320 8172.56813981994 1501120 7808.12717621838 1096.7 35.3215231834642 0.016999655 0.000630080300814904 0.017129325 0.000755753384957685 0.018835325 0.00112177557643006 0.019505575 0.00117287754470575 0 0 0 0 0 0 0 0 0 0 3.390694 0.00391732612887927 0.9999171 5.54616083430718e-05 0.99989645 5.50640309094803e-05 0.99983165 9.99306134275264e-05 0.99980365 0.000165436173492995 0.00049470905 9.20107247824946e-07 0.00049639875 1.59113487407573e-06 0.0003811617 1.19351439455081e-06 0.00032019765 9.0898037795103e-07 46333.3 119.126445426698 35004.3 185.307339304195 18117.7 100.312561526461 18070.15 93.9559870364843 0 0 0 0 0 0 0 0 0 0 
6 11990445 35825.3328665625 4794637.5 18201.2699762956 3590131.5 12071.0800158892 1806819 11022.6516319804 1798852.5 11105.921787497 1885.15 48.8254800283622 0.02424005 0.000851391292238769 0.02455313 0.000739480136379606 0.02684174 0.00125560557317973 0.027537715 0.000863472931987448 0 0 0 0 0 0 0 0 0 0 3.392106 0.00518789880394751 0.99988855 7.6702330473065e-05 0.99987635 6.62527546597022e-05 0.999814 0.000141309943033037 0.9997581 0.000178550525062227 0.00053600055 1.62463757419923e-06 0.00053854375 2.01123727777207e-06 0.0004040983 1.42914719675756e-06 0.00033231625 6.73974990262996e-07 55176.2 188.45200980621 41931.5 152.640918498285 21677.85 129.934704755889 21649.35 133.785752230946 0 0 0 0 0 0 0 0 0 0 
7 13999900 31901.2225471062 5603220.5 17263.8806399372 4188327.5 14088.314617086 2106962 12171.7942802202 2101387 9721.06583662512 3157.2 63.7358611772054 0.034666015 0.000696696362323645 0.034682395 0.0008296586228534 0.037697825 0.00144795500305603 0.039712645 0.00137462802040225 0 0 0 0 0 0 0 0 0 0 3.390932 0.00457356491153235 0.999913 4.03212102992942e-05 0.9998966 4.97135796337306e-05 0.99975895 0.000116704959191983 0.9997634 0.000170526654807975 0.00059547645 2.64429509463298e-06 0.000597205 2.93072194177476e-06 0.0004362646 2.71676313652847e-06 0.00035058055 1.19390089517513e-06 63990.95 203.545197683463 48646.35 162.882250414218 25243.05 146.816373405693 25265.05 109.014895771174 0 0 0 0 0 0 0 0 0 0 
8 16002125 33633.1960271396 6402223.5 15162.1829810222 4791361 18190.148130238 2408324.5 14489.8800805942 2400211 8361.67022789108 5073.5 104.27679511761 0.04811024 0.00100826660680596 0.048459585 0.00119849736848898 0.052533875 0.00148946668135779 0.054858305 0.00162824374357005 0 0 0 0 0 0 0 0 0 0 3.3908705 0.00395263769526119 0.9999071 4.34429510968122e-05 0.99986885 7.1209040858602e-05 0.9997432 0.000107937296612427 0.9997578 0.000120185107230474 0.0006819353 4.82341484946091e-06 0.0006834084 4.21297268445928e-06 0.0004823503 2.51478931721924e-06 0.00037600505 1.56579224276403e-06 72346.45 151.154382999634 55246.8 215.592346802942 28788.2 174.720805858947 28807.3 102.929150389965 0 0 0 0 0 0 0 0 0 0 
9 17965650 55079.9918300648 7172193.5 29593.9827118622 5386362.5 16772.8634630465 2704735.5 14864.5088970339 2702350.5 16976.5036079282 7816.2 276.317317589759 0.06447741 0.00268029132966922 0.06597444 0.0020023102480385 0.07153288 0.00208091106215523 0.074068655 0.00214644908732422 0 0 0 0 0 0 0 0 0 0 3.394234 0.00497464008748371 0.99975035 0.000246941749204152 0.99987475 6.42976477019242e-05 0.9997762 0.000173307414728871 0.99977895 0.000132422987052847 0.00119213005 0.000424136868987179 0.0008102271 1.823965621085e-05 0.00054991525 8.05066390352374e-06 0.00041212275 4.02075896908781e-06 77139.6 3316.16183863213 61477.25 134.19198001371 32248.9 174.249791965443 32374.2 197.337680132305 0.15 0.357071421427142 0 0 0 0 0.05 0.217944947177034 0.1 0.3 
10 19580255 91477.0215682605 7577554 92706.5681276143 5992080.5 14930.684671173 3007483.5 14503.460026835 3003138 10118.6019785344 10346.95 566.481109570302 0.072891255 0.00494212525786984 0.080865615 0.00318804908984711 0.08802448 0.00376792578915774 0.09169091 0.00350963750092513 0 0 0 0 0 0 0 0 0 0 3.4304045 0.0100641221549621 0.99373875 0.00149370321265637 0.99986725 6.60423159799702e-05 0.9997811 9.26768040018516e-05 0.9997097 0.000101759569574559 0.0038622435 0.000736147294114941 0.0009595162 6.76665304368415e-05 0.0006118751 1.47573249672832e-05 0.0004466729 7.8910677661518e-06 65208.55 5594.4286256507 67471.2 419.867074203253 35748.85 158.580034998104 35925.25 129.832921479877 0.25 0.433012701892219 0 0 0 0 0 0 0.25 0.433012701892219 
11 20672280 97327.2192143596 7498359.5 128595.011119211 6553316.5 44799.9014814765 3308671.5 11543.1630305562 3311940 12688.9668610175 11415.7 547.55868178671 0.06999308 0.00412027209060276 0.08385534 0.00518723154075466 0.095891075 0.00338506579860348 0.0998175 0.00379982356564091 0 0 0 0 0 0 0 0 0 0 3.495155 0.0146797620893528 0.97998055 0.00264250245931768 0.9996698 0.000236979028608028 0.9997646 0.000135770173454992 0.9997195 0.000100894747137794 0.0076017205 0.00078809152310804 0.00259665805 0.00124663120648901 0.00064065175 1.43884245971371e-05 0.00046203535 9.05685042536863e-06 46159.1 6145.49344560711 65141.15 6905.79626310391 39276.85 140.597750693245 39579.5 155.810622230963 0.25 0.433012701892219 0 0 0.05 0.217944947177034 0 0 0.2 0.4 
12 21480755 110177.164035929 7332855.5 234183.069914864 6933295 130580.233056156 3602808.5 17714.7114780343 3611804 12056.8488420482 12231.8 780.386801528575 0.06745091 0.00639482878167195 0.08337978 0.00611286362726996 0.10188087 0.00390443511306053 0.10784388 0.00472600214701602 0 0 0 0 0 0 0 0 0 0 3.556264 0.0290906322378871 0.9702772 0.00827250189241442 0.99685285 0.00149391158623929 0.99973345 0.000124211704359936 0.999704 0.000112429533486538 0.0106900145 0.0011563279645865 0.0050275435 0.00167607906119095 0.00066498455 1.73392855374003e-05 0.00047827345 1.09691294981644e-05 32439.7 9594.3089177908 58308.5 9105.19286725987 42720.25 211.172648560366 43124.2 147.958980802113 0.55 0.668954408012983 0 0 0 0 0.1 0.3 0.45 0.58949130612758 
13 22115620 77910.6000490306 7086665.5 212888.764698257 7218049.5 149307.090537422 3901181.5 14596.4510326997 3909730 15349.2283193651 13196.55 730.09940932725 0.065719305 0.0051444981535107 0.084611455 0.00656764212533501 0.10956635 0.00351171381628686 0.1161291 0.00316009327235764 0 0 0 0 0 0 0 0 0 0 3.618535 0.0298204645336051 0.965651 0.0141383605060841 0.99148185 0.00181042288637213 0.99977425 0.000100675654951936 0.99974775 9.10301461055668e-05 0.013526665 0.000866759694653022 0.0070485 0.00154867408270107 0.0006957109 1.69113908325129e-05 0.00049486175 8.52931125516592e-06 21252 7458.03421821059 53430.7 8605.36103310024 46191.4 174.480486014912 46660.4 183.477355551032 0.5 0.591607978309962 0 0 0 0 0.05 0.217944947177034 0.45 0.58949130612758 
14 22628705 51994.3407978214 6971715.5 289504.486139248 7254834.5 260105.656810362 4200308.5 12204.5328771731 4201844 15997.2673916516 13578.1 835.966500524991 0.063316925 0.00443614498025876 0.07821466 0.00893896346493261 0.1152226 0.00467386336342859 0.12186075 0.00424172030990965 0 0 0 0 0 0 0 0 0 0 3.681705 0.0275788196810523 0.969545 0.0174472409538013 0.98532335 0.00285494459271979 0.99972465 0.000100375930879866 0.9997681 9.8279652014019e-05 0.015562065 0.0010339039584386 0.0105009075 0.00219156743654827 0.00071788785 1.90732875962038e-05 0.00050773465 1.05999646568986e-05 14593.6 7379.11990280684 40305.2 12224.9566240539 49696.65 159.131478658372 50097.75 187.270893360394 0.85 0.963068014212911 0 0 0 0 0.1 0.3 0.75 0.99373034571759 
15 23053825 33156.1740102805 6810923 121871.354308549 7242518.5 110169.361497424 4498579 9329.73895669112 4501799 17642.1679223388 14145.75 651.518754526683 0.06123004 0.00352370796667374 0.074860935 0.00526192293247203 0.12110285 0.00294573610961674 0.12916365 0.00321050259733581 0 0 0 0 0 0 0 0 0 0 3.757319 0.0219317721354203 0.97976395 0.0155330727303873 0.97974635 0.00314627917189496 0.99974575 8.95152919896887e-05 0.99975085 7.48460252785589e-05 0.01756593 0.000442993521510191 0.01326138 0.000848716972023065 0.0007453288 1.35193309545998e-05 0.00052331345 7.71442963850861e-06 8042.9 3455.72414842389 30528.35 5028.73324282567 53127.55 122.170976504242 53636.9 211.057788295054 1.05 0.864580823289529 0 0 0 0 0.25 0.433012701892219 0.8 0.748331477354788 
16 23440385 17438.2417404967 6678814 145017.826366278 7150797 149027.514912515 4800996 15217.8843470438 4809776.5 15376.7217816412 14934.2 652.614020689105 0.06095654 0.00330166093389373 0.07190559 0.0061673336831973 0.1283209 0.00286066488600116 0.13741275 0.00299253277133267 0 0 0 0 0 0 0 0 0 0 3.8278835 0.0166419924513263 0.99185275 0.0108050010637436 0.9777317 0.00562602408544436 0.999735 7.93611995876913e-05 0.99979525 6.64829865454192e-05 0.01935983 0.000514447974143159 0.01588872 0.00106304083157704 0.00078223355 1.45113247964305e-05 0.00054478735 7.75351855788712e-06 3886.45 2750.84516967059 21963.7 6126.96654226217 56620.25 199.550964668177 57242.05 173.230908038952 1.6 0.916515138991168 0 0 0 0 0.2 0.4 1.4 0.916515138991168 
17 23776665 18042.2912901882 6576517 85340.6416720662 6985228 86496.9499809097 5109514 15955.9836425085 5105401.5 16829.881542958 16145.3 564.334927148763 0.062829105 0.00266706853501649 0.07139932 0.00459578608919084 0.13796845 0.00268802095369437 0.14688515 0.00214588928593718 0 0 0 0 0 0 0 0 0 0 3.886985 0.0163733935089827 0.99811135 0.00193732806398401 0.97790835 0.00956984318197013 0.9997519 9.63617662768806e-05 0.99976655 6.61199478221123e-05 0.021017055 0.00033509810574666 0.01847895 0.000552367435227675 0.00082871275 1.6718137312138e-05 0.00056886495 7.37391911723337e-06 1693.85 1016.8224660677 14544.1 4218.52975454719 60159.4 168.238045637721 60701.3 201.100994527625 1.55 1.24398553046247 0 0 0 0 0.1 0.3 1.45 1.28354976529934 
18 24070300 12734.3236962157 6484227.5 99145.7524997919 6766621 107898.800405751 5409558 16603.9220065622 5409899 19071.7285268011 17887.25 690.128819496766 0.06758138 0.00319653582047816 0.07382185 0.00627326497212576 0.14941235 0.00275982079626558 0.15885605 0.0029460627025744 0 0 0 0 0 0 0 0 0 0 3.934798 0.0155873380023659 0.99777855 0.00456202128968071 0.9842636 0.0106559244338537 0.9997389 0.000117983007251049 0.9997573 6.64207046033103e-05 0.022659195 0.000379870594380507 0.02090329 0.000732628046077953 0.0008937182 1.59531967191532e-05 0.0006049501 9.97837198093959e-06 1116.8 1152.91728237545 8917.1 4462.72993693322 63524.85 167.160185151848 64244.75 241.566528103543 2.7 2.00249843945008 0 0 0 0 0.3 0.640312423743285 2.4 1.71464281994822 
19 24311455 14144.5210240573 6377676.5 50078.3230824476 6521319 52067.5734886887 5702272 14937.2392362176 5710184.5 12724.8412465539 19771.55 380.626651063743 0.073929055 0.0018890006914967 0.07719381 0.00310713961641572 0.15993995 0.00191198654480098 0.17104515 0.00203869731139765 0 0 0 0 0 0 0 0 0 0 3.976747 0.00528546033945955 0.99949925 0.000670199065576783 0.9940415 0.00393803308137451 0.9997282 0.000107523299800549 0.9997327 9.49989999947257e-05 0.02435357 0.000215913890474884 0.023389585 0.00040063741247542 0.00095752505 1.29582171052772e-05 0.00064113775 6.5851841802261e-06 504.75 462.689082970411 4085.05 1999.05598908585 66797.7 197.442928462885 67685.2 139.094068888648 4.05 2.31246621596944 0 0 0 0 0.4 0.66332495807108 3.65 2.05608851949521 
20 24503920 18102.1711405014 6213869.5 22359.9726017274 6270239 30655.9013731451 6013260 13794.3832772618 6006555 16233.4252393018 22476.1 279.843331169424 0.083284855 0.00170084324747315 0.08473876 0.00163325048856567 0.17398215 0.00215588604232691 0.18657215 0.00251214082557089 0 0 0 0 0 0 0 0 0 0 3.9961455 0.00216702209264235 0.99977545 0.000376565329657419 0.9984948 0.00185079230601383 0.99971175 9.46223414421954e-05 0.99976685 6.79545988142034e-05 0.026330595 0.000107979879954554 0.02590789 0.000218554468954538 0.001063589 1.35665393155366e-05 0.0006977261 7.31985378200959e-06 298.1 248.805526465953 1550.4 822.340647177312 70109.25 182.869864931322 71037.3 187.170804347259 7.55 2.33398800339676 0 0 0 0 0.8 0.748331477354788 6.75 2.3425413550245 
21 24641120 13272.2869167299 5984890 31847.8201765835 6041668.5 25348.9757731945 6311305.5 18531.331434897 6303248.5 16885.2640710769 25917.65 306.438782630397 0.09575326 0.00175961893727023 0.09707577 0.0019308843691687 0.19102415 0.00188775711560042 0.2039491 0.00225515651119828 0 0 0 0 0 0 0 0 0 0 3.9956845 0.00214941963097012 0.99993085 5.33594181002786e-05 0.99863415 0.00194475364185287 0.99972825 6.64303206374874e-05 0.9997523 4.83436655622975e-05 0.028730025 0.000155305447022955 0.02830936 0.000213729507555695 0.001199676 1.85002190257305e-05 0.00076547475 9.61696268514649e-06 100.65 90.1189630433018 1160.55 893.089999664088 73189.35 178.503858501714 74316.7 186.249859060349 10.75 2.73632965850243 0 0 0 0 1.2 1.28840987267251 9.55 2.6167728216259 
22 24716395 16611.3056380286 5741450 12122.3974526494 5766806.5 14516.9663755896 6609085 17030.7435245793 6599057.5 11433.7919672347 29846.4 222.045580906263 0.1102756 0.00142938239810066 0.11106175 0.00150512812992782 0.2090446 0.00138910386220757 0.22342085 0.00167427761362923 0 0 0 0 0 0 0 0 0 0 3.980116 0.000846329722980342 0.9999307 5.87869883562603e-05 0.9995591 0.000317514550847674 0.999761 7.46357823031301e-05 0.9997219 9.7976476768656e-05 0.031377695 6.53257412893265e-05 0.031152555 0.000109162646885279 0.001371536 2.23563700989226e-05 0.0008560143 8.71328023823405e-06 72.4 76.7244419986226 572.6 272.95299961715 76122.4 233.420950216556 77555.95 149.863095857519 17.9 3.17647603485372 0 0 0 0 2.35 1.23592070943083 15.55 3.02448342696732 
23 24731620 21749.1517075954 5463806 18830.8179323151 5467050 21395.1221076207 6909510 15143.5421880087 6891262.5 20052.0731783524 34347.75 348.005585443682 0.12727815 0.00152680287774814 0.1284119 0.00182472479842852 0.22859365 0.00208311764610163 0.2437123 0.00215175565759684 0 0 0 0 0 0 0 0 0 0 3.9460455 0.00223435779364003 0.9999278 2.97331464867179e-05 0.9998502 0.000122976664453057 0.99974635 9.35837993458348e-05 0.9997599 6.0728000131735e-05 0.03447685 0.000119188495669674 0.03442067 0.000138788912021098 0.001623062 3.06954012190752e-05 0.0009708432 1.11754883320596e-05 43.5 47.5736271478221 215.25 148.027995662983 78807.5 236.833169129664 80602.65 225.386617836996 28.75 4.50416473943838 0 0 0 0 3.75 1.89406969248758 25 3.70135110466435 
24 24677490 19011.6779901197 5142002.5 22952.5701992173 5146815 21997.8081862716 7204143.5 17293.2270773849 7184536 19033.7233351754 39610.1 366.240617627264 0.1477653 0.00150684949812515 0.14829195 0.00175389265563774 0.2503693 0.00202974456767348 0.26698465 0.00204252743616824 0 0 0 0 0 0 0 0 0 0 3.891679 0.00374985453051178 0.9999108 3.42470436680283e-05 0.9998345 0.000170723021294733 0.99973475 8.56194341256746e-05 0.99974665 6.40369229429305e-05 0.03822786 0.000170510203213767 0.03817067 0.000165189984865911 0.002044882 6.92556472498814e-05 0.001125218 2.186850351533e-05 42.55 32.7650347169052 143.55 121.351339094383 80748.7 233.637561192545 83536.35 149.760901105729 49.8 6.22575296650935 0 0 0 0 5.45 2.10890967089631 44.35 7.15733889095661 
25 24560025 25448.1605425618 4789149.5 23880.5865662885 4788724 21692.49533825 7501045.5 19216.8825450436 7481106.5 17793.7810133204 45556.9 428.608551011293 0.17127215 0.00193364674320311 0.1719226 0.0020682031670027 0.2734995 0.00212816530138052 0.2913439 0.00210285013493592 0 0 0 0 0 0 0 0 0 0 3.814407 0.0047661841131035 0.9998855 3.88735128332934e-05 0.99987265 4.95704296935331e-05 0.99975305 5.84272838663582e-05 0.99974165 6.33784466518436e-05 0.042759225 0.000213175439192698 0.04274847 0.000191099325221205 0.002864204 0.000118720562557629 0.001335849 2.14907770683147e-05 26 15.5370524875216 76.15 59.5241757607781 81338.95 375.674257169692 86275.7 193.158251182806 80.4 8.03990049689671 0 0 0 0 9.05 2.31246621596944 71.35 8.25999394672902 
26 24435720 17751.3830447095 4422349 18789.2301332439 4422820 15774.5364432683 7804396 17982.7585203161 7786160 19988.4526664772 51414.2 266.523094684119 0.19626325 0.00157750974244218 0.19692875 0.00134900351648912 0.2900769 0.00145305467550261 0.31560885 0.00200544736343291 0 0 0 0 0 0 0 0 0 0 3.715838 0.00484926241814146 0.99987305 3.23364732152367e-05 0.99985035 5.24635826073673e-05 0.9997143 8.85421368614898e-05 0.99972695 8.02941311678528e-05 0.048159545 0.000204654231510126 0.048140295 0.000172220296350343 0.0049653435 0.000243246040199527 0.001602698 2.14469505058412e-05 21.75 21.1751623370401 66.5 42.1977487551173 77281.6 853.249693817701 88869.1 226.151254694729 127.65 11.5424217562867 0 0 0 0 13.9 4.28835632847831 113.75 12.2305968783212 
27 24538695 30909.8766577934 4185877 13849.1577722257 4187579 16032.396233876 8092201 15770.2935609963 8073039 22856.654807736 53580 378.083324149585 0.20996135 0.00161252011692878 0.20999725 0.00180096607061321 0.2798944 0.00315077138808895 0.32762175 0.00140934718486964 0 0 0 0 0 0 0 0 0 0 3.6327455 0.00409706904384102 0.9998396 4.87313041073029e-05 0.99982185 5.14249696159379e-05 0.99976105 5.95696860827744e-05 0.99972285 7.86468530839011e-05 0.05284005 0.000175032721226632 0.052803825 0.000203878814188724 0.011423465 0.000655898881135652 0.001737695 3.12458537249345e-05 13.4 5.99499791492874 64.15 36.2150176031988 57031.9 2331.20858998074 91609.4 269.833355981057 146.1 15.6904429510451 0 0 0 0 14.25 4.63546114210873 131.85 13.9293754346704 
28 24874045 44480.7539841671 4125246 14766.3138257319 4133200.5 17490.8720408675 8241963.5 20586.9116855831 8373637 16277.216008888 51769.5 530.162852338788 0.20775325 0.003012195160925 0.2068719 0.00297979052787272 0.24036785 0.00489143326924737 0.3321709 0.00156259149812099 0 0 0 0 0 0 0 0 0 0 3.5933565 0.00322606924135245 0.99983045 4.67669487993236e-05 0.99982345 7.05729941266523e-05 0.99984295 4.50804558539464e-05 0.999747 5.90432045200785e-05 0.055602385 0.000199552018969992 0.055485875 0.00023503674154268 0.021169305 0.000650438255697649 0.0017719735 2.99095525334298e-05 18.3 17.1525508307074 45.75 31.1783177865644 24429.1 2429.89643606471 94902.25 209.647531585755 147.35 10.08600515566 0 0 0 0 7.55 2.71062723368596 139.8 10.3759336929261 
29 24986830 31231.8123073254 4067897 13259.6915876652 4070847 10233.4373990366 8171994.5 21322.0459794552 8676089.5 16794.9231838077 52189.05 404.624452424714 0.21178635 0.0021560724541397 0.2118285 0.0018683188566195 0.21960785 0.00377233392311709 0.3427486 0.00161960342059406 0 0 0 0 0 0 0 0 0 0 3.563254 0.00270014518128196 0.99981245 5.47544290445993e-05 0.99981275 4.45812460570631e-05 0.99981365 6.99194357814852e-05 0.99971285 8.24137579533969e-05 0.05840202 0.000190767635095684 0.05835179 0.00014619753725696 0.027342965 0.000386922632156611 0.0019366455 1.94892710163823e-05 14.05 8.49985293990431 34.3 25.3734112803147 6379.5 1535.80029626251 97629.7 148.410949730807 170.5 9.66695401871758 0 0 0 0 3.4 1.65529453572468 167.1 10.2464628043047 
30 24820890 15652.440704248 3955855 14429.6529757302 3951408 14437.8102910379 7940747.5 21314.4525791773 8972884.5 22539.0599792893 55826.15 220.528972019551 0.22719125 0.00188433497221168 0.22854405 0.00208045426469798 0.229602 0.00155074150005731 0.35671595 0.00118406640333217 0 0 0 0 0 0 0 0 0 0 3.5230105 0.00370716667415969 0.9997634 5.65273385186262e-05 0.99977425 6.9648312973111e-05 0.99983195 5.59334202422727e-05 0.999719 6.11187368979476e-05 0.062131545 0.000226666271145488 0.062194145 0.000230067447664809 0.03027826 0.000193670362730078 0.002220435 4.32787240454244e-05 10.5 3.35410196624968 26.2 15.6862997548816 2373.15 493.149700902272 99911.9 171.138218992719 220.8 14.197182819137 0 0 0.05 0.217944947177034 3.55 1.85674446276271 217.2 14.3164241345386 
31 24563655 28978.3104234874 3819233.5 18267.4197069537 3816685 13453.1031736176 7660560 20290.7057541131 9267174.5 19488.1737151022 60511.15 380.38405263628 0.247753 0.00235734371698317 0.24842525 0.00212014725608859 0.2487853 0.00211027453427273 0.37154335 0.00150041638470793 0 0 0 0 0 0 0 0 0 0 3.472425 0.00470110465741826 0.99974925 7.31046339160577e-05 0.999759 4.49165893629503e-05 0.99978845 0.000101158526580815 0.99974085 6.93630124778266e-05 0.06650005 0.000319597738571475 0.066538235 0.000234816028573434 0.03271284 0.000145983685389841 0.0026322085 5.84234576411736e-05 12.15 4.91197516280366 20.8 9.73960984844875 1507.55 424.815427568256 101528.15 263.300830800057 293.7 22.3631393145059 0 0 0 0 3.35 1.95639975465139 290.35 22.0346885614478 
32 24295695 22675.8566541597 3682770 10806.5674476218 3685107 11255.8793970085 7379578.5 22450.7129675207 9548247 20627.2002705166 65220.85 285.466333391523 0.26836315 0.00221462555017772 0.268645 0.00180317575405172 0.2685477 0.00184648655830472 0.38556755 0.001172826563265 0 0 0 0 0 0 0 0 0 0 3.4157105 0.00343333143608356 0.9997275 5.18647278986568e-05 0.9997121 6.80535818307956e-05 0.9998239 3.49712739258973e-05 0.9997227 6.35626462633381e-05 0.071189195 0.000209424285781282 0.07113933 0.000221154656518916 0.035275275 0.000111237250393024 0.003149167 5.30322495374277e-05 13.05 4.22463016132773 20.7 11.9293755075444 813.5 194.361647451343 102454.3 280.740111134836 379.45 16.8655714400669 0 0 0 0 3.9 1.54596248337403 375.55 16.509012690043 
33 23981955 25250.3361363765 3528044 13985.435781555 3526503.5 15201.7315707784 7078076 24489.9590444737 9849324.5 27484.2444820664 70453.5 343.257993351939 0.2918569 0.00207309167428747 0.29264575 0.00214954308807709 0.29009585 0.00196243224787507 0.4003777 0.0010210430989924 0 0 0 0 0 0 0 0 0 0 3.343079 0.00615213613308418 0.99969075 7.19422511463194e-05 0.99967095 6.1926952936511e-05 0.99981395 4.83978047022757e-05 0.9997244 6.94876967527413e-05 0.0766383 0.000301559637551181 0.0766674 0.000327621139427846 0.0380405 0.00013356421676482 0.0039234555 0.000100440047265769 8.35 3.97837906690652 17.95 8.60508570555808 479.65 161.420653882953 102386.15 534.299754351431 492.1 21.1090028187027 0 0 0 0 3.8 1.96468827043885 488.3 21.6312274270324 
34 23678165 23910.7146484583 3379139.5 14898.1184969781 3373886.5 13987.69397542 6790140.5 19058.4074557661 10135000 19672.1884903536 75499.55 309.212301663436 0.3146894 0.00251851742896491 0.316195 0.00206888375700521 0.31150675 0.002034162527307 0.41365825 0.00116677893685994 0 0 0 0 0 0 0 0 0 0 3.2657905 0.00575400336722182 0.9996347 0.000100636027346084 0.9996058 0.00012423147749262 0.99978765 6.04419349458657e-05 0.9997075 6.73657925062898e-05 0.082444345 0.000361940200136708 0.082568395 0.000345651042924797 0.040888295 0.000100140658451001 0.005076767 0.000127551480551972 9.5 3.3689761055846 19.6 9.9569071503153 390.5 196.444012380118 100251.3 544.166160285624 623.8 24.4736593095516 0 0 0 0 3.75 1.29903810567666 620.05 24.9248370105002 
35 23384680 24636.3065413629 3225011 13387.8971089563 3229877 14956.8981075623 6510702 18640.0564913307 10419100 20347.2602578332 80338.75 306.402655830526 0.33881245 0.00252229271645858 0.33791245 0.00240795642558166 0.33227705 0.00138659595683097 0.4252081 0.00125857303721317 0 0 0 0 0 0 0 0 0 0 3.1824475 0.00550549169012178 0.99957895 0.00011148249862647 0.9995654 0.000123337504433972 0.99976855 6.40644011912974e-05 0.99970695 8.65329272589315e-05 0.088931115 0.000367167636475492 0.08879158 0.000413811497665301 0.04393785 0.000139057209449924 0.0067437445 0.000197306070927253 8.3 3.55105618091294 16.3 9.34933152690608 285.85 120.621422226734 95526.05 938.567817208751 783.6 28.5243755409299 0 0 0 0 3.45 1.77411949992102 780.15 27.7853828478213 
36 23152700 18186.7259285447 3084734 11819.6211445207 3090103.5 12765.6426688984 6269033.5 19618.3205894388 10708825 25586.5760702756 84335.9 217.198273473801 0.3607484 0.00201605601112668 0.36031325 0.00223108004954999 0.3506131 0.00183215217435671 0.43147275 0.000982624642221023 0 0 0 0 0 0 0 0 0 0 3.0968055 0.00608347061717244 0.9994748 0.000118927540965072 0.99952715 9.17171058200179e-05 0.9997165 7.99384137946092e-05 0.99972545 5.77282210015118e-05 0.095641535 0.000368826948954385 0.09546539 0.000391741973625499 0.046952605 0.000144381769884567 0.0093766915 0.000282410755660527 7.9 3.49141805001922 14.1 6.56429737291052 250.25 73.5186200904234 85756.45 1268.76426001838 933.5 25.9874969937468 0 0 0 0 3.2 1.66132477258362 930.3 25.9250843778762 
37 23031665 26113.9479014568 2983469 11276.2528793922 2975706 11948.8553426678 6089818.5 21969.7435749715 10982670 23277.093890776 86854.1 322.794810986794 0.3771655 0.00226814914633055 0.3787909 0.00269577194695694 0.36407745 0.00176915472683991 0.43171805 0.0011509402884164 0 0 0 0 0 0 0 0 0 0 3.022281 0.00606643379589687 0.99941835 0.000108031141343581 0.999471 0.000162129577807378 0.99971025 6.34617010487552e-05 0.9997228 6.72930902842209e-05 0.1016394 0.000386340963398912 0.10189405 0.000404800379817016 0.04969441 0.000189435059849015 0.01292305 0.000358833545672642 8.45 3.86619968444466 13.75 9.66889342168999 216.25 87.6144251821582 70995.2 1763.76811401046 1080.45 25.3938476800976 0 0 0 0 3.4 2.00997512422418 1077.05 26.2858802401594 
38 23045585 22871.1450303652 2898291.5 12631.5863117029 2902516 14144.4064562639 6000672.5 14541.3100768122 11244085 20842.535234467 87568.95 256.303623657567 0.3918321 0.00218214073560805 0.391268 0.00287793398117469 0.3702953 0.00185426851076105 0.4242765 0.00131746432589273 0 0 0 0 0 0 0 0 0 0 2.961819 0.00496047265893076 0.999396 0.000116113306730962 0.99937335 0.000116417041278327 0.99965855 7.52179998404682e-05 0.9997671 4.33230885325499e-05 0.1074569 0.000470305103097977 0.1072986 0.000524954702807778 0.051815135 0.000126797974254322 0.017128255 0.00039196357416857 7.9 2.79105714739057 10.5 4.75920161371632 174.65 72.2988762015012 52189.3 1996.32297236695 1200.2 31.0766793592881 0 0 0 0 2.55 1.71682847133894 1197.65 30.9471727303158 
39 23135020 30094.8434121196 2848955.5 9985.08411331622 2851523.5 10406.2982251135 5944922.5 17140.0157161538 11489595 27049.0753076699 87236.25 351.941028440845 0.40128795 0.00215891200550185 0.4010153 0.00184874335969057 0.3752194 0.00198331405480826 0.41204915 0.0020175287674529 0 0 0 0 0 0 0 0 0 0 2.9143725 0.00459351703490907 0.99931885 0.000159706692095226 0.9993735 0.000150141766341014 0.9996404 8.52181905463768e-05 0.9997965 4.21147242659788e-05 0.1122039 0.000400699001745702 0.11208845 0.000407102011171648 0.05368817 0.000160001919050991 0.021066715 0.000238020281226201 7.45 3.2322592717788 14.25 6.31565515208042 154.55 63.1937299104903 34063.8 1300.24680734082 1307.55 33.4924991602597 0 0 0 0 1.55 1.2031209415516 1306 33.6838240109403 
40 23271070 36673.0023314154 2826739.5 10604.0244600812 2821701 14972.8387088087 5932945 25127.8406354386 11689695 21532.103357545 86217.95 429.229481163631 0.407215 0.00235717513138078 0.4083045 0.00346588680571077 0.37713295 0.00277269999233599 0.3983738 0.00200994891974896 0 0 0 0 0 0 0 0 0 0 2.8828215 0.00385723252475143 0.99931495 0.000147564723087874 0.99932795 0.000161012879919581 0.99965975 8.03441814943733e-05 0.99980265 3.80056245837442e-05 0.11598665 0.00043769056135585 0.11618805 0.000621555425927568 0.055192315 0.000240675624596675 0.024123725 0.000284647922660609 6.05 2.2017038856304 8.85 4.22226242670917 116.25 45.4674334001822 20055.3 1551.09877506237 1387 47.9426741014725 0 0 0 0 1.85 1.45859521458148 1385.15 47.8824341486521 
41 23349850 53400.0983145162 2796920.5 13834.5579889637 2797468.5 11705.3518849285 5927821 20427.4418124248 11827625 26724.8175859069 85797.75 622.087765110358 0.41552735 0.00337487352763033 0.415702 0.00270740549234871 0.3801996 0.00248877344087403 0.3883696 0.00282148045181958 0 0 0 0 0 0 0 0 0 0 2.8585125 0.00251663440928555 0.99926575 0.000176841136334283 0.99919495 0.000178380625349273 0.99957985 7.24853605909469e-05 0.9998146 4.48557688597569e-05 0.12015935 0.000590395060531506 0.1201391 0.000494247397565228 0.056626995 0.000204158295141295 0.026516825 0.00013664075846906 7.7 2.72213151776324 9.95 5.41733329231274 109.75 41.1592942116358 9811.45 948.713100731723 1462.25 39.8959584419274 0 0 0 0 1.3 1.05356537528527 1460.95 39.3655623610282 
42 23282615 36671.3958692603 2766180 12053.8558146346 2768339 11700.5388337461 5887157 18812.9192577867 11860935 29772.4415357558 87045.95 430.586980179383 0.4260068 0.00253439526514709 0.42621415 0.00230982789997437 0.38884965 0.00228645374488529 0.3874771 0.00217004075768176 0 0 0 0 0 0 0 0 0 0 2.842385 0.00479790006148523 0.99907735 0.000237129769324732 0.99912065 0.000230032231437241 0.9995917 0.000108136996444326 0.99979365 6.32544662454845e-05 0.12448195 0.000534835252671325 0.1243737 0.000531404939758747 0.058403985 0.000183620751210205 0.028157295 0.000101189226081634 5.9 2.7 8.55 4.27170925976944 121.3 33.4560906263718 4456.7 618.881175994229 1582.95 35.4774223979139 0 0 0 0 0.65 0.852936105461599 1582.3 35.7114827471501 
43 23088965 46801.8725586915 2740134 14582.9302268097 2737599 10317.4792948666 5835271.5 23115.8532775669 11775970 30596.1615239559 89761.85 541.04152104991 0.4372511 0.00284225855438945 0.4382022 0.00198008342248502 0.4003437 0.00285627442834192 0.3959987 0.00252198126678213 0 0 0 0 0 0 0 0 0 0 2.83883 0.00324131300555807 0.99912875 0.000218360224170986 0.99916285 0.000136268952810227 0.99953695 0.000125804401751286 0.9997607 5.48398577678696e-05 0.12865125 0.000683212183366191 0.12875975 0.000485855521220044 0.060336945 0.000247134858882756 0.02943845 7.31256076897825e-05 5.5 2.63628526529281 9.5 4.66368952654441 107.2 46.864272105731 2461.95 489.167402327669 1729.5 46.5172011195859 0 0 0 0 0.65 0.653834841531101 1728.85 46.6489817680944 
44 22859675 27348.1055102543 2708513 14304.0043694065 2713949 9744.34497542036 5773946.5 14047.6675199123 11663270 19532.6931066865 92872.15 315.287848639937 0.4496429 0.0029057116839081 0.4486947 0.00209206398324716 0.4126592 0.00179787551293186 0.40712465 0.00143236525631558 0 0 0 0 0 0 0 0 0 0 2.83797 0.00344630671879331 0.99902995 0.000262251496659205 0.99913225 0.000191922087056189 0.9994832 9.63481188192176e-05 0.99977665 5.09198144144445e-05 0.1331928 0.000706833686237435 0.132906 0.000484091210413907 0.06241443 0.000145273645579644 0.030589845 6.42871252662613e-05 6 2.79284800875379 8.1 4.15812457725836 75.1 24.9016063738868 1591.5 206.335527721234 1928.65 31.9957419041972 0 0 0.05 0.217944947177034 0.55 0.58949130612758 1928.05 32.0085535443262 
45 22603685 35922.87954772 2675720 9319.56007545421 2678452 14873.3528835969 5696465.5 16994.5242578308 11553040 16246.3657474526 96290.95 416.616907362147 0.46188625 0.0019568749033855 0.4617404 0.00289069110075774 0.42678325 0.00220816527630973 0.41868745 0.00135610303719887 0 0 0 0 0 0 0 0 0 0 2.833398 0.00313836677270203 0.99900525 0.000222083964977214 0.9990389 0.000196509516309014 0.99950205 9.95883903876285e-05 0.9997296 4.66887566765224e-05 0.1378919 0.000486347293608176 0.1377427 0.000767672267312034 0.0646994 0.000188557646357819 0.031681145 6.56943869367855e-05 5.25 2.1650635094611 8.7 3.45108678534748 73.15 30.9504038745862 1151.8 184.019727203363 2100.55 39.1720244562366 0 0 0 0 0.6 0.734846922834953 2099.95 38.9454426088599 
46 22372995 28526.3119768399 2654687 10324.1697487013 2651439 10024.6600441112 5632442 18318.3245958794 11434430 18830.9081034346 99402.8 325.852819536674 0.4714846 0.00211993014979268 0.4724846 0.00201400326216221 0.4386489 0.00208662095024468 0.43026865 0.00131680561492576 0 0 0 0 0 0 0 0 0 0 2.8341545 0.0034475418416605 0.99902825 0.000203578700997918 0.9990272 0.000223112213919371 0.9994998 0.000100301345953083 0.99972755 5.48702788401859e-05 0.14206975 0.000557258725817728 0.14223615 0.000538585301971751 0.066897035 0.000216603585554349 0.032761345 6.89411812707032e-05 5.25 2.82621655221252 9.35 4.32752816281997 55.3 18.047437491234 966.05 225.144059437508 2276.45 43.845723850793 0 0 0 0 0.8 1.0770329614269 2275.65 43.8990603544085 
47 22128755 34900.4366018536 2621407 14516.3308380596 2622550 9894.45602345071 5566001 19060.6041089993 11318780 27221.0690458696 102653.95 404.714896563 0.48363415 0.00311008950474098 0.48342025 0.00218742444155221 0.45081405 0.00212768903919253 0.4414537 0.00175928852380728 0 0 0 0 0 0 0 0 0 0 2.831951 0.00496164478776947 0.99890375 0.000188152032941447 0.99895765 0.000217981254928036 0.99946545 0.000120570093721457 0.99971505 6.79238360224147e-05 0.14702145 0.000828091388374495 0.1469424 0.000550757423917284 0.06916699 0.00023965484117789 0.033855365 9.38486136019071e-05 5.25 2.1650635094611 6.6 3.36749164809655 64.45 22.703468897946 801.5 179.566283026631 2482.35 52.924734293145 0 0 0 0 0.6 0.66332495807108 2481.75 52.9290799088743 
48 21887725 39577.7194264652 2588257.5 16988.634104895 2589193 12794.9295035182 5500387 18718.1460353316 11209880 20877.3226252793 105862.9 458.577027335648 0.49524035 0.00340274708544434 0.4949731 0.00249010543752669 0.46265905 0.00237940592322958 0.4523019 0.0016622090091201 0 0 0 0 0 0 0 0 0 0 2.828231 0.00459571746303015 0.9989534 0.000236846448147309 0.99888395 0.000224092943887136 0.99944155 0.000104647252711196 0.99969185 3.88989395742317e-05 0.15206765 0.00101762553402517 0.15201435 0.000746008329377092 0.07148305 0.00024345590257786 0.034931865 6.52417602077073e-05 4.75 2.50748878362397 6.75 3.23844098294226 63.85 27.0282722348285 722.35 165.350619896026 2695.5 58.8731687613296 0 0 0 0 0.7 0.781024967590666 2694.8 58.9725359807428 
49 21650020 32586.5861973911 2562396.5 11402.7997768092 2560111 14871.9288930522 5434687.5 18109.0501890629 11092825 20107.7814539546 109017.8 381.775929047393 0.50516335 0.00257510460515684 0.50581715 0.00297872976745121 0.4743615 0.00194672367068364 0.4632218 0.00120133107842926 0 0 0 0 0 0 0 0 0 0 2.827437 0.00397407108643015 0.9988776 0.000275103144293196 0.9989264 0.000147970402445896 0.9993981 0.000120096586129669 0.9996975 4.37509999885824e-05 0.1568082 0.00069238736268075 0.1569384 0.000916988843988845 0.073859805 0.000247498158528502 0.036074275 7.70150691423439e-05 4.95 2.47941525364349 7.6 4.24735211631906 56.25 18.9496042175028 550.05 154.682408502066 2914.1 52.5327516888274 0 0 0 0 0.8 1.0295630140987 2913.3 52.7731939529909 
50 21422315 31782.6096316838 2542208 8397.78042103984 2541404 9377.90722922764 5371630.5 14161.0273197251 10967090 26696.5147538026 112043.1 371.121799413616 0.5139545 0.00183097071249105 0.51434125 0.00166688196567724 0.48510005 0.00163429980343265 0.47403905 0.0016593814352041 0 0 0 0 0 0 0 0 0 0 2.830692 0.00406054134322011 0.9989054 0.000246844161365019 0.9988643 0.000253371486162107 0.99941465 0.00012470897120897 0.9996904 7.507023378144e-05 0.16127585 0.000527870085816576 0.16132545 0.000592268307019714 0.076252455 0.000203297728651847 0.037257565 9.56252700649786e-05 4.4 1.90787840283389 7 3.06594194335118 56.1 23.8995815862956 439.75 139.015421806359 3159.05 65.1141113738028 0 0 0 0 0.95 0.804673846971554 3158.1 64.8173587860536 
