#1 Nodes,             #2 AvgThroughput,               #4 totalBKThroughput, 
#6 totalBEThroughput,   #8 totalVIThroughput,           #10 totalVOThroughput,
#12 totalCollisions,    #14 totalBKCollisions,          #16 totalBECollisions,
#18 totalVICollisions,  #20 TotalVOCollisions,          #22 totalInternalCollisions,    
#24 totalBKIntCol,      #26 totalBEIntCol,              #28 totalVIIntCol,
#30 totalVOIntCol,      #32 overallFairness,            #34 BKFairness,
#36 BEFairness,         #38 VIFairness,                 #40 VOFairness,
#42 avgTimeBtSxTxBK,    #44 avgTimeBtSxTxBE,            #46 avgTimeBtSxTxVI,
#48 avgTimeBtSxTxVO,    #50 qEmptyBK,                   #52 qEmptyBE,
#54 qEmptyVI,           #56 qEmptyVO                    #58 totalDropped,
#60 droppedBK,          #62 droppedBE                   #64 droppedVI,
#66 droppedVO
2 9997788.5 19372.6170857218 6498882 17979.2495950193 2499490 9132.39946563881 497467.45 4711.2728266892 501948.35 5089.80372190323 616.8 28.6157299400173 0.0063746985 0.000355542396730334 0.002561046 0.000162255095001667 0.00057637115 6.54000232731419e-05 0.00049398445 4.50975362159342e-05 0 0 0 0 0 0 0 0 0 0 2.040634 0.00460391507306548 0.99999455 6.43020217411534e-06 0.9999796 2.64714941021517e-05 0.9998266 0.000178935574998387 0.99984515 0.00022173075451998 0.000464154 7.97244065515696e-07 0.00047830485 1.03641749671645e-06 0.0003695542 1.52474111245156e-06 0.0003125985 9.61268770948068e-07 63792.3 171.323699469746 28095.85 83.2029296359209 5996.45 56.7595586663603 6058.45 61.8599021984355 0 0 0 0 0 0 0 0 0 0 
3 12947485 860912.408015473 7693270 864194.364955014 3754271 14546.6421898664 745816 7016.86918076716 754126.9 6057.25003528829 1627.8 349.105657358915 0.011449187 0.00230659830881344 0.0060839055 0.000521137797770177 0.0013329055 0.000118171880347018 0.0011590418 0.000134034574637517 0 0 0 0 0 0 0 0 0 0 2.0962215 0.0637594314023424 0.91114155 0.0401447743566644 0.99994585 7.10318766470449e-05 0.9998292 0.000144476503279949 0.99975145 0.000192919536335755 0.00214986285 0.000768355750499941 0.0005347163 1.97626588193492e-05 0.0003989622 9.39162034794848e-06 0.00032719145 4.96055409682224e-06 62610.2 12421.9407807315 41703.15 219.481269132471 8974.65 86.5414784944191 9093.45 72.7258379119828 0 0 0 0 0 0 0 0 0 0 
4 13882270 653475.438788636 6893342.5 655552.225180229 5000302 19863.8668440966 990716.1 8110.21330730579 997899.95 7307.7754239919 2022.5 323.763107842756 0.010152712 0.00182756693695087 0.0092347145 0.000577441232208742 0.0019471375 0.000189129599398799 0.001928163 0.000152403426342717 0 0 0 0 0 0 0 0 0 0 2.199596 0.133186687938397 0.78459795 0.048684133672558 0.99992785 0.000152046464937537 0.99979495 0.000181354755934334 0.9997693 0.000180151908122011 0.0052289155 0.000428171974041681 0.000576485 0.000114800867069461 0.0004080494 8.39069736315164e-06 0.0003336972 4.41772331184288e-06 38506.65 9946.59167391021 55174.15 959.585497754108 11916.45 98.352160627004 12029.4 90.4319633757888 0 0 0 0 0 0 0 0 0 0 
5 15218705 598558.264895741 6525812.5 633151.109000648 6208220.5 109354.788668581 1242964.5 7087.62969898964 1241712 9496.42859184441 2698.4 327.812202335423 0.00974942 0.00178683945694346 0.01294863 0.000642337807621504 0.002788092 0.000208218254521548 0.002766493 0.000159395837213523 0 0 0 0 0 0 0 0 0 0 2.39089 0.235074253545555 0.7874009 0.112456143605807 0.9984303 0.00445630542153475 0.99973865 0.000140625486665823 0.9997387 0.000281978740333383 0.0071201765 0.000239645825339708 0.00076794125 0.000519261004558967 0.0004256123 8.98616623538648e-06 0.00034272495 3.83239870675012e-06 24101.25 10313.4593996147 67223.85 4163.16336786103 14941.65 84.3245367612535 14966.55 110.999763513262 0 0 0 0 0 0 0 0 0 0 
6 16044545 338000.380879963 5747916.5 534956.403403819 7311336 267696.647259543 1488261 8384.34427966791 1497026 5783.84162992038 3067.7 279.910896536737 0.007349151 0.00157313573454391 0.015832965 0.00142188759445851 0.003572711 0.00016927818500622 0.0037276805 0.000198035412299796 0 0 0 0 0 0 0 0 0 0 2.736596 0.165405611978554 0.949577 0.0952978784260175 0.99305725 0.00966542583063467 0.99975005 0.000152441619973026 0.9996942 0.000154840433995765 0.008796589 0.000299939505549036 0.00133017845 0.000997234940069765 0.00043626525 6.62150827889688e-06 0.0003493968 3.33775293573386e-06 5944.15 7766.14168216754 75482.5 9103.29937714892 17875.5 100.535317177597 18041.65 71.559957378411 0 0 0 0 0 0 0 0 0 0 
7 17453535 251560.756627499 5621592 140979.89316211 8346591 380209.020236238 1736618 6994.64194937811 1748734 9318.15668466677 4116.2 517.104786286107 0.0074311855 0.000767851266297549 0.02029364 0.00293697010921119 0.004745276 0.000291264999208624 0.004898317 0.000287657935578006 0 0 0 0 0 0 0 0 0 0 2.81136 0.0279300524525108 0.9977615 0.00272897532967964 0.9873545 0.0109002812601327 0.99969085 0.000123422151577417 0.9996625 0.000242109376109233 0.0101945315 0.000252902273245517 0.0018434302 0.00117802321271618 0.0004626332 8.9631129279955e-06 0.0003629689 4.8207088887424e-06 945.5 763.490176754096 82529.3 12063.6367447797 20839.95 80.8408776548103 21053.75 111.769349555234 0.05 0.217944947177034 0 0 0 0 0 0 0.05 0.217944947177034 
8 18574130 301880.931991406 5816888.5 201619.203804474 8767217 495386.854368381 1990975.5 11418.4480009325 1999040.5 5760.94911885186 4916.4 724.516901114115 0.007908197 0.000721303881821663 0.021705815 0.00388702104525754 0.005950931 0.000455293533084976 0.0061906565 0.000359222408269236 0 0 0 0 0 0 0 0 0 0 2.830082 0.0420208463265556 0.99966855 0.000795016696365555 0.96076155 0.0126838011434861 0.99969845 0.000153612979594819 0.999713 0.000212945767743801 0.01127441 0.00038917761484957 0.003722289 0.0012764425980901 0.00048400995 1.36386311207357e-05 0.00037506055 6.84990956491398e-06 235.2 389.798999485632 75596.15 13744.126328272 23873.9 133.418476981264 24056.1 65.0691170986667 0 0 0 0 0 0 0 0 0 0 
9 19337190 211600.774809546 6145990 146965.947076185 8702401.5 357473.588314927 2233202 8114.8595798079 2255609.5 7789.60427428762 5181.3 597.731553458574 0.0078918915 0.000676931543926526 0.02014104 0.00304223744099635 0.006949204 0.000303839690320406 0.0073084885 0.000400589412881506 0 0 0 0 0 0 0 0 0 0 2.8899135 0.0445144116298306 0.999978 1.39606590102336e-05 0.9295759 0.00811030965438434 0.9997181 0.000101292595978197 0.999775 0.00010751651036004 0.01200114 0.000282779656976947 0.0061923325 0.000853964772785593 0.00049632745 9.96812791087173e-06 0.00038236255 5.69147803716224e-06 24.15 18.5964378309396 60134.15 10098.5101489032 26759.75 91.1964226272062 27123.65 95.8620232417405 0.2 0.4 0 0 0 0 0 0 0.2 0.4 
10 20159515 237233.942080386 6332761 192007.55398942 8837817 426041.980127546 2487640.5 8243.03249720635 2501301 9239.32189070172 5959.05 816.401094744489 0.008449682 0.000874063418972559 0.02079915 0.00388632728401765 0.0084085425 0.000456273763675658 0.008810365 0.000470931057751557 0 0 0 0 0 0 0 0 0 0 2.944823 0.0668448334652724 0.9999812 1.4270949512913e-05 0.915421 0.0117940932801127 0.9997167 0.000138398374267903 0.99968365 0.000156951035358174 0.01294645 0.000394801497590878 0.007635687 0.000861376357605083 0.00051987665 1.43703997935861e-05 0.0003950751 7.36874960831212e-06 13.55 13.0861568078638 53470.15 11408.9010350472 29793.55 99.2060860028255 30076 110.089054860145 0.3 0.458257569495584 0 0 0 0 0.05 0.217944947177034 0.25 0.433012701892219 
11 20825820 116258.232396678 6528418 107986.582342437 8808825.5 224179.644581639 2736043 11888.4776569584 2752532.5 7428.93119836225 6619.65 491.75098118865 0.0091136725 0.000585548008355207 0.02041833 0.00211903278481009 0.0098634155 0.000377552771496582 0.0105227285 0.000394825245789514 0 0 0 0 0 0 0 0 0 0 2.9970245 0.0424008228074645 0.99997545 2.70360407604349e-05 0.8921304 0.0100002636335249 0.9997116 0.000103636576554802 0.99971935 0.000142666840926687 0.013805155 0.000226266350735146 0.0093550525 0.000435613504242867 0.0005402522 8.83606021142906e-06 0.0004067977 4.41203279792886e-06 19 31.7490157327751 45614.15 5882.30774675212 32732.65 142.246361992144 33067.05 88.9148328458194 0.5 0.741619848709566 0 0 0 0 0.1 0.3 0.4 0.58309518948453 
12 21228375 123529.267281078 6885954.5 129004.805897881 8361951 257820.389920968 2979726 11117.9536786227 3000737.5 10721.4699901646 6470.65 589.977565251425 0.008682227 0.000674202232873045 0.016502015 0.00264543845199147 0.0110667405 0.000414717967135197 0.01170686 0.000298560023110931 0 0 0 0 0 0 0 0 0 0 3.1600055 0.0733134211093031 0.9999849 6.92748150485328e-06 0.90623675 0.0259320574171719 0.9997049 0.000119559984944808 0.9996784 0.000104279144607142 0.01427965 0.00026877078245226 0.011447805 0.000412362440669613 0.00054937195 9.6541768394566e-06 0.00041189275 4.59879925496863e-06 7.45 2.97447474354717 28315.2 7113.56204443315 35643.65 130.163848667746 36047.1 124.809414708987 1.05 1.02347447452294 0 0 0 0 0.5 0.806225774829855 0.55 0.58949130612758 
13 21715890 105104.847176522 7096995.5 130508.116164283 8141279 242878.149735624 3233837.5 10376.1740901934 3243782 9347.20204125277 6792.7 632.735813748519 0.008878332 0.000720895311446815 0.0144616375 0.0027452599193371 0.01254042 0.000474830002843123 0.013338545 0.000382477381651517 0 0 0 0 0 0 0 0 0 0 3.298789 0.0808796055195622 0.9999844 6.58331223625945e-06 0.9281484 0.0331335743520074 0.99972805 0.000144782414332686 0.9997234 0.000107664014415219 0.015009255 0.000276793364217786 0.012955585 0.000358938568943211 0.0005660828 9.75616569969987e-06 0.0004216586 4.49107564398552e-06 9 2.82842712474619 18813.75 6568.94155001397 38646.35 121.543932386607 38954.75 112.840097040015 0.75 0.942072184070839 0 0 0 0 0.1 0.3 0.65 0.852936105461599 
14 22161295 82444.614590645 7291281.5 121687.500232152 7893142.5 206984.403105041 3481207 12258.5982477606 3495666 12520.8595551583 7137.35 621.025705989696 0.009051512 0.000690159402106499 0.0124573375 0.00247444617214817 0.01407281 0.000508295788788379 0.01506045 0.000467569980323802 0 0 0 0 0 0 0 0 0 0 3.433564 0.0726176412037736 0.99997975 9.92912382840177e-06 0.95339505 0.0355846395337581 0.9996986 0.000105702601670908 0.99969685 8.41428992844877e-05 0.01573211 0.000264815928335136 0.01451725 0.000329255056908774 0.00058355545 1.03817684788046e-05 0.00043160575 5.36793025173576e-06 8.85 3.15079355083763 10456 5559.23550499527 41579.45 155.741925954446 41967.1 153.37010790894 1.4 1.15758369027902 0 0 0 0 0.2 0.4 1.2 1.0770329614269 
15 22560650 33465.5270390293 7445004.5 57455.6381458774 7650524.5 90311.9657340598 3723776.5 9530.18901963649 3741340.5 10053.5772116198 7640.15 327.339010049215 0.0095041525 0.000354013881816448 0.010622545 0.00117667540775908 0.01602019 0.000351439203703856 0.017037365 0.000366675288606964 0 0 0 0 0 0 0 0 0 0 3.5759455 0.0177246417382694 0.9999847 6.74610999021259e-06 0.99186965 0.00908355896262584 0.9996807 0.000125465572967248 0.99969295 0.000103458916967084 0.016504185 0.0001283881547301 0.01597404 0.000209603164098255 0.00060452875 5.24156797032148e-06 0.00044249485 3.29251260096298e-06 7.6 2.17715410570772 3340.75 2344.09464132744 44445.6 113.814058885535 44906.5 113.222126812739 2.25 1.33697419571209 0 0 0 0 0.7 0.714142842854285 1.55 1.32193040664023 
16 23002095 30069.3943237971 7435021 52271.1762733536 7600529.5 85265.221601483 3978867 8600.74711871009 3987668.5 9759.66099564939 8973.95 268.897652462791 0.010690105 0.000293968818882207 0.0116992075 0.0011679511218663 0.018613365 0.000201347573302983 0.019884355 0.000397142447334706 0 0 0 0 0 0 0 0 0 0 3.641291 0.0233007849438598 0.9999849 7.16170370792266e-06 0.9916559 0.0130028007209985 0.9996928 0.000113164305326377 0.99970955 0.0001277738138274 0.01762793 0.000124785524400869 0.017206395 0.000179873437380287 0.00063822375 4.46040787232515e-06 0.0004617603 2.70123464549084e-06 7.6 2.1540659228538 2598.65 2148.57229980748 47428.85 95.49098124954 47811.8 115.945504440664 3.3 2.49198715887542 0 0 0 0 0.95 1.02347447452294 2.35 1.76847391838274 
17 23380665 10470.4476981646 7436387 25802.1216375708 7479631 27525.9014202987 4224718 11783.4840348685 4239929.5 10191.7547434188 10197.75 187.91005162045 0.01168867 0.000268827692211945 0.01206646 0.000563612907410751 0.02121103 0.000300242363932873 0.022685465 0.000311708365744328 0 0 0 0 0 0 0 0 0 0 3.7156735 0.00206111929543152 0.9999853 6.34901567174289e-06 0.99932105 0.000988341918315722 0.99969045 7.33556235063039e-05 0.999711 9.9360454910386e-05 0.018725265 6.52542586732851e-05 0.01858589 9.86650693001327e-05 0.00067034285 3.19889273460365e-06 0.00047978695 1.87284984649063e-06 8.05 2.45916652547159 633.85 723.124558772553 50305 146.941825223454 50806.25 116.356725203144 4.8 2.99332590941915 0 0 0 0 1.05 1.11691539518443 3.75 2.36378933071456 
18 23728625 15438.001004016 7360823 29916.5546311737 7403257.5 32622.3063064217 4475846.5 14963.6383526868 4488700 11034.5303479577 11929.15 195.641068030207 0.013163985 0.000284571156786839 0.0135511 0.000560179851476292 0.02442013 0.000490973500405063 0.02622416 0.000322832827327086 0 0 0 0 0 0 0 0 0 0 3.772388 0.00364275527588665 0.99998065 6.31882109257713e-06 0.9987705 0.00205615168457972 0.99972015 8.36297046509323e-05 0.9996987 9.33086812681465e-05 0.02003038 8.17355406172861e-05 0.01989821 0.000104400363505114 0.00071335645 4.72592612590379e-06 0.0005038622 3.15056695850129e-06 6.2 2.2494443758404 599.45 840.110973324358 53225.9 182.136459831633 53732.8 125.325416416623 8 3.3166247903554 0 0 0 0 1.85 1.15217186218029 6.15 2.55489725820824 
19 24025510 14561.1091610495 7271121 15106.4052308946 7285470 14673.6522379399 4727529 9958.13732582555 4741382 11092.9218874019 13786.85 180.945371590433 0.014811085 0.000276637521451809 0.01487302 0.000374704366934788 0.02794664 0.000544881736159325 0.029940285 0.000310873733652427 0 0 0 0 0 0 0 0 0 0 3.8277025 0.0022618794729163 0.9999784 5.70438427878121e-06 0.99983175 0.000228334814472092 0.99970645 8.67965869144745e-05 0.99968225 9.83447380392097e-05 0.02140349 4.43371841685964e-05 0.021349635 4.90770544654018e-05 0.000757612 3.89493744494054e-06 0.0005287565 1.47212834019321e-06 6.7 2.21585198061603 199.5 209.020692755526 56133.35 120.083418922014 56714.6 137.545774198992 13.3 3.71618083521241 0 0 0 0 3.25 1.54515371403624 10.05 3.07367857786074 
20 24276335 11142.3191033106 7156056 11874.1822455275 7165685.5 12720.3798980219 4970905 7017.94093734052 4983681 10807.9655347341 15886.35 145.790011660607 0.016423485 0.00021916641456893 0.016423965 0.000376902975943412 0.031699945 0.000433895366966507 0.034317645 0.0004936483652105 0 0 0 0 0 0 0 0 0 0 3.873914 0.00151429323448269 0.999977 8.54985379990772e-06 0.99979765 0.000628503084717955 0.9996828 7.30106841496488e-05 0.9997042 8.99403135418258e-05 0.02289219 3.80429218120798e-05 0.022856665 4.45603554182414e-05 0.000808981 4.35469320388933e-06 0.00055782955 3.01287645739085e-06 5.7 2.41039415863879 109.8 250.510598578184 58923.95 81.4926223654632 59550.15 128.416616915413 16.7 5.78013840664737 0 0 0 0 3.35 1.98179211826064 13.35 5.62383321232058 
21 24480510 15509.026404001 7008674 10769.3218913727 7013249 14749.9013217038 5222613 11534.0266602778 5235965.5 13527.9904180185 18332.4 191.511983959229 0.01822424 0.000256157905206925 0.01816128 0.000354912312550579 0.036239475 0.000456100299139346 0.03920768 0.00049150602905763 0 0 0 0 0 0 0 0 0 0 3.9165025 0.00176210066398034 0.999973 8.59651092012388e-06 0.9999639 2.70885584703249e-05 0.9997126 8.86275352246751e-05 0.9997004 9.19061477813037e-05 0.024542085 3.74307797808169e-05 0.02452393 5.18813559961571e-05 0.0008679416 4.6265396291397e-06 0.00059050505 2.30294438654085e-06 5.85 1.98179211826064 23.75 48.5251223594542 61785.6 145.815774180985 62497.45 168.882940227839 26.1 4.61410879802373 0 0 0 0 6.6 2.6343879744639 19.5 3.77491721763537 
22 24635715 11320.3478303451 6834069 13016.1983313101 6838825 13071.7016872326 5471629 11627.0804159944 5491188.5 7551.05639960397 21151.2 200.372053939665 0.02015488 0.000211241815462754 0.02016025 0.000239592409103461 0.04127887 0.000518945397031325 0.044977695 0.000666474639033625 0 0 0 0 0 0 0 0 0 0 3.951584 0.00124754318562522 0.9999625 9.98749217772533e-06 0.99995595 3.49678066226628e-05 0.99970335 8.29700397734153e-05 0.99968295 9.18218247477127e-05 0.02636732 5.01817257574907e-05 0.02634715 5.16060800681474e-05 0.000935691 7.02074362870487e-06 0.00063007515 3.76791842102507e-06 5.1 2.0712315177208 18 44.467965998008 64583.85 136.865362674418 65446 89.1347294829574 43.55 9.88673353539985 0 0 0 0 10.9 3.41906419945575 32.65 8.50455760166277 
23 24736835 15182.0379066843 6635471 12971.8760786557 6635097.5 13362.9068226191 5733478 9955.94626341464 5732789.5 11319.6623072422 24366.4 220.676550634634 0.022196005 0.000260363166509781 0.022282605 0.000250563829143394 0.047335135 0.000460320396327385 0.05131984 0.00063906060776737 0 0 0 0 0 0 0 0 0 0 3.9782085 0.000884473148263965 0.9999634 1.18211674550434e-05 0.9999609 1.24253772578514e-05 0.999681 8.3482932387411e-05 0.99970215 7.01464717573086e-05 0.028390615 5.54530546949399e-05 0.028390905 5.73635640018994e-05 0.0010171485 5.29319116885081e-06 0.00067514595 4.49011522652815e-06 5.8 2.35796522451032 6.05 1.46543508897528 67484.95 133.777604627979 68254.95 142.817532187053 72.55 11.4432294392798 0 0 0 0 18.3 6.04235053600832 54.25 9.61184165495874 
24 24800125 18885.2819677123 6425337 12925.736381344 6424342.5 15822.7203334319 5971816 8904.3441083552 5978629 15571.9590610816 27801.4 272.915811194588 0.02420705 0.000277923878966886 0.024204485 0.000329141333282527 0.05372646 0.000746805480295907 0.058265495 0.000682298351511274 0 0 0 0 0 0 0 0 0 0 3.994056 0.000505444358955577 0.9999606 1.34959253109941e-05 0.99995425 1.30225765499762e-05 0.9997017 6.93369309963996e-05 0.99966855 7.67642332079213e-05 0.030593535 6.21956290666797e-05 0.03059694 7.58773049073308e-05 0.001108243 8.95464633584152e-06 0.00072503455 4.98178560834366e-06 5.3 2.07605394920267 4.55 2.53919278511892 70094.5 103.429444550379 71077.05 196.529762377102 118.7 20.8688763473264 0 0 0 0 31.4 7.70973410695855 87.3 14.6188234820727 
25 24775145 18721.2840104518 6166225 17229.2052921776 6163738.5 19989.5846067396 6220268.5 12727.8098174823 6224916 19168.2183313943 32297.75 317.929689554153 0.026378135 0.000331958695133898 0.02646436 0.000277672851391706 0.062269305 0.000968946406399755 0.06779846 0.000857754192878124 0 0 0 0 0 0 0 0 0 0 3.999118 0.000109389213362209 0.99994345 1.29053283569167e-05 0.9999463 1.26415980002511e-05 0.99966575 7.75286237463269e-05 0.9996831 0.000104636943762711 0.033207665 9.26800586695971e-05 0.03322002 0.000107404397489116 0.001236133 1.48478668838322e-05 0.00079790855 6.35478850533202e-06 5.65 2.031624965391 5.15 1.73997126413053 72711.05 158.34913166797 73871.35 243.272537496529 217.45 39.8088871987148 0 0 0 0 61.7 14.7380460034565 155.75 26.1665339699395 
26 24702645 32421.2195174703 5884461 21454.2053919505 5881152 21674.4002454509 6470624 14293.3996655799 6466416.5 14684.501447104 37205.45 504.813477930215 0.028601805 0.000286693249789736 0.028716475 0.000267236563506942 0.07175809 0.00137448788350425 0.077809815 0.00136662943743906 0 0 0 0 0 0 0 0 0 0 3.990173 0.000877440026440485 0.99992425 1.63121886943423e-05 0.9999349 1.67597732681402e-05 0.99967295 8.2077082672337e-05 0.999691 7.91359589567174e-05 0.036189385 0.000132292427126423 0.03620747 0.000134209314505364 0.0013863825 2.75577319231826e-05 0.0008791736 1.40958680200972e-05 4.95 1.9615045245933 4.7 2.00249843945008 75297.05 159.893863234334 76629.5 154.71926189069 363.45 75.0955890848457 0 0 0.05 0.217944947177034 106.25 26.7915565057352 257.15 50.8195582428655 
27 24476690 74673.1069395134 5539302.5 32486.4034443642 5536914.5 35980.5737134638 6708720 13107.4463569377 6691750.5 14969.87924968 44084.8 1127.8065259609 0.03096775 0.000397911875294015 0.030956055 0.000361442801111048 0.08621863 0.00381742152206172 0.09258424 0.00315010783774143 0 0 0 0 0 0 0 0 0 0 3.9633115 0.00219535708940479 0.9999132 2.55628636893484e-05 0.99991475 1.96618285009163e-05 0.99968005 8.07127468247929e-05 0.99967765 5.38500464252309e-05 0.03992389 0.000235080664666407 0.03993907 0.000261376607790368 0.0016415675 8.48128747228273e-05 0.00101240185 3.74509503287633e-05 4.95 1.71682847133894 4.7 2.45153013442625 77549.1 232.302582852623 79171.55 154.782904417768 781.1 258.472803211479 0 0 0 0 247.4 94.7176857825401 533.7 165.925917204034 
28 15955456 8316688.23007716 2971476.025 2192950.23581387 2971659.465 2192812.43776002 5266543.5 1721637.92088312 4745778 2209619.14742473 167516.25 116925.438661942 0.025754165 0.00660715065049035 0.02579382 0.00661786583541855 0.3172419 0.189510356095887 0.23814065 0.110399966248761 0 0 0 0 0 0 0 0 0 0 3.259545 0.831762514185991 0.99322325 0.0104211092589753 0.99354675 0.0100388250850137 0.99953425 0.000176703954398309 0.99940905 0.000396944514384552 0.75419238 1.04186156360635 0.74305009 1.02499901043563 0.0299952505 0.0320497281187108 0.0155696585 0.0173110071085126 6.2 1.72046505340853 4.35 2.031624965391 46326.25 34112.8005987122 68541.45 13343.4641696787 46922.75 46783.5209490211 0 0 0 0 19737.75 19884.0042769936 27185 26900.2911954499 
29 5007523.5 1382638.09429031 208076.875 325112.224616239 207618.1 323647.131969066 2796699.5 333699.065064243 1795130 400749.638028533 320615.2 19082.6394233083 0.01790494 0.0005574393414534 0.017939075 0.000561615050434904 0.5400808 0.0129655052219341 0.3722688 0.00734395367360116 0 0 0 0 0 0 0 0 0 0 2.179716 0.342761148504319 0.9795655 0.00946168201484282 0.9758275 0.0120729559822771 0.99911965 0.000188219891350513 0.99864715 0.000464435601025593 2.32771385 0.88169189338829 2.35093375 0.894299506991918 0.083707325 0.011994728326639 0.045058205 0.00821335199315572 4.45 1.80208212909401 4.45 2.37644692766323 2718.5 5914.28161740714 52004.65 2332.21427564021 113665.15 8436.13302571148 0 0 0 0 47485.75 3523.16421523323 66179.4 4919.93192432578 
30 4067336 22313.165485874 77959.155 2082.96759539725 76607.485 2127.75119792588 2413847.5 20165.2904454659 1498922.5 9953.51539658226 332994.3 272.550747568228 0.017650645 6.42247029965881e-05 0.01762945 7.51739216750063e-05 0.5449504 0.000459203157654646 0.3806698 0.000614326020936767 0 0 0 0 0 0 0 0 0 0 2.0437095 0.00590021565283846 0.9727037 0.00772554119851808 0.97194315 0.0054731220914118 0.99908045 0.000217429178124739 0.99843405 0.000520101189673694 3.1356205 0.0928220352866172 3.195134 0.0927405815379654 0.101547745 0.000862889254467224 0.055961005 0.000414275224307465 4.5 1.36014705087354 2.85 1.23592070943083 240.95 54.9240156944119 51475.05 165.701983995364 123995.25 233.275346961482 0 0 0 0 51206.35 157.166241604233 72788.9 213.439195088437 
31 3697181.5 19990.2241795834 71401.46 2241.44061942314 71819.265 2188.82454830784 2190504.5 17365.1007699351 1363456 9203.85267157183 337573.4 245.831731068225 0.017642595 9.65255483019913e-05 0.01759741 5.08596490353601e-05 0.54434985 0.000593988743580211 0.38611175 0.000763958956685511 0 0 0 0 0 0 0 0 0 0 2.047359 0.00566248523176885 0.96882905 0.00703556089075349 0.9681453 0.00867940659895594 0.99889515 0.000256761226628928 0.998308 0.000392974935587498 3.543769 0.119947998436823 3.534369 0.109212882889337 0.11574415 0.000950728787562468 0.064730095 0.000533917410724729 5.35 2.10416254125008 3.7 1.61554944214035 169.15 30.5798544797061 52018.85 131.605195566133 130882.4 232.554165733491 0.05 0.217944947177034 0 0 53337.45 125.188447949481 77544.9 290.875213794507 
32 3371136.5 18005.8108051262 64679.94 2068.93477794734 64663.555 1872.60475607508 1998898.5 11052.0212065486 1242893.5 9040.73629468308 341603.15 221.501980803784 0.01757072 6.03091336366226e-05 0.017590125 8.70969108235187e-05 0.5438176 0.000619139758051442 0.3907868 0.000795650903348949 0 0 0 0 0 0 0 0 0 0 2.04508 0.00359164586227538 0.96021195 0.00985077455571388 0.9576929 0.00934700778270779 0.99878805 0.00036962920271538 0.99806255 0.000432368300757584 4.06953 0.147723048506318 4.073424 0.126645852533749 0.1310233 0.000719735583391569 0.07441019 0.000690875176786661 4.35 1.45859521458148 3.85 1.93067345763078 124.05 24.6241243499134 52420.05 190.752319776196 137581.5 202.537280518921 0 0 0 0 55492.1 165.702715729103 82089.4 297.521326966656 
33 3088101.5 17353.1387002467 58441.74 1677.33847132891 58892.295 2192.62580653312 1837515.5 14088.4340772848 1133253 8855.49439613622 345100.9 212.390418804616 0.01755941 7.25091780397488e-05 0.017568425 6.22924704518935e-05 0.5433606 0.000386225115703254 0.39469025 0.000479842982130612 0 0 0 0 0 0 0 0 0 0 2.039249 0.00607563568690555 0.95817015 0.0121931999174745 0.96057595 0.00982448580066661 0.9985068 0.000239181855499127 0.99736185 0.000552382501080543 4.5856255 0.106758250991434 4.591846 0.188934614546938 0.1470739 0.00113594814582357 0.085225705 0.000731648880594374 4.4 1.31909059582729 3.7 1.22882057274445 98.65 21.9140936385697 52776.75 139.668849426062 144129.15 232.328920928928 0 0 0.05 0.217944947177034 57675.1 154.410783302203 86454 209.518018318234 
34 2826511.5 16546.4565013177 54714.375 1598.15169301134 54472.71 1616.43131029438 1684792 11589.5597845647 1032531 9841.01005994812 348332.35 203.608515293442 0.01757426 5.18726074147039e-05 0.017552715 4.32671962923415e-05 0.54260575 0.000663262231323332 0.3984844 0.000788538293299698 0 0 0 0 0 0 0 0 0 0 2.039054 0.00557198295044054 0.9529735 0.00910384969944034 0.9504005 0.0128547637181708 0.9985267 0.000362778872041905 0.99731225 0.000509315214282877 5.087027 0.16569007773853 5.132646 0.172669905148523 0.16528945 0.00114858723982987 0.0975878 0.00106372482531903 4.2 1.20830459735946 3.6 1.65529453572468 86.65 19.7136374117006 53111.25 154.781095421889 150610.45 224.912532998942 0 0 0 0 59753.9 191.028243985019 90856.55 316.51626735446 
35 2588966 17656.580756194 49893.375 1684.73708212142 50081.795 1813.98705052572 1548238.5 13833.0153166257 940752.9 7279.11967136137 351264.45 215.67347426144 0.01753468 6.71013680933554e-05 0.017522455 6.06781548417551e-05 0.54246295 0.000582088522047984 0.4013326 0.000656991887316735 0 0 0 0 0 0 0 0 0 0 2.0349085 0.00682468700747511 0.9428093 0.0150652433571449 0.94480225 0.0120450922697794 0.9983506 0.000352197444624466 0.99712625 0.000736884717917267 5.7398915 0.211941947199581 5.7090705 0.202772378283508 0.18520955 0.00169060715351024 0.11119025 0.00105558712927925 4.9 1.64012194668567 2.6 1.39283882771841 81.55 19.6098827125508 53318.8 206.653478073804 157029.8 242.292715532267 0 0 0 0 62076.55 182.400788101368 94953.25 287.611695694038 
36 2374962 14831.6460987983 46575.625 2009.38127339612 46428.15 1888.59172308363 1425984.5 11702.7896140194 855973.75 5821.32788867798 353904.35 180.83895459773 0.017506555 5.44891867713218e-05 0.017507245 4.94903068792265e-05 0.54199185 0.000586665430633167 0.40415695 0.00069587760956938 0 0 0 0 0 0 0 0 0 0 2.030807 0.00629471929477399 0.9463425 0.0151019556134297 0.94696225 0.00721237615404938 0.9979407 0.000386319699212969 0.99654565 0.000664548739747503 6.2845305 0.286553413859877 6.3117015 0.257924955118247 0.20694705 0.00167804730192567 0.1269196 0.00108726769472839 4.65 1.82414363469547 2.95 1.77411949992102 66.65 14.4888750425973 53477.65 144.866585174084 163338.5 192.142525225417 0 0 0.05 0.217944947177034 64258.15 182.484595240256 99080.3 292.775869907341 
37 2186982 17263.7749637789 43429.89 1603.89654713139 42848.245 2525.27440399553 1320796 16491.2453744403 779907.05 7061.17656963059 356223.15 209.169614189059 0.017494775 6.96659305184393e-05 0.01751174 5.97866322851525e-05 0.5417444 0.000540715211548555 0.40638215 0.000646370116496728 0 0 0 0 0 0 0 0 0 0 2.0242575 0.0082353796967717 0.9375087 0.0105286783268367 0.9329529 0.0151241368609914 0.9977904 0.00051153146530785 0.9965533 0.000657881227882349 6.925102 0.261971286605994 7.067277 0.501465287553386 0.2296817 0.00285014447177683 0.1441351 0.00143317877112383 4.8 1.28840987267251 3.7 1.51986841535707 67.35 15.8879671449811 53627.75 218.235852920642 169531.8 236.145421297979 0 0 0 0 66517.05 143.961618148727 103014.75 292.482627689236 
38 2014518 14378.8899432467 40595.46 1672.95247882299 39759.865 1692.65333109736 1225459 8797.89514599941 708706.25 10015.351545877 358350.4 176.662503095592 0.017487415 5.19331231007726e-05 0.017513225 6.40067799143185e-05 0.5412937 0.000567913206396898 0.4085981 0.000669149153776646 0 0 0 0 0 0 0 0 0 0 2.015434 0.00804529141796615 0.93373145 0.0162571661475025 0.93061715 0.0186748896068357 0.9974693 0.000643866531200376 0.9956068 0.000669227808746781 7.527789 0.329610164920623 7.7999895 0.387100693534318 0.2543194 0.00185199814794724 0.1643668 0.00259916360777847 4.05 1.59608896995124 2.55 1.2031209415516 57.45 9.55758860801196 53669.3 233.539525562591 175735.95 241.488193293171 0 0 0 0 68705.6 154.667514365493 107030.35 328.992898859535 
39 1858121.5 14811.8767463816 36098.05 1936.89721397394 36978.69 1705.30555558234 1138856 12625.0419405244 646189.05 6184.59967560553 360277.1 180.201526075669 0.017479805 6.02372432553149e-05 0.017501605 5.98084481908702e-05 0.54115455 0.000481326965274123 0.41029165 0.000521263971035794 0 0 0 0 0 0 0 0 0 0 2.003924 0.00755750117433002 0.9219804 0.0123653129657118 0.92707545 0.0213062351002588 0.9973532 0.000603758941962765 0.99522965 0.000971975939774243 8.810195 0.496297628711845 8.5474395 0.526807868909292 0.28090745 0.00316457664585645 0.18596205 0.00193019502835853 4.15 1.35185058345958 3 1.7606816861659 63.05 12.4758767226997 53753 239.460017539463 181838.55 197.156657255087 0 0 0 0 71038.7 120.315875926662 110799.85 241.446738433138 
40 1722293.5 11557.5054726355 34627.585 1559.09222410831 34623.49 1921.24823875001 1062469.5 8528.21755995941 590573.75 6673.02967830205 361953 141.697918121615 0.017485185 5.63686107244096e-05 0.01748144 6.17866360955183e-05 0.5408963 0.000621131475615272 0.41187785 0.000745252257628248 0 0 0 0 0 0 0 0 0 0 1.9968835 0.00796727197665551 0.91731675 0.0140521678785695 0.9169077 0.0209651054089885 0.99709525 0.000400249656464572 0.99454525 0.000946128314500728 9.360183 0.503087666218324 9.398023 0.623782896728501 0.3088947 0.00247774201845147 0.2100008 0.00273245842786308 4.55 1.74570902500961 2.35 2.32969955144435 58.6 12.3020323524205 53650.55 283.487296893529 187854.9 281.744547418402 0 0 0.1 0.3 73307.15 178.730320595024 114547.65 343.658155002904 
41 1589600 11189.0593885277 32407.555 1828.74803690257 32268.285 1629.13068452933 986922.6 10193.6591879462 538001.4 5332.78954581934 363586.9 136.178522535677 0.01746572 5.41075928128389e-05 0.01747597 7.1328935923649e-05 0.54059395 0.000556407447380071 0.41343265 0.00061155517126421 0 0 0 0 0 0 0 0 0 0 1.9888855 0.0103387665971334 0.9023084 0.0194428539556311 0.9131316 0.0139175770534961 0.99705785 0.000831462523208343 0.9937808 0.00113625162706155 10.4829385 0.867113191309387 10.3380505 0.490753358892988 0.34089555 0.00360216059435167 0.23762355 0.00262379849597868 3.85 1.19478031453485 3.25 1.75712833908056 56.35 9.40358974009394 53587.75 271.083543395758 193956.85 181.900322979372 0 0 0 0 75634.4 194.846452366986 118322.45 309.202922851644 
42 1476800 10851.5284637695 29995.005 1885.44764060819 29417.47 1694.54493864872 924299.2 7612.57533690143 493088.75 6426.64968607283 364976.9 132.595965247816 0.01749858 5.34683326839354e-05 0.01745476 6.40331195554304e-05 0.5404622 0.000645938201378423 0.41458445 0.000716394058811213 0 0 0 0 0 0 0 0 0 0 1.975265 0.00997670311275223 0.8999757 0.0207873233656957 0.8963086 0.0227204116542813 0.9965504 0.000930756756623343 0.99311585 0.00126491107493767 11.19651 0.745653003038276 11.353985 0.616939344891376 0.37304025 0.00320117462621145 0.2669287 0.00384189013507674 4 1.14017542509914 2.65 1.55804364508829 57.3 12.3939501370628 53426.2 254.84006749332 199906.2 276.701752795316 0 0 0.05 0.217944947177034 77982.5 130.493486427484 121923.65 360.2523108878 
43 1374475 11466.454770329 27795.46 1089.28258748591 28532.735 1366.14645894026 868429.85 10307.2430517331 449716.1 4581.33126831056 366237.45 139.767476545869 0.01746785 5.80454692461007e-05 0.017481885 6.48302574034684e-05 0.5405275 0.000548037270630377 0.4154309 0.000614333695966612 0 0 0 0 0 0 0 0 0 0 1.9624315 0.00874907496538921 0.8904125 0.0253887724624488 0.89308395 0.0185254925102546 0.99618 0.000767752173556029 0.99230235 0.00162337741375811 12.448995 0.614773513153421 12.19728 0.527296250318547 0.40667355 0.00487152786582402 0.3006163 0.00290579892800586 4 1.6431676725155 2.15 1.62095650774473 56.65 9.06793802360823 53140.95 262.764814044803 205793.5 240.847773500192 0 0 0.1 0.435889894354067 80427.85 150.357000169596 125365.55 314.413497642833 
44 1273437.5 13429.4507985249 26484.73 2021.95719319179 26583.04 1383.82380034454 810479.6 8889.59757469369 409890.8 7257.41776115996 367481.5 164.029113269566 0.017476615 4.12010348777797e-05 0.017459635 5.77988518484581e-05 0.54024525 0.00041649932472936 0.4165933 0.000477712057624677 0 0 0 0 0 0 0 0 0 0 1.951993 0.0121531436673809 0.8775019 0.0316080400956782 0.87626415 0.0274104307796776 0.99584465 0.000716084651071364 0.9912959 0.00157422964970173 13.377655 0.95469619590475 13.512715 0.888866491816966 0.44602415 0.00491508424419155 0.3394945 0.00636948634899235 3.9 1.67032930884901 2.45 1.8296174463532 53.3 14.4917217748617 52758.6 350.873680973652 211913.35 239.471141267586 0 0 0.05 0.217944947177034 82879.6 174.749077250783 129033.7 290.940560939859 
45 1188618.5 11300.9651247139 24887.295 1134.70346059003 24780.8 1377.74469514493 762822.7 7614.43861423808 376127.5 5313.94848017931 368526.55 138.111359054931 0.017437465 6.4411344303624e-05 0.0174504 4.64813941271127e-05 0.54012275 0.000365085178417304 0.41748485 0.000401206714176122 0 0 0 0 0 0 0 0 0 0 1.9380895 0.00759666668677782 0.8666606 0.0222967748394246 0.87813415 0.0213144062532246 0.9953445 0.00107614058096515 0.9898813 0.00209340144501718 14.58041 1.09246952355661 14.74885 1.00866074251951 0.4849011 0.00479273430204512 0.38014255 0.0056082515677794 3.5 1.39642400437689 2.25 1.29903810567666 52.35 13.2826014018339 52380.05 248.210087425955 217757.85 199.902545006311 0 0 0 0 85232.2 114.430153368769 132525.65 233.297294240632 
46 1106299.5 9209.81458825312 23388.17 1340.45765583998 23015.435 1510.41530324444 715268.05 7445.51140939963 344629.25 5764.73858795869 369539.5 112.214749476172 0.01745712 7.51232227743195e-05 0.01744581 5.63966302184807e-05 0.540044 0.000460298924613133 0.41822005 0.000503710678366068 0 0 0 0 0 0 0 0 0 0 1.926185 0.0123297422925218 0.8569237 0.0285934041924007 0.8650228 0.0232891488071162 0.9951109 0.00112828967468466 0.9897982 0.00234089573881453 15.78166 1.10559349690562 16.06809 1.04321115403354 0.52874465 0.00557564130190421 0.42538465 0.00738958616077383 3.65 1.38834433769148 2.3 1.51986841535707 53.1 9.8737024463977 51990.95 256.589842940051 223670.6 182.165419330893 0 0 0.05 0.217944947177034 87724.55 190.810239505117 135946 275.711080662348 
47 1038365 11366.6378054375 22183.935 1557.03502763265 21860.34 1196.77882183802 678711.4 10882.9076280193 315609.05 5084.4361582677 370376.1 138.379514379839 0.017481305 4.75675359357625e-05 0.01748527 4.26896134908717e-05 0.5403321 0.000571800830709445 0.41842225 0.000647003390640266 0 0 0 0 0 0 0 0 0 0 1.908043 0.0140134946034171 0.8485938 0.0201852059206737 0.8513815 0.0188286137022883 0.99474765 0.00106790220877196 0.98759815 0.00212345026489909 16.9772 1.72480926452753 17.109695 1.23522622845979 0.5696383 0.00921754360499586 0.47597435 0.00797838746411203 4.45 1.65755844542508 1.95 1.5644487847162 53.95 9.05800750717287 51651.2 396.091858032957 229447.05 304.456478827434 0 0 0.05 0.217944947177034 90324.15 244.061319139269 139122.85 382.902112164454 
48 970407.85 10646.6729886618 20971.52 1574.90952425846 20271.105 1454.05758602436 638083 6922.7917201083 291082.3 4843.71824221847 371212.85 129.457435089685 0.017464105 4.20006127931488e-05 0.01743867 4.74191111262115e-05 0.5400241 0.000480791108486837 0.41933065 0.000501535370138538 0 0 0 0 0 0 0 0 0 0 1.897098 0.00820047047430817 0.8435308 0.0308468827316473 0.8464974 0.0238752871258127 0.9941877 0.000947988454571041 0.98723575 0.00148099385127015 17.86161 1.28396551468488 18.170085 1.63077276721038 0.6190818 0.00688752115495843 0.5293089 0.00921621589862129 3.2 1.80554700852678 2.05 1.28354976529934 57.2 7.14562803397994 50984.55 398.063119994807 235431.2 218.227312681067 0 0 0 0 92787.05 202.114688976333 142644.15 287.650356335604 
49 906325.95 9117.89114584617 19816.445 996.221632205906 19939.34 1151.67316995752 601890.9 9659.97118473963 264679.3 4209.66963193075 372001.6 110.661827203422 0.01744707 3.71203865820391e-05 0.01744936 5.96019999664441e-05 0.53983885 0.00037102820310591 0.4200119 0.000420729711334961 0 0 0 0 0 0 0 0 0 0 1.880675 0.0180911211648145 0.8350914 0.0326380286543167 0.84595285 0.0320012988928184 0.99358515 0.00114834469019542 0.98364535 0.00261478068439785 18.904655 1.52079539402084 18.694275 1.4809363324853 0.6705204 0.0109431527559474 0.59782465 0.0100768794091971 4 1.61245154965971 2.2 1.32664991614216 53.6 6.63626400921482 50266.85 335.232945129204 241402.5 179.72465050738 0 0 0 0 95319.95 115.38608018301 146082.55 249.241945707379 
50 850083.85 7427.3875035237 18915.33 1023.46999130409 18911.225 1107.97389674802 571404.4 6461.33040789588 240852.95 3673.30436358056 372693.3 90.1787669021927 0.01745491 5.9950537111856e-05 0.01744568 4.17460968235352e-05 0.5401104 0.000403879610775287 0.4201587 0.000447875663549613 0 0 0 0 0 0 0 0 0 0 1.858241 0.0102897637970947 0.81766515 0.0298399604763059 0.8259184 0.0275531074370932 0.9923292 0.00132794354548679 0.9836587 0.00385673297105205 20.45229 1.61117675532513 20.260615 1.7893290902668 0.7215259 0.00811751583244529 0.670785 0.0105723321788525 3.35 1.58981130955846 2.35 1.62095650774473 54.05 7.00339203529261 49834.65 302.529052323905 247107.6 218.374311676076 0 0 0.05 0.217944947177034 97898.4 173.438577023683 149209.15 292.618399113931 
