#1 Nodes,             #2 AvgThroughput,               #4 totalBKThroughput, 
#6 totalBEThroughput,   #8 totalVIThroughput,           #10 totalVOThroughput,
#12 totalCollisions,    #14 totalBKCollisions,          #16 totalBECollisions,
#18 totalVICollisions,  #20 TotalVOCollisions,          #22 totalInternalCollisions,    
#24 totalBKIntCol,      #26 totalBEIntCol,              #28 totalVIIntCol,
#30 totalVOIntCol,      #32 overallFairness,            #34 BKFairness,
#36 BEFairness,         #38 VIFairness,                 #40 VOFairness,
#42 avgTimeBtSxTxBK,    #44 avgTimeBtSxTxBE,            #46 avgTimeBtSxTxVI,
#48 avgTimeBtSxTxVO,    #50 qEmptyBK,                   #52 qEmptyBE,
#54 qEmptyVI,           #56 qEmptyVO                    #58 totalDropped,
#60 droppedBK,          #62 droppedBE                   #64 droppedVI,
#66 droppedVO
2 10001299.0909091 27604.3739796779 6500828.18181818 24152.0677895785 2502455.90909091 21149.1941946412 495388.909090909 5854.49795929351 502631.318181818 6762.05899510687 609.5 175.313420634432 0.00715118772727273 0.000474427280268553 0.00259389863636364 0.000124339400443648 0.000472496045454546 6.85319518482751e-05 0.000429592590909091 9.7109567070425e-05 275.181818181818 84.4956353706759 243.181818181818 75.0815534563683 28.4545454545455 9.87065104570695 3.54545454545455 2.16852008034119 0 0 2.04039045454545 0.00674378466527293 0.999982181818182 3.08067825525468e-05 0.999869181818182 0.000482260457388257 0.999545272727273 0.0011662492787416 0.999783181818182 0.000347950967857622 0.000561222272727273 3.08303887631871e-05 0.000515282136363636 1.24366842858882e-05 0.000390160772727273 5.25571485434334e-06 0.000329478909090909 5.87395672678129e-06 55574.9090909091 15553.4150734262 25672.0909090909 7243.16195963847 5474.09090909091 1541.52150072261 5580.31818181818 1579.51901155106 0 0 0 0 0 0 0 0 0 0 
3 14993860 42880.3731327049 9750249.5 25766.3508233122 3754643 19219.4560536973 740880.4 6318.59769569166 748089.3 4849.1515969291 3015.7 75.0926760743017 0.022325165 0.00050873388748441 0.0072047145 0.000261212725962481 0.001313545 0.000111226132383537 0.0011650215 6.86134513251593e-05 651.75 26.1091459071338 581.15 27.2988552873559 63.05 10.5568698012242 7.55 1.98683164863055 0 0 2.038652 0.00362360124737812 0.99997645 1.87549326844939e-05 0.9999465 5.11961912645898e-05 0.9997607 0.000230115210275201 0.9998081 0.000124706014289616 0.0007688068 4.28043777667658e-06 0.00064008295 2.27173729720229e-06 0.00044293935 2.74825672518053e-06 0.00035514305 1.17216515367929e-06 80768.9 191.701564938839 40910.6 206.50457622048 8903.7 73.2175525403574 9015.55 53.4270296759983 0 0 0 0 0 0 0 0 0 0 
4 19997950 32780.4896241652 13008525 24131.1183951345 5003002.5 14888.62615388 989986.85 7586.96634548355 996416.9 8182.07938668405 11059.45 159.411252739573 0.062124015 0.000796072795839048 0.01665741 0.000348506061496784 0.0027678685 0.000108004149608939 0.0024832625 9.18912682399693e-05 1416.35 51.0531830545364 1264.75 50.3575962492254 138.1 9.97947894431368 13.5 3.93064880140671 0 0 2.038003 0.00282273643828108 0.9999807 1.13494493258519e-05 0.99994635 4.24432267859144e-05 0.9997636 0.000197971563614585 0.99977535 0.000170731155621944 0.001376725 9.54429855987332e-06 0.0009147074 5.29986388881828e-06 0.000545736 2.92377870229606e-06 0.00040034865 2.21912397749652e-06 69602.15 660.377488638127 51821 180.018887897909 11846.85 81.8347572856424 11980.3 95.5510858127735 0.05 0.217944947177034 0 0 0 0 0.05 0.217944947177034 0 0 
5 22142950 11082.5312993016 13402660 22050.7233441445 6251185 15680.3330640647 1241133 7851.58206987611 1247969.5 9277.30913304068 26116.2 103.167145933189 0.1250878 0.000609772465760794 0.031076755 0.000393196429885878 0.0049833835 0.000123622361944553 0.004582907 0.000148910956316182 2430.7 49.9900990197059 2160.6 51.2995126682506 243.65 11.963590598144 26.45 4.20089276225899 0 0 2.2103695 0.00370601871959656 0.9999252 4.59669446450284e-05 0.9999516 3.35773733338248e-05 0.99973885 0.000161804905673462 0.99979605 0.000176954365586159 0.003055389 4.88841068242021e-06 0.001320517 4.99678006320073e-06 0.00068609165 3.95262664914105e-06 0.00046371585 2.13240637016025e-06 43 19.7914122790669 59879.8 180.026553596962 14781.1 89.986610115061 14963.85 110.401664389628 0 0 0 0 0 0 0 0 0 0 
6 22269930 11632.2009955124 11782305 28674.9450740538 7498199 18194.6151099714 1490637 11624.691866884 1498774 8893.45174833709 30099.2 117.941341352386 0.13063465 0.000478886654126005 0.04271451 0.000527288869501339 0.0068869 0.00016105971051135 0.0063059585 0.000122104416106667 2609.45 41.3817290600574 2237.75 42.2396437011488 337.05 14.7223469596393 34.65 5.76432996973629 0 0 2.4854705 0.00450992181196087 0.99986235 7.18089653177192e-05 0.9999241 3.9636977684975e-05 0.99970945 0.000152148110405597 0.9997156 0.000146499283274697 0.0041716795 1.00578175937924e-05 0.0014940035 5.20592573419941e-06 0.00074451415 3.30146910140015e-06 0.00049368635 2.17072281222177e-06 15.6 7.2069410986909 69454.05 154.736703790665 17720.75 141.725747484358 17966.2 103.735529111293 0.2 0.4 0 0 0 0 0.1 0.3 0.1 0.3 
7 22387175 18497.8883930031 10144535 25037.1179451629 8753991.5 15377.2241561993 1739263.5 10433.629414063 1749368.5 9299.78132807433 33463.5 190.423869302144 0.1292199 0.000642720849202825 0.056679705 0.000474465738989656 0.0090086075 0.000167000246732602 0.0083183915 0.00019173051069861 2721.25 66.6894856780287 2241.45 52.5780134657064 433.4 18.3668179062134 46.4 6.90941386804988 0 0 2.699425 0.00314483147402208 0.9997319 0.000135848776218249 0.99994305 2.9576130578562e-05 0.99972855 0.000146644289012578 0.999734 0.000149822227990371 0.005652992 1.39529246396588e-05 0.0016930225 6.38987001041492e-06 0.0008059887 4.18569394605005e-06 0.0005255644 2.04053285687833e-06 9.65 6.22314229308635 77859.8 157.78517040584 20638.9 122.287325590185 20938.95 114.568527528288 0.7 0.781024967590665 0 0 0.15 0.357071421427142 0.2 0.4 0.35 0.57227615711298 
8 22503490 11631.0317685062 8513098 16669.9032990597 10003539.5 17386.0281476247 1990766.5 10573.8542050664 1996083 7529.40907375871 36473.8 127.978748235791 0.12231715 0.000420898476476216 0.073008935 0.000613472043596934 0.011546435 0.000180072791601064 0.01066441 0.000164955087523847 2772.3 51.7233989602385 2161.6 54.3952203782648 552.25 27.8798762551056 58.45 7.0176563039237 0 0 2.8052145 0.00287658908257672 0.99967235 0.000147529412321741 0.9999416 4.42926630493115e-05 0.99976605 0.000155830188025305 0.9996989 0.000126960978257102 0.007698466 1.56102624577551e-05 0.0019329365 8.69369787547277e-06 0.0008760805 4.66993335605552e-06 0.0005633986 2.35657351678237e-06 6.9 3.57631094844953 84602.75 212.607590410126 23563.55 124.780797801585 23858 85.3076784351796 1 1 0 0 0.15 0.357071421427142 0.25 0.53619026473818 0.6 0.8 
9 22621270 15664.7406617537 6888410.5 27837.9727126456 11248000 24832.9821004244 2236889.5 10586.7820771942 2247970.5 10738.879585413 39296 183.87414173831 0.1097761 0.000607930662164691 0.092730655 0.000687685235754702 0.014398365 0.000247508685251649 0.01340556 0.000205947098547176 2815.3 31.5532882597044 2033.6 34.9977142110738 712 19.8544705293292 69.7 8.86058688801143 0 0 2.7801065 0.00407660922213547 0.9993906 0.000249986279623504 0.99993705 2.73760387930686e-05 0.99971525 0.00014958170844057 0.99973245 0.00011571364439857 0.01070483 4.37163367632742e-05 0.002240938 1.147393419887e-05 0.0009560248 4.69160949568482e-06 0.000606136 3.00332184422515e-06 6.2 2.7495454169735 88701.65 337.124943455687 26405.85 128.301315269953 26836.55 117.441251270582 1.9 1.4456832294801 0 0 0.65 1.01365674663566 0.7 0.9 0.55 0.668954408012983 
10 22712840 10840.7748800535 5251399.5 33313.1165571461 12491330 25638.8006739785 2481844.5 11123.5464106552 2488253.5 10833.2489471072 42622.95 150.869306023459 0.09251591 0.000585160660759078 0.1177465 0.000768784137453421 0.017961285 0.0002499329235515 0.016802275 0.000268565029136334 2825 48.6394901289066 1845.6 44.3468149927365 892.15 35.6472649722247 87.25 9.55968095701943 0 0 2.6319265 0.00476603323005622 0.998988 0.000368732423309904 0.9999284 4.28233581121294e-05 0.9996739 0.000167851690488957 0.9997157 0.000113374644431652 0.015606935 9.77044332412811e-05 0.002675154 1.22316868828465e-05 0.0010602705 5.56509791018992e-06 0.0006614744 2.79164135232305e-06 5.7 2.14709105535839 88726.3 369.606290530884 29207.1 130.280044519489 29651.7 121.139217431846 3.5 1.53297097167559 0 0 0.5 0.670820393249937 1.3 0.781024967590665 1.7 1.22882057274445 
11 22736175 16880.3102755844 3496505 28865.6095553169 13763240 26573.2459439941 2734210.5 8859.09390118425 2742222 14773.1129420986 47401.95 212.074155662589 0.06865698 0.000564515913504658 0.15342255 0.000884597675499999 0.022655695 0.000370938909357053 0.021084045 0.000235153708188921 2822.25 43.9555172873668 1540.9 42.0688721027793 1170.95 43.0121785079528 110.4 11.9012604374495 0 0 2.385628 0.00543458793286113 0.99825075 0.000773971503028382 0.9999349 2.59632432488643e-05 0.99971605 0.000106909997193905 0.9997046 0.000107957584263436 0.02578586 0.00021267087811922 0.0034159305 2.27699752909396e-05 0.001206669 8.85809849798475e-06 0.00073599915 2.67296670901453e-06 4.45 1.90984292547843 78884.2 579.430634329943 32037.9 120.624582900833 32609 175.768313412856 8.2 2.73130005674953 0 0 0.8 0.678232998312527 3.1 1.67032930884901 4.3 1.84661853126194 
12 22503770 26664.6038785503 1537221 32200.9293188877 14993550 25402.2341537118 2983280 10347.0648011888 2989734 7381.94378195879 57086.05 435.641191234254 0.035525625 0.000769481694307929 0.21439445 0.00210372658572829 0.029862325 0.000353705114290138 0.027803145 0.000317720933328291 2840.95 44.724126598515 1019 23.9374184071716 1663.05 45.3657084150573 158.9 9.1700599779936 0 0 2.0667045 0.0057945547499355 0.99509855 0.00200001076184604 0.99994605 2.86364715005122e-05 0.9997093 0.000118364310499407 0.9996616 0.000121319577974872 0.06405233 0.00140954243891413 0.0052387205 8.41791356260564e-05 0.0014702505 1.05808224987474e-05 0.0008711202 5.10437743118592e-06 4.45 1.53215534460446 36198.05 2365.42453853426 34658.3 112.079480726848 35400.95 88.5875132284455 20.2 4.33128156554154 0 0 1.55 1.43090880212542 8.65 2.92018835008977 10 2.64575131106459 
13 22182510 17767.4956029261 863309.75 13934.927738869 14851015 33730.1389709559 3230971.5 11026.4156800839 3237212 13713.0771893109 64471.55 215.617827416937 0.02265576 0.000295348356013708 0.24700675 0.000488331124852797 0.035877305 0.000508513501762736 0.03357388 0.000429211180655863 2883.25 47.0168852647642 720.7 28.6497818490822 1962.55 34.6806502245849 200 11.0090871556183 0 0 2.0305165 0.00540132138925285 0.98906485 0.00433941247492102 0.99952995 0.000148163246117258 0.99967145 0.000121421775229967 0.999712 0.000131256618880731 0.1240073 0.00205852274944923 0.0071433735 1.68285264580712e-05 0.0016563575 1.024506802076e-05 0.0009660459 4.82897814138767e-06 4.15 2.28637267303474 768.65 157.262288867993 37334.5 135.070537127828 38225.9 156.917462380705 33.75 4.51525193095579 0 0 2.45 1.88348082018374 14.3 3.40734500748016 17 2.81069386451104 
14 22067830 19417.6234385158 754184.15 13833.6050987261 14341960 26259.8248280525 3482714 11026.3744721463 3488961 9946.54507856874 66874.9 230.242241997423 0.02077925 0.000392872721756041 0.25045915 0.000671134060750905 0.040403875 0.00044856207583232 0.037635285 0.00047481052565734 2868.5 45.4340180921741 618.65 26.3728553630433 2022.75 40.7147086444199 227.1 14.1276324980515 0 0 2.110915 0.00410941419182833 0.98863265 0.00483110118166656 0.99939655 0.000227217621455732 0.9996871 0.000118420817426659 0.99973355 7.23391145923182e-05 0.15291725 0.00276865602549324 0.007986673 1.49158473108301e-05 0.0017346435 9.15846181135238e-06 0.0010039189 6.38654916132335e-06 3.95 1.65755844542508 307.35 70.4139723350416 40137.75 139.581114410224 41153.45 121.996506097511 46.4 7.66420250254389 0 0 3.1 1.86815416922694 18.45 4.06786184622831 24.85 5.72952877643528 
15 21961660 14765.9879452748 666558.45 10532.5949674095 13829465 23169.5117557535 3725466.5 8150.76639034637 3740159 12057.4685983419 69080.95 155.308877724359 0.019172045 0.000295100160072813 0.2521242 0.000439462125785606 0.045084295 0.000460073625059077 0.04220792 0.000334014433221081 2858.9 46.9913821886524 539 26.2811719677795 2070.55 43.1479721423846 249.35 17.1559756353289 0 0 2.1952415 0.00392687951814162 0.98607035 0.00603865483592994 0.9993279 0.000214998348830864 0.99973505 8.64196013645067e-05 0.9996976 0.00013279811745656 0.1855332 0.00319987405377149 0.008881559 1.64130734172487e-05 0.0018169475 8.0246824703536e-06 0.001046464 4.3631564262584e-06 3.3 1.51986841535707 160.5 37.6184795014365 42799.15 100.146030874918 44063.3 153.421022027622 58.75 6.40995319795706 0 0 2.5 1.43178210632764 24.2 4.4226688774992 32.05 4.92417505781425 
16 21868910 17739.7547897371 596717.65 12070.8319111609 13313730 29381.8328223411 3976491 12745.1398187701 3981971 10792.6520837095 71106.6 217.000783408724 0.017711395 0.000336445550535298 0.2524307 0.000663987883925604 0.04991679 0.000602571481983673 0.04692246 0.000435339964165939 2869.4 70.2263483316625 483 19.723082923316 2094.15 48.3107389717856 292.25 21.5078474050752 0 0 2.2838015 0.0056710221962183 0.982366 0.00599149297754741 0.9993624 0.000211392383968763 0.99967725 0.000148144819349159 0.9996917 0.000128988797963247 0.2215763 0.00436303642088855 0.0098426315 2.04735219918316e-05 0.001894023 9.67457291047e-06 0.0010896555 5.45156443142701e-06 2.9 1.17898261225516 102.1 29.728605752709 45584.7 140.689765086164 46854.1 127.857303272046 82 10.4594454919943 0 0 2.8 1.24899959967968 33.55 5.55405257447209 45.65 7.30941174103635 
17 21774800 14430.2113636634 531914.9 10390.8258762237 12782275 21117.7857504048 4222221.5 11274.3471097 4238377.5 11104.0086793014 73097.1 195.733466734741 0.016239985 0.000283249245850717 0.25189185 0.00056244291043625 0.05513398 0.000517100957840923 0.05184778 0.000564037430140944 2869.6 62.0341841245615 414.05 22.2698787603345 2137.65 59.6726696235387 317.9 14.7577098494312 0 0 2.375297 0.0043947378761423 0.97802235 0.00677133530608994 0.99918015 0.00035852730370225 0.99965325 7.91042824378091e-05 0.99963945 0.000124577074536206 0.2652224 0.00585957647274954 0.010895425 1.78850461279808e-05 0.0019846055 9.58551640497262e-06 0.001132229 5.17566604409519e-06 2.75 1.37386316640341 72.6 15.6473639952549 48264.7 136.582246284061 49819.25 134.971061713243 106.45 10.3801493245521 0 0 2.75 1.60857079421454 41.95 5.90317711067523 61.75 8.03041094838863 
18 21683870 17818.279939433 476762.1 11979.6336876384 12241165 33023.6623498969 4474168 11768.8434436014 4491767.5 11583.9129291445 74980.55 215.95357718732 0.015053935 0.000338718460192237 0.25051245 0.000521888251927556 0.0604395 0.000603645834906529 0.056820015 0.000649790344091847 2908.55 50.5009653373082 377.65 22.1884542048337 2170.85 46.1446367414459 360.05 11.0926777650845 0 0 2.468923 0.00649378017798569 0.97577585 0.00775115398682675 0.9989414 0.000355416009768838 0.9997234 7.63880880766104e-05 0.9997017 0.000101548559812539 0.3134309 0.00838715497591406 0.012048615 3.27388496285376e-05 0.002068442 1.22859527917049e-05 0.0011736265 6.15475448332425e-06 3.15 1.35185058345958 58.95 17.3593634675929 51040.6 131.250676188734 52733.75 141.50719946349 138.3 10.3783428349617 0 0 2 1.54919333848297 59.25 7.23100961138899 77.05 10.0770779494852 
19 21588225 13096.2924142675 420126.7 7783.28555367205 11713955 25774.143535722 4720006 15428.7084358996 4734132.5 11675.5256305658 76927.85 168.51239568649 0.013762745 0.000237734813342514 0.24829575 0.000573976556577011 0.06638833 0.000577648023540287 0.06231448 0.000656102135798993 2933.8 59.3949492802208 332.85 21.5876700919761 2184.25 47.4435190516049 416.7 24.6598864555375 0 0 2.557061 0.00478162932482223 0.9730573 0.00694974941346808 0.99885605 0.000353325271527535 0.9996813 9.07138908877832e-05 0.9996711 0.000106231304237486 0.37657555 0.00902072038960859 0.01329211 2.781134480747e-05 0.002163639 9.72986634029472e-06 0.001223115 6.28988990364696e-06 2.9 1.26095202129185 43.75 10.192521768434 53697.25 163.114338732069 55529.9 159.379703852153 179.25 13.8234402375096 0 0 2.65 1.35185058345958 75.15 8.51630788546304 101.45 10.3270276459396 
20 21491055 20275.1442658246 382488.65 11760.5304611442 11159940 21914.2738871266 4972991.5 12607.8869264441 4975617 9359.0400682976 78824.05 248.837592618157 0.012839985 0.000261343957793173 0.24466895 0.000431964868363156 0.07272125 0.000580851203407552 0.068234705 0.000610228476453696 2957.1 55.503062978542 306.4 19.6249840764267 2200.15 36.1583669432125 450.55 22.4331785532055 0 0 2.649327 0.00515742484191485 0.96753335 0.00805590466226481 0.99892535 0.000342258276013876 0.99967485 0.000135120048475431 0.9996905 7.98013157786217e-05 0.43666575 0.0141344967256532 0.014683545 2.96822417448547e-05 0.0022656395 1.34304822977434e-05 0.0012735035 6.32565591460681e-06 2.6 1.35646599662505 38.25 14.1204638734002 56381.4 160.887041118917 58273.25 116.676422211173 227.65 16.6351284936426 0 0 2.05 1.2031209415516 92.8 8.54751425854324 132.8 14.8108068652589 
21 21384180 17468.4744611543 344846.35 8542.5283275796 10605620 32856.9718629091 5213464 9633.53746035173 5220241 14802.1177201102 80841.7 218.894746396527 0.011773695 0.00024258441103047 0.24047575 0.00072642149438188 0.07951179 0.000661338207651727 0.074664315 0.000610752898703723 2993.1 61.275525293546 265.15 14.423158461308 2217.65 49.6147911413522 510.3 18.799202110728 0 0 2.7348315 0.00594991955827977 0.9643951 0.00859226540500233 0.9986125 0.000443504622298356 0.99971375 7.78337169869274e-05 0.99967675 7.77186431945421e-05 0.5069243 0.014404048528452 0.016228515 4.93219857163108e-05 0.002378894 1.17334634273091e-05 0.001330382 4.74983641823593e-06 2.3 1.05356537528527 31.7 7.17704674639925 58935.75 122.995477559136 61065.65 160.013522866038 295.3 19.4167453503413 0 0 1.6 1.113552872566 121.25 12.0908022893437 172.45 13.112875352111 
22 21292490 16484.9598119013 310124.5 7698.7874207566 10047911 25964.7689956988 5463327.5 10625.1813513935 5471146 12387.7513698007 82671.85 224.555844947309 0.010889415 0.000233044689437455 0.23489165 0.000575825778773407 0.086305555 0.000731393855918272 0.081552375 0.000621148784813268 3042.3 48.0001041665536 241.75 17.6206554929151 2226.85 46.4825504894041 573.7 24.1414581166921 0 0 2.8157725 0.00419220571417954 0.96102615 0.0130369691848796 0.9985068 0.000367141198995695 0.99967425 9.27943290293214e-05 0.9997272 7.87760115771333e-05 0.5906551 0.0190776029047152 0.01794559 4.75234457925771e-05 0.0024909795 1.62652173287048e-05 0.0013895865 7.34421015154113e-06 2.7 1.14455231422596 28.55 7.25585970095894 61530.9 112.438383126048 63936.05 163.301706972095 365.2 25.0591300726901 0 0 1.75 1.29903810567666 148 14.0676934854297 215.45 15.847633892793 
23 21178705 25469.2064069535 274792.5 8134.70705372972 9474679 29393.9294583082 5714055.5 13006.2309971029 5715164.5 11943.6549996222 84774.45 317.281653267251 0.009915498 0.000233067320544945 0.2286327 0.00086828054797974 0.094491245 0.00107861052816807 0.08877501 0.000886701751943685 3070.85 44.6634918025897 210.9 14.0992907623043 2218.7 29.8380629398089 641.25 24.7343384791265 0 0 2.8877465 0.00387199854726209 0.96123855 0.00979411442895681 0.99844935 0.000622271024152647 0.99964655 0.000109816426366914 0.99965825 9.53907097153609e-05 0.6936674 0.0194365324721258 0.01989668 6.20468742161924e-05 0.002628089 2.14633512993661e-05 0.0014547095 8.71224338216054e-06 2.55 1.2031209415516 24.45 6.75629336248804 64110 150.625031120329 66674.25 149.592738794368 473.8 28.1559940332427 0 0 2.15 1.62095650774473 192.3 15.7546818438203 279.35 20.4432751779161 
24 21064855 19330.351134938 247517.2 6399.49910227355 8903188 26797.8123360845 5960094.5 18167.4790422337 5954055.5 13754.9581878681 86881.7 254.435669669172 0.0090744365 0.000196973833091479 0.22152145 0.000810287138920517 0.10286945 0.000868039196983638 0.09671454 0.000820931583872858 3128.9 67.8858600888285 185.8 14.2534206420775 2228.25 56.4179714275514 714.85 25.3520709213271 0 0 2.949069 0.003198338474896 0.94910465 0.0114651822413558 0.9982871 0.000633689269279513 0.99970125 0.000112046809414633 0.999676 0.000103816183709465 0.81429865 0.0269686403166252 0.022094965 7.0031687649235e-05 0.002773809 1.66822549135301e-05 0.001528582 9.5451111046441e-06 2.15 1.06183802907977 22.35 6.22314229308635 66656.9 198.923829643409 69380.05 174.422898439396 622.75 26.0497120905395 0 0 1.6 1.65529453572468 246.65 17.6359717622818 374.5 18.9354165520593 
25 20925405 20551.6051684534 218910.7 8003.61134176317 8313893 27490.1358854408 6199127.5 11745.7170385635 6193467.5 11475.7317304824 89311.95 249.192591182001 0.0081627395 0.000209931780716379 0.2132768 0.000872702389133889 0.11235135 0.000665483754497434 0.1057282 0.000916930673497184 3164.35 55.3446248519222 166.5 11.8848643240047 2192.15 40.0852528992895 805.7 31.1850925924551 0 0 2.9965155 0.00375828082372778 0.94283385 0.0166220402576669 0.99795195 0.000599815928014583 0.99964095 7.59107864535664e-05 0.99971395 6.32957147048638e-05 0.9619796 0.0393428234324889 0.02465556 8.28966850965709e-05 0.0029449755 1.58627259558375e-05 0.001613765 9.59521781930975e-06 2.1 1.22065556157337 16.85 4.96261020028775 68984.4 123.268974198701 72104.05 131.996770793834 811.8 35.3957624582378 0 0 1.2 1.0770329614269 324.15 21.5621775338206 486.45 23.8421370686438 
26 20747485 20898.9299965333 196632.65 4495.73406992673 7678115 32812.8934262128 6443696.5 14792.7418942534 6429036 12746.64442118 92250.3 285.396058136758 0.007494575 0.000157865943018119 0.2029085 0.000938593282524438 0.1238424 0.00116556554513249 0.11653045 0.000860577508130441 3248.15 55.5979091333478 143.25 14.4390962321054 2168.55 45.195657977288 936.35 41.6548616610354 0 0 3.0309585 0.00180267932533771 0.9352466 0.017613482004987 0.9975511 0.00067935601123418 0.99968905 6.37906537041356e-05 0.9996829 6.98254251687701e-05 1.115335 0.0372554487961157 0.027770135 0.000130776459177484 0.0031717525 2.59280322961462e-05 0.001725259 1.18119413730343e-05 2.45 1.11691539518443 14.75 6.8474447788938 71198.9 125.530832865874 74723.05 133.853455315879 1109.95 57.904641437453 0 0 1.4 1.39283882771841 434.8 34.7427690318432 673.75 38.2385603808512 
27 20541165 27977.9605225256 173875.25 7326.80588575267 7041200.5 44751.1367984099 6676852.5 17460.728184987 6649245.5 14190.1337114912 95562.75 381.996187808203 0.0067248355 0.000159316898930245 0.19140525 0.00109413449241855 0.1368746 0.0013531510780397 0.1284384 0.00128897484071645 3352.5 56.8854111350177 131.75 15.352117117844 2139.55 34.9735257015932 1081.2 36.8382952917205 0 0 3.0450935 0.0026110118249445 0.9261193 0.0179100748074931 0.9973848 0.000609897581565956 0.9996893 9.49479331002031e-05 0.9996872 8.47753501909695e-05 1.316892 0.072644731027102 0.03144768 0.000194367092379343 0.003445159 3.52648879056775e-05 0.001855666 1.66846520491139e-05 2.25 0.82915619758885 14.65 4.96261020028775 73252.6 179.006536193514 77185.25 133.210313039194 1516.05 71.9864396952648 0 0 1.2 0.678232998312527 589.05 31.5459585367127 925.8 47.2954543270281 
28 20271870 30009.4168553806 152133.75 4881.24614084354 6355783.5 34556.3615380728 6902334 17696.2618651511 6861616 15183.8708503464 99759.1 399.128037100878 0.005938223 0.000166447757092128 0.1770063 0.00111517147112003 0.1533604 0.00135246195510262 0.14351065 0.00123699940480988 3541.8 58.738913847636 114.3 10.0104944932805 2094.1 52.1698188611001 1333.4 60.0469816060724 0 0 3.0374015 0.00137148195394622 0.91098945 0.0171238466603593 0.99707405 0.000609034767069989 0.99968805 7.92991015081538e-05 0.99966165 0.000114153964013513 1.595871 0.106481080380507 0.036143475 0.000199441061155921 0.003836255 4.34201260362059e-05 0.0020413585 2.11800489317188e-05 2.4 0.8 13.45 4.83192508220067 75030.85 164.62389711096 79611.45 163.853738132519 2289.95 120.77974788846 0 0 0.95 0.739932429347437 885.15 41.1828544421098 1403.85 88.981051353645 
29 19791220 105598.833326889 129097.75 5170.49150347431 5541581.5 85798.6442943593 7091717 15730.5025666696 7028830 22580.8640224417 106762.45 1419.98561524404 0.004987977 0.000152939046554502 0.1568607 0.00315335361321879 0.18008655 0.00558867452509985 0.16538415 0.00352269559109214 3872 123.103614894121 96.65 11.7229475815599 1979.1 57.9636955343601 1796.25 122.964984853413 0 0 3.000015 0.00444650143371168 0.89753675 0.021111790433014 0.9967603 0.00102783544889248 0.99966165 7.23852712918836e-05 0.999666 6.71974701904794e-05 1.9777425 0.128356516580772 0.04293032 0.000685354959564751 0.0045959125 0.000192730300442743 0.0023660165 7.09177453304178e-05 2.05 1.39552857369529 11.5 3.69459064038223 75744.1 416.683201005272 81654 224.310944895696 3953.95 469.025636292943 0 0 0.6 0.860232526704263 1579.85 205.305205730395 2373.5 267.597552305697 
30 9049132 1097526.55880667 12845.055 10870.5240496563 515728.015 451097.6699468 4374987.5 308408.825763385 4145574.5 329023.651558288 249263.1 14479.3845376798 0.0003178429 0.000238107883789099 0.009056593 0.00744500312573145 0.5311833 0.0193128814139682 0.3433323 0.00893753941026276 21023.5 1793.80819766217 10.8 9.43716058992322 292.75 156.798238191633 20719.95 1958.89651270811 0 0 2.215419 0.172610435602834 0.5002779 0.15421633623968 0.91179065 0.102553893886715 0.9994143 0.000158528262464457 0.99935535 0.000119081180293106 1.25872306 0.879535930602472 1.007945625 1.88807333479317 0.050952325 0.00780725484679954 0.017107855 0.00253995735229452 2.2 1.28840987267251 11.75 3.92269040328191 9266.5 7206.01988964782 64944.45 1973.22473314623 73553.05 7341.5031531356 0 0 0 0 32927.15 3342.85495160948 40625.9 4001.83987560722 
31 7660618 215472.299741753 1380.352 1852.60137491474 53002.266 70206.6475170932 3828879 71900.2661956129 3777357 75011.439534247 267499.7 2827.54248597612 4.73843035e-05 5.56736981330556e-05 0.0015544707 0.00110036887354651 0.54949355 0.0032609537328058 0.35927795 0.0016390510509133 24046.25 391.961079062705 1.2 1.66132477258361 114.45 31.7718035370987 23930.6 421.411841314408 0 0 2.026201 0.0353001732148724 0.22617164 0.148020099595009 0.7386235 0.0992366842641873 0.99931515 0.000135286094998695 0.9994115 0.000131219091598747 0.16824023337 0.267266022420622 5.0363553 3.68489158186862 0.065382135 0.00217895350576257 0.021205965 0.000690191940893981 1.7 0.953939201416946 11.85 3.78516842425803 1386.05 1452.96295462066 64172.35 452.117935388544 85806.75 1583.74407260138 0 0 0 0 37755.5 723.354995835378 48051.25 880.617617073381 
32 7307771.5 23623.7582266243 274.432 137.749886736796 10272.77 4460.80263717417 3583667.5 15918.9506171104 3713555 15311.6153622013 272062.5 299.155060127687 6.61104165e-06 5.96580858067402e-06 0.0008271165 6.81824643596138e-05 0.5490647 0.00063344234938943 0.367644 0.000825872992656854 25359.1 179.230828821383 0.1 0.3 89.35 8.81632009400747 25269.65 181.292657049314 0 0 2.003631 0.0025532036738184 0.10058035 0.0522029627159944 0.62403885 0.0612118608075878 0.99919885 0.000184503191029316 0.99931715 0.000154431303497711 0.00619451793 0.0102729182358888 8.4819075 2.99710053075781 0.07280505 0.000398023004988405 0.02294882 0.000143957617374004 1.95 0.668954408012983 10.6 3.42636833980236 466 144.735966504529 65280.5 151.016720928512 91222.35 252.47896447031 0 0 0 0 39335.45 149.182262685616 51886.9 226.390790448728 
33 7106109 16640.5973150004 229.376 84.3418021149655 6770.683 2845.84371119902 3401023 12331.4139902932 3698087 11063.6328120559 274682.5 208.004687447182 3.2761407e-06 3.746446452457e-06 0.0006886124 5.25236888635975e-05 0.5471365 0.000889778427475068 0.37431095 0.00102586614502088 26362.8 171.795983655032 0.1 0.435889894354067 78.25 7.67381912739674 26284.45 172.222958690182 0 0 1.9988795 0.00161694611845909 0.08066377 0.0263753137322402 0.58670765 0.0657492360558471 0.9991447 0.000201738221465329 0.999298 0.000139459313062985 0.00111279554 0.00206819717098734 8.782026 2.62371769759325 0.079243995 0.000295176486995491 0.02425685 0.000128045439200309 1.9 0.99498743710662 9.7 3.34813380855664 317.05 70.2719538649666 66703.55 173.17721414782 95576.45 231.593280342932 0 0 0 0 40447.55 199.600720189081 55128.9 265.551671054806 
34 6932193.5 19724.2848476187 208.896 83.8430289529189 5054.464 1354.80424389061 3243811 18590.4171281873 3683120 10615.7100563269 276934.65 241.302564221767 1.65893865e-06 1.63162051317174e-06 0.00060054795 2.93566994525525e-05 0.54516245 0.00081612367169443 0.38036855 0.000989614191238179 27408.3 163.314757447084 0.1 0.3 69.3 6.58862656401165 27338.9 163.976187295595 0 0 1.993352 0.00125637812779433 0.07303922 0.0284947061731578 0.53822625 0.0538094264463718 0.99905655 0.000219214615160578 0.99927775 0.000187829144437167 0.000298138135 0.00113819331621569 8.2457245 3.51006594256073 0.085680485 0.00051093374939908 0.02555191 0.000150122129947587 2.05 1.07121426428143 8.25 2.69953699733862 237.1 64.1762417098415 68107.85 159.567940075693 99884.3 225.365724989405 0 0 0 0 41557.35 156.226846284497 58326.95 281.032644900908 
35 6778298.5 13607.9316117476 217.088 107.671055794954 3551.232 853.807245469374 3102040.5 13153.3583069116 3672490 11850.1130796292 278938.75 157.581050573982 9.7618375e-07 1.40166395224583e-06 0.0005160868 1.41148189099258e-05 0.5434021 0.000710936909999759 0.38580985 0.000777358815155523 28433.55 139.334301232683 0.05 0.217944947177034 61.6 7.55248303539968 28371.9 141.70987968381 0 0 1.9864345 0.00128235125843116 0.071857155 0.033188071895509 0.5022542 0.0730752567539793 0.9990796 0.000252825315188173 0.9992131 0.000158376102995374 4.2878585e-05 4.34405548254425e-05 6.8995385 2.69820792761469 0.092275665 0.000401605504537725 0.026821335 8.85399473401696e-05 2.1 1.17898261225516 9.4 2.31084400165827 186.05 36.4684452643652 69401 197.882035566648 104030.4 167.679575381142 0 0 0 0 42610.9 165.502537744894 61419.5 202.240327333596 
36 6649503 15714.6985653559 221.184 93.7617255813906 3084.288 859.291599735503 2974273.5 11724.2826113157 3671925 13185.9753147046 280629.35 185.07816591916 1.1585453e-06 1.12254834914573e-06 0.00046183945 1.71426064951483e-05 0.54136325 0.000691031755782617 0.3910117 0.000738847758337266 29400.2 173.638878135054 0.05 0.217944947177034 57.5 7.59934207678533 29342.65 171.735923731757 0 0 1.9783795 0.00156383974562613 0.071666675 0.0324845852808971 0.4742175 0.0697997516231254 0.99891195 0.000236846463980353 0.99923065 0.000200227439428267 0.00052421875 0.00213392962405738 6.043966 2.65476035706314 0.099031735 0.000400151715321826 0.027990755 0.000120148485113213 2.15 1.15217186218029 7.7 2.84780617317963 173.75 38.3886376418857 70896 188.405148549608 108092.1 186.863292275396 0 0 0 0 43577.2 188.029678508474 64514.9 227.404463456635 
37 6538973 19886.1203104075 180.224 75.9694827151008 2387.968 558.785081203856 2870523 12805.6792478962 3665885 14933.8181654927 282094.2 233.537277538298 1.0883581e-06 1.4032048042267e-06 0.00040951905 1.11782696267132e-05 0.53945345 0.000673436298026765 0.3957855 0.000761404984223245 30457.75 240.264827846275 0.05 0.217944947177034 53.75 5.30919014539883 30403.95 241.56810116404 0 0 1.970463 0.0015321883043543 0.05765767 0.0226841228919723 0.41560415 0.0772115162726876 0.998809 0.000312929065444559 0.99918675 0.000187974699095385 7.7758805e-05 0.000212320499467853 4.79292955 2.73098729107 0.1055107 0.000485027329126927 0.02924074 0.000149397357406348 1.8 1.0295630140987 7.6 1.77200451466694 135.3 17.8748426566502 72187.65 189.956909587411 112174.7 234.294280766731 0 0 0 0 44560.7 144.678298303512 67614 241.484575076753 
38 6451654.5 13281.937161047 163.84 51.8107571841987 2097.152 682.644820983797 2773990.5 11622.8531243409 3675402.5 12021.3393076645 283270.5 153.481106329085 6.289915e-07 8.82393935208731e-07 0.0003666433 6.8608487674631e-06 0.5375595 0.000651914603303228 0.40013315 0.000740925723335344 31395.1 189.318224162387 0.05 0.217944947177034 49.05 6.79319512453455 31346 187.747703048533 0 0 1.96123 0.00163351767667203 0.05131581 0.017604070410388 0.3719595 0.0801168058246833 0.99888675 0.000245506797258238 0.9991887 0.000245740940829962 2.82848655e-05 1.81143704920829e-05 3.9890116 2.17561064445204 0.1121247 0.000483237736523132 0.030329705 0.00013748417172533 1.35 0.792148975887743 7.1 2.56709953059869 134.95 18.361576729682 73665.7 175.405843688288 116041.3 204.631400327516 0 0 0 0 45488.25 150.44263857032 70553.05 256.549697914459 
39 6386172.5 19490.2613822904 204.8 70.9448010780212 1576.96 464.765162205603 2686908 16837.2054094496 3697482.5 12915.3350227549 284186.25 233.078286204442 1.1898111e-06 1.50601938521766e-06 0.0003290859 1.27370700080513e-05 0.53564365 0.000776819687894179 0.40416685 0.00089132100137941 32424.45 191.232182176536 0.05 0.217944947177034 46.6 8.6452298986204 32377.8 188.558372924673 0 0 1.950291 0.00237255748086322 0.06239318 0.02042357302275 0.3200515 0.0681044199839482 0.99875605 0.000217803690280953 0.99918195 0.000232425789231742 2.6809606e-05 1.16924711314963e-05 2.987386 2.04772413941283 0.1188474 0.000750590793974988 0.031304485 0.000132806985038438 1.75 1.08972473588517 5.9 1.7 109.4 16.9481562419043 75217.35 189.267872339708 119726.45 235.31627121812 0 0 0 0 46311.7 157.798320650126 73414.75 236.567722861763 
40 6323826.5 16169.9410249388 188.416 78.1466993800762 1499.136 532.857958168966 2620805.5 10828.114551943 3701334 11166.7857506088 285046.65 193.083731836735 1.04991005e-06 1.12239257793619e-06 0.00029780175 9.37098449937358e-06 0.53395315 0.000551005288087148 0.4078533 0.00067543260951778 33406.8 143.124631003891 0 0 47.05 6.31248762375024 33359.75 144.496323482641 0 0 1.942108 0.00173555927585319 0.0575 0.0238484800354236 0.2968077 0.089971987161616 0.99855285 0.000366182915357874 0.9990616 0.000317410522824934 2.619e-05 1.66986384175477e-05 3.2156129 2.21007409657366 0.1249826 0.000491379629207397 0.032433975 0.000131427534691175 1.95 1.16081867662439 6.15 2.65094322836231 107.65 14.3675850441193 76656.3 244.273637546093 123463 187.907424015125 0 0 0 0 47129.15 173.452954716834 76333.85 227.318999425917 
41 6276759.5 18737.565603621 155.648 62.9239459665396 1204.224 453.23308871264 2557604.5 10213.1261007588 3717796 13567.6897075368 285720.05 220.472101409679 7.6927065e-07 1.21392351252772e-06 0.00027617665 1.15400292082603e-05 0.5322235 0.00053612400617768 0.4113441 0.000589994737264671 34383.8 248.190974856057 0 0 39.75 7.16850751551535 34344.05 247.977917363623 0 0 1.9327295 0.00171835815533314 0.04487803 0.0176959670269556 0.25349195 0.0557619325781263 0.99867105 0.000264605834213833 0.9991086 0.000213956397427125 2.28731775e-05 1.36356923045098e-05 2.11119345 1.55739079241202 0.13129125 0.000519058462506873 0.03345016 0.000162041789054552 1.45 0.804673846971554 5.65 2.51545224562105 88.5 12.8199063959141 78085.2 199.540622430622 127201.15 265.887809987596 0 0 0 0 47978.7 170.152607972961 79222.45 215.818088908228 
42 6248403.5 13173.8290845904 188.416 63.9815653450273 1187.84 223.598085143858 2501903 10100.0366831017 3745124.5 12059.9454704406 286172.2 156.193661843239 7.8870935e-07 1.26043448508855e-06 0.0002520603 7.42331391024252e-06 0.5305984 0.000705235875434594 0.41446545 0.000729368595087552 35264.1 257.192515443199 0.05 0.217944947177034 39.95 5.46328655664336 35224.1 258.694201713142 0 0 1.922531 0.00209972593449717 0.05476188 0.0185958536572968 0.2706487 0.0536156191534706 0.99844325 0.000199531419831551 0.9991076 0.000148720677782208 2.6453558e-05 2.18798698010092e-05 2.2897673745 1.90300777331263 0.13752555 0.000565121710342115 0.034320395 0.000151639900669315 1.8 0.6 5.9 1.81383571472171 87.95 14.9213772822753 79575.65 215.88128103196 130740.45 207.528425763797 0 0 0 0 48797.95 206.091842390717 81942.5 230.380446218858 
43 6222250 14316.5613888252 180.224 88.2305402000917 950.272 250.359100046313 2454136 8887.68215003214 3766985.5 13932.5006639153 286582.75 167.687171542727 5.9621825e-07 6.38121315424103e-07 0.00023411555 5.79904070924666e-06 0.52918545 0.00074311805757901 0.4172812 0.000794500320956511 36258.45 255.478467781533 0 0 37.1 4.9386232899463 36221.35 253.81711427719 0 0 1.9133125 0.00217822376031478 0.04860463 0.0254106278447444 0.22197495 0.0651681364943597 0.99842205 0.000260417832530714 0.99910685 0.000126183705366418 2.35935925e-05 2.09125128976187e-05 1.391562595 0.983868117455698 0.14354815 0.000531948707583729 0.03522601 0.000146313532866923 1.8 1.12249721603218 4.95 1.32193040664023 82.9 12.1074357318137 80990.2 212.743178504036 134252.05 251.32279542453 0 0 0 0 49599.75 217.661865056789 84652.3 269.435725173927 
44 6212788.5 19610.3730905355 167.936 54.8007451044235 983.04 265.451139006786 2415104.5 13027.0769841127 3796532.5 15628.45221863 286792.85 226.445418368312 5.83699e-07 1.06953173795339e-06 0.00021805365 4.45865973443814e-06 0.52750365 0.000626495672371317 0.4201739 0.000599677071430953 37258.3 214.625744028996 0 0 35.25 7.5754537817876 37223.05 215.267618326584 0 0 1.9042835 0.00265230329148084 0.045454525 0.0160705925927414 0.210197 0.0497131537010075 0.9983144 0.000423036334136917 0.99909835 0.000186720185036306 1.830682e-05 8.05335209959555e-06 1.2887848044 1.19513825815884 0.1492763 0.000822063203166276 0.036079395 0.000136508474004364 1.8 0.678232998312527 5.75 2.32109887768703 83.75 12.3283210535742 82492.85 148.903752471185 137753.35 183.183043702194 0 0 0 0 50358.25 165.647177760444 87395.1 217.397309090982 
45 6213821 15606.8926759942 188.416 90.112 823.296 223.560565538737 2380623.5 15361.9941007019 3832184.5 14151.9558630601 286874.3 183.33333030303 4.711656e-07 6.4201959519686e-07 0.0002027592 7.1015925016858e-06 0.525723 0.000751996808503858 0.42302585 0.00082517115042881 38271.55 223.236304171163 0 0 30.9 5.65597029695171 38240.65 220.736330267584 0 0 1.894895 0.00346041543748726 0.048296295 0.0227078027621229 0.16697551 0.0461030705760571 0.998267 0.00023684488594859 0.99908245 0.000216054964071632 2.2315e-05 1.57850332593885e-05 0.5437111515 0.716782018327926 0.1548954 0.00101020831515089 0.036872585 0.000179997806306077 2.05 1.02347447452294 5.3 1.73493515728975 79.5 12.9209132804148 83965.9 238.353288208911 141122.9 197.789762121299 0 0 0 0 51028.4 205.311568110518 90094.5 328.31516870227 
46 6209688.5 25110.8092810646 204.8 95.1824387163935 806.912 243.39340520236 2347237 13414.8183364517 3861438 21174.3782907551 287011.6 291.174415084842 5.2739575e-07 7.39864979180517e-07 0.00018764565 5.50036762657734e-06 0.52432865 0.000609618755863045 0.4254936 0.000590773933074228 39207.1 233.81400727929 0 0 32.7 3.82230297072328 39174.4 233.652605378155 0 0 1.8860715 0.0032719371555701 0.05304352 0.0253371267450277 0.17461736 0.0498071646703705 0.99826425 0.000404893797803818 0.9990123 0.000174302925965123 2.2534248e-05 1.28818478263375e-05 0.795917354 0.643717818028376 0.16060055 0.000926497893953355 0.03769873 0.000211886934708113 2.35 1.27573508221731 5.05 1.98683164863055 73.75 11.3748626365332 85405.55 151.281021612098 144542.85 224.072371121475 0 0 0 0 51735.5 200.125085883804 92807.35 215.918103687486 
47 6217976.5 11863.1716985804 167.936 79.7406098797846 876.544 249.956701018396 2322870 8454.03217405754 3894063.5 12261.0579784128 286998.3 142.507578745834 6.4643355e-07 8.90961599915421e-07 0.0001795495 7.17362576038087e-06 0.5229307 0.000570166826463987 0.4278107 0.000657664891871232 40100.7 200.397629726502 0.05 0.217944947177034 31.9 5.01896403653184 40068.75 199.258845474925 0 0 1.8782205 0.00246498575046593 0.042340435 0.0202060497565278 0.18669425 0.0573229547614871 0.9981128 0.000310252252207783 0.99899175 0.000224716682736288 1.9910101e-05 1.36241294685227e-05 0.6593109539 0.907438874972135 0.16582145 0.000603144549424102 0.03846082 0.000171178586861791 1.5 0.974679434480896 5.9 2.2113344387496 79.2 12.936769303037 86871.5 205.952300302764 147894.95 230.450314601651 0 0 0 0 52475.1 153.506319088173 95419.85 295.83767086022 
48 6236680 18573.3009990147 176.128 69.8725257594142 765.952 190.848987254321 2308387 8733.34019719832 3927351 16366.4925686599 286859.95 216.366696836643 3.485481e-07 7.61822151983316e-07 0.0001697446 5.77257549452582e-06 0.5211312 0.000626718405665587 0.430404 0.000723246154500666 41114.5 223.732541218304 0 0 29.75 4.48190807580878 41084.75 223.223402670957 0 0 1.8719935 0.00224663809947217 0.043541675 0.0173543033208157 0.16718 0.0353681390067388 0.99816485 0.000289681769360793 0.9990073 0.000174329314803906 1.785e-05 7.75638345977041e-06 0.85328008415 1.05576371044956 0.1704108 0.000643088920756687 0.039245555 0.000200434329582036 1.75 0.698212002188447 4.55 1.11691539518443 76.7 9.02828887442133 88411.35 168.220175662731 151200.75 252.809191881941 0 0 0 0 53033.85 193.04876974485 98166.9 299.820096057619 
49 6265381 12842.4946564131 147.456 71.4162002909704 655.36 215.18623599106 2287952.5 12310.0547825751 3976625.5 9354.75947045139 286593.9 149.411813455295 3.1109005e-07 4.61406625618605e-07 0.00015963435 4.68963188613989e-06 0.5198778 0.000545946297725339 0.4323517 0.000566312378462625 42099.9 175.141342920511 0 0 30 6.56505902486794 42069.9 176.433811952245 0 0 1.862673 0.00293314524018162 0.03537416 0.0151503641323699 0.14727895 0.0460592079853367 0.99799975 0.000333248837207279 0.9990129 0.000123164483516962 1.34908215e-05 6.58834844134573e-06 0.4197511428 0.620641522461392 0.17555625 0.000983098869646385 0.03981359 0.000109686858374193 1.5 0.866025403784439 4.5 1.43178210632764 73.35 10.3743674505967 89880.3 197.088076757576 154387.4 201.703346526526 0 0 0 0 53751.4 211.691851520081 100636 221.577751590723 
50 6290279 18299.5969627749 155.648 57.344 724.992 224.758086341738 2276424.5 11772.3342948627 4012974.5 13335.3831872204 286377.5 210.665967825845 3.3639215e-07 4.52578525229299e-07 0.00015603175 5.20704280638252e-06 0.51851195 0.000687196076458527 0.4343896 0.000697698100900381 43050.85 193.058093588433 0 0 26.6 5.61604843283959 43024.25 193.286283786512 0 0 1.8566815 0.00262435187236776 0.037 0.0145258390463339 0.1484628 0.0508859879570005 0.99800385 0.000324463445552811 0.9991088 0.000173489077465993 1.4229e-05 6.26789749437561e-06 0.5043220775 0.634288695781258 0.1800392 0.000943227575932767 0.040507845 0.000168830822052729 1.65 0.792148975887743 5.1 1.78605710994918 71.7 10.1739864360043 91305 159.671224708775 157601.3 210.852815964122 0 0 0 0 54394.4 217.043405797089 103206.9 304.651259639608 
