#1 Nodes,             #2 AvgThroughput,               #4 totalBKThroughput, 
#6 totalBEThroughput,   #8 totalVIThroughput,           #10 totalVOThroughput,
#12 totalCollisions,    #14 totalBKCollisions,          #16 totalBECollisions,
#18 totalVICollisions,  #20 TotalVOCollisions,          #22 totalInternalCollisions,    
#24 totalBKIntCol,      #26 totalBEIntCol,              #28 totalVIIntCol,
#30 totalVOIntCol,      #32 overallFairness,            #34 BKFairness,
#36 BEFairness,         #38 VIFairness,                 #40 VOFairness,
#42 avgTimeBtSxTxBK,    #44 avgTimeBtSxTxBE,            #46 avgTimeBtSxTxVI,
#48 avgTimeBtSxTxVO,    #50 qEmptyBK,                   #52 qEmptyBE,
#54 qEmptyVI,           #56 qEmptyVO                    #58 totalDropped,
#60 droppedBK,          #62 droppedBE                   #64 droppedVI,
#66 droppedVO
2 19995310 31814.1619408716 7989457 19505.4038922551 5994111.5 19279.6019862963 3008966 9236.87144004938 3002778 16107.9600198163 5671.5 95.3380826322829 0.04932359 0.00105605796048323 0.043650815 0.000867596265710613 0.039833195 0.000903746362357823 0.037264785 0.00123243029996629 3477.2 67.8613291941736 2294.05 58.5384275497728 924.9 31.9106565272481 258.25 18.4224726896256 0 0 3.3930285 0.00412329998302326 0.99999305 1.0599410360952e-05 0.9999842 1.98559814665431e-05 0.99997675 2.47242290071848e-05 0.9999702 4.27604957875777e-05 0.001197616 5.81176513634194e-06 0.0008562987 3.70666984097585e-06 0.00053682 1.64659469815738e-06 0.00039789245 8.88568650977515e-07 39091.8 303.430980619976 48704.1 156.811000889606 32561.7 87.6887107899301 33420.55 179.106804728352 0 0 0 0 0 0 0 0 0 0 
3 23695485 13066.5326311153 5699047 26439.7912435027 8984600.5 19002.981470022 4501745.5 14020.8910112731 4510092.5 13045.9123387366 21153.3 108.934888809784 0.16327355 0.00116463133544483 0.12683165 0.000859762715811753 0.1113154 0.00149874198580009 0.10548615 0.0013148785980082 7119.5 87.0910443157045 3674.45 76.7818175090952 2722.95 67.8988033767901 722.1 25.7874000240427 0 0 3.650314 0.00248127064223147 0.9999109 8.26667405913533e-05 0.99998325 1.79133330231976e-05 0.9999609 3.61343327045136e-05 0.9999672 3.45927738118723e-05 0.004312461 2.00434712313011e-05 0.001685618 5.71084196944722e-06 0.00083906035 3.17874043097262e-06 0.0005449301 1.91878461271712e-06 6 3.286335345031 40353.3 319.483192046154 45530.8 147.6467405668 48526.15 136.592194140075 0.2 0.509901951359279 0 0 0 0 0.1 0.3 0.1 0.435889894354067 
4 23927375 16520.9223410801 1803686.5 23984.224247409 10119430 37644.5626883883 6005620 14573.3832722536 5998628.5 18656.3204504532 36388.25 196.332339414575 0.26566305 0.00221647798263371 0.2151112 0.00115129629548609 0.187599 0.00173691669345424 0.1811804 0.00193916849190574 8787.6 95.8339188387911 2147.35 39.9152539763935 5069 65.7791760361894 1571.25 37.4871644699889 0 0 3.221425 0.00783617476834202 0.9989218 0.000818747189308161 0.99993305 4.6080879982912e-05 0.9999544 3.37318840268327e-05 0.99994625 6.12975325767638e-05 0.01818961 0.000241220220752739 0.0032373685 1.19124033154523e-05 0.001245923 6.87717827310009e-06 0.0007539684 2.9018569985442e-06 1.7 1.61554944214035 39.9 28.8494367362692 55297.55 141.27047639192 61710.35 197.140628739994 8.45 3.05736814924209 0 0 0 0 1.65 1.06183802907977 6.8 2.82134719593318 
5 23564280 18259.589261536 1011933.3 17369.5598018488 7565107 43449.9070309707 7500225.5 19513.5715528962 7487000.5 17595.9706964407 48101.15 245.668124712996 0.3189033 0.00288038148688676 0.2731896 0.00126832327897898 0.25090995 0.00132481374068206 0.2433062 0.00180252019683553 9459.9 95.0804396287691 1282 30.737599125501 5358.05 72.5172220924106 2819.85 53.9048003428266 0 0 3.2550095 0.0043682118481136 0.99734425 0.00218978747541857 0.9996967 0.000220651784493112 0.9999607 1.68822391879735e-05 0.9999526 2.96654681405688e-05 0.0405989 0.000755358040931583 0.0054157345 3.13705658978286e-05 0.0016646895 7.44879216719056e-06 0.0009638058 4.57864970924835e-06 1.05 0.864580823289529 8.6 4.43170396123207 62138.1 171.992121912604 73571.75 194.991506225271 58.85 6.35826234123758 0 0 0 0 8.85 2.70693553672783 50 6.83373982530795 
6 22607155 32309.2010888539 447242.2 12818.3959238276 4183760 53319.3585857895 9010863.5 17473.2590763715 8965288 26441.1765245043 67440.9 496.303526080563 0.36690815 0.0039290605782426 0.346296 0.00175069440508616 0.3453585 0.00259380746201409 0.33913635 0.00263202221257724 11098.45 177.755302311914 611.15 21.24917645463 4675.35 63.9361204641007 5811.95 152.935435723707 0 0 2.8504325 0.00914138932274519 0.99010185 0.00538450535587995 0.9992961 0.000526568694473962 0.99995425 2.29060581506417e-05 0.9999585 2.16760236205875e-05 0.1111128 0.00338006024502523 0.01175797 0.000151025107515274 0.002546101 2.58404043892505e-05 0.001395057 1.20787640510112e-05 0.7 0.640312423743285 4.55 2.2017038856304 57317.95 544.944352663646 79890.85 252.08535756763 398.35 29.4758799699008 0 0 0 0 37.7 8.03181175078201 360.65 28.5924378114214 
7 18365225 39642.5513179967 3223.552 828.273589737111 226177 7807.20836150797 8042675.5 49427.413393278 10093145 16833.1659232599 131196.5 506.83187547746 0.68174815 0.0656044518087568 0.62678345 0.00658363815435659 0.58199425 0.00153871910610742 0.56605465 0.0019055161577641 19840.75 112.494833214686 16.9 5.1662365412358 1273.85 39.797330312472 18550 121.149907139874 0 0 2.024269 0.00246197867578091 0.6698717 0.14611299658658 0.98661305 0.00602118938811097 0.99994285 2.52473265911428e-05 0.9999547 2.09740315628677e-05 35.36413 12.969240156929 0.25742805 0.00910327299093573 0.007127289 4.34482969631722e-05 0.003311313 2.35203554607493e-05 0.6 0.58309518948453 3.75 2.96437177155633 54.5 31.2209865314983 52079.9 541.237646510292 5108.65 116.534662225451 0 0 0 0 224 12.1737422348266 4884.65 112.212866909281 
8 14939750 62188.1942172307 192.512 130.237342479029 38100.995 2809.61945082871 4397800.5 46673.0148453043 10503655 23096.7849494253 176213.25 796.81019540415 nan nan 0.78340485 0.00736275583103907 0.72416125 0.00193480285494414 0.69728185 0.00226865030965549 26422.75 153.897002894793 2.8 2.08806130178211 508.95 24.497908073956 25911 171.011987883891 0 0 1.7211405 0.00502661066226536 0.24204365 0.14704973928956 0.95436675 0.0258130136808452 0.9998561 5.94717580032729e-05 0.9999513 2.24590738900762e-05 97.80987 4.08611529696606 1.8246545 0.141066198023304 0.014903535 0.000159022851423938 0.0058461305 6.33896116469411e-05 0.3 0.458257569495584 2.55 1.11691539518443 16.45 7.10967650459569 8980.25 1189.27220916828 18139.95 345.815337282776 0 0 0 0 61.2 9.22821759604746 18078.75 352.066595262885 
9 13411940 16235.4365509524 61.44 62.7904909998321 18927.61 1610.40405671993 3651198.5 15205.1396820286 9741755 16576.5622189886 195743.7 191.243588127811 nan nan 0.8392335 0.00809207267330194 0.77666905 0.000958413766334777 0.7477861 0.000475496572017078 28657.6 182.871375562169 0.85 0.852936105461599 363 17.3637553541853 28293.75 192.615127910556 0 0 1.66178 0.00251533894336331 0.08333325 0.0851649688169232 0.92059235 0.0392352684268567 0.99975095 0.000148175731818679 0.99990975 2.84339146091399e-05 99.997915 0.000481949167442978 4.304133 0.407243950649976 0.020195715 8.42251403976271e-05 0.0075637855 1.26607663571365e-05 0.4 0.58309518948453 1.85 1.19478031453485 12.25 5.01871497497118 102.75 32.0060541148077 26956.75 108.734941486166 0 0 0 0 0.6 0.8 26956.15 108.502661257685 
10 12384680 18664.4474871345 36.864 40.7546854238872 13119.48 877.442530653717 3305628 13495.9322019637 9065893.5 22211.6332751556 208762.35 218.404275370241 nan nan 0.86634065 0.0069873118455884 0.80898845 0.000727011793233101 0.7791003 0.000572089949221273 29985.7 196.268464099559 0.35 0.653834841531101 289.25 19.7784605063185 29696.1 191.896821234746 0 0 1.646983 0.00289570561349041 0.045 0.049749371855331 0.9164932 0.0361781730074917 0.99974685 0.000116018651517767 0.99991055 3.81031166704208e-05 99.997675 0.000663230729083641 6.996202 0.688338755734413 0.02478578 0.00010136072020265 0.0090335435 2.23488845974467e-05 0.4 0.489897948556636 1.75 1.29903810567666 10.95 3.07367857786074 59.25 15.5559474156992 33922.7 110.766466044557 0 0 0 0 0.3 0.556776436283002 33922.4 110.841508470428 
11 11466070 24055.0431302877 57.344 78.1466993800762 8957.951 1010.730969714 2998240 13425.0541898348 8458825 30700.9192859106 220383.9 282.421475812304 nan nan 0.89087535 0.00956623527452152 0.83593965 0.000605525744704545 0.8054895 0.000709627261313988 31466.65 138.193804130287 0 0 243.8 17.1976742613645 31222.85 145.390947104694 0 0 1.6321215 0.00363952644584428 0.05757574 0.0676917941376678 0.8755147 0.0424194473786493 0.99973895 0.000121894001082904 0.99987865 4.77684781001045e-05 99.770265 0.990792788263521 12.4153195 2.91700639314088 0.030060665 0.000133883226264532 0.010651925 3.86674136062911e-05 0.55 0.973396116696589 1.3 0.781024967590665 7.4 3.48425027803687 37.1 11.0040901486674 41076.6 145.069086989613 0 0 0 0 0.3 0.556776436283002 41076.3 145.068294261703 
12 10662965 13943.2160924229 24.576 37.5404600930782 5992.448 668.677488492023 2730837 12918.607935842 7926100 15787.8218890384 230544 168.400415676447 nan nan 0.9134424 0.00854049866459799 0.8582923 0.000650026930211361 0.82754655 0.000331949766531016 32862.15 145.259517760455 0.1 0.435889894354067 203.5 13.3360413916574 32658.55 138.389116262804 0 0 1.6175205 0.00291949563281057 0.02499999 0.0381881155160464 0.8391528 0.054744312992858 0.999624 0.000103598262533694 0.9998661 4.42977426061318e-05 99.997525 0.000588111384009204 21.919685 4.42956827944609 0.036009045 0.00016944630853164 0.01240176 2.49437447068398e-05 0.3 0.458257569495584 1.15 1.06183802907977 7.15 2.83328431330144 33.5 9.42602779541839 48245 90.0166651237425 0 0 0 0 0.55 0.973396116696589 48244.45 90.0213724623214 
13 9959915 20990.549659311 16.384 32.768 4190.208 645.7016298694 2486427.5 11142.6562699385 7469277 20481.6440013979 239442.65 245.963061251075 nan nan 0.9293192 0.00914414464889966 0.8772749 0.000539689623765364 0.84589685 0.00043323195576964 34357.35 164.224320671452 0.05 0.217944947177034 165.85 14.1466427112584 34191.45 162.647924979079 0 0 1.600373 0.00277170903956387 0.01538462 0.03076924 0.7779087 0.0772621866129221 0.9995384 0.00014232652598867 0.9998176 6.14234482913552e-05 99.997615 0.000562383321231529 36.815175 7.07310969827805 0.04284831 0.000194363934154462 0.014258455 3.90812291899831e-05 0.2 0.4 1.05 0.864580823289529 6.5 2.03715487874634 25.8 7.83326241102646 55421.85 119.412007352695 0 0 0 0 0.4 0.489897948556636 55421.45 119.501663168343 
14 9334113.5 16187.5548724939 53.248 59.4978367337839 2752.512 473.721480636038 2269024.5 12569.5980345435 7062283 17444.1741277711 247350.55 191.202111651519 nan nan 0.9467019 0.0085299954683458 0.89327065 0.00057175040664612 0.86155425 0.000355847702676304 35902.8 217.376539672523 0 0 139.8 15.0485879736273 35763 224.077218833151 0 0 1.5830425 0.0033396494950818 0.04642856 0.051877961582568 0.64279745 0.084385610531343 0.99946135 0.000163219874708918 0.9998049 9.07765938995253e-05 99.997585 0.000626318609016672 58.025195 7.70922917531156 0.050569815 0.000278776342746295 0.01624022 4.00646053268968e-05 0.5 0.591607978309962 0.7 0.9 6.9 1.67032930884901 26.45 6.32040346813398 62470.2 114.125632528368 0 0 0 0 0.35 0.476969600708473 62469.85 114.061507529929 
15 8817057.5 17683.2064046654 24.576 37.5404600930782 1957.888 439.55252184011 2089861.5 8212.34514313664 6725214.5 17023.1370419791 253925.85 210.400160408684 nan nan 0.95623575 0.00802940802846014 0.9061686 0.00035050069900073 0.87439625 0.00031059795153864 37571.45 180.159228184404 0 0 122.45 9.92207135632475 37449 179.775137324381 0 0 1.567101 0.00226332255765722 0.02000001 0.0305505199082913 0.58822545 0.0906343391863564 0.9993312 0.000250718886404659 0.9998034 6.83728016099902e-05 99.99773 0.000439431450854965 72.409705 9.00297579850546 0.058834485 0.000232305101698176 0.018272775 4.60061830083742e-05 0.25 0.433012701892219 0.85 0.963068014212911 5.6 2.03469899493758 22.2 5.34415568635495 69348.95 106.295096312107 0 0 0 0 0.5 0.806225774829855 69348.45 106.116669284331 
16 8357801.5 18000.6833967491 45.056 54.8007451044235 1527.808 384.478933331854 1924300.5 7704.62684041219 6431927.5 17899.1368157797 259762.95 211.892301653458 nan nan 0.96199155 0.00905226805543781 0.91739525 0.000329112423800743 0.88539935 0.000328681042197436 39143.95 154.54755740548 0 0 106.1 6.79632253501848 39037.85 157.516118222866 0 0 1.549319 0.00250378693182947 0.034375 0.0418096505008114 0.50358935 0.0865827463483776 0.99915165 0.000255148834016543 0.9997488 8.14528084230423e-05 99.997575 0.000390992327289479 80.85181 7.41971569643339 0.06816788 0.000275918699257589 0.020381075 5.72072099913987e-05 0.3 0.458257569495584 1 0.774596669241483 5.5 2.17944947177034 20.6 4.56508488420533 76117 116.407044460376 0 0 0 0 0.65 0.57227615711298 76116.35 116.482734772154 
17 7976881.5 20588.51846904 32.768 54.3395805651829 1105.92 308.154251244405 1782068.5 13724.1503471071 6193676.5 14428.2193201379 264631.3 243.064826743813 nan nan 0.96864 0.00757737083030782 0.92672245 0.000541245736703781 0.8945069 0.000263013288637674 40801.05 226.069121066987 0 0 86.7 8.77553417177553 40714.35 222.630248394058 0 0 1.531412 0.00362762125917247 0.020588225 0.0336632865279354 0.40191335 0.0796001251432905 0.9991501 0.000267230406204076 0.999737 7.92369863132083e-05 99.850545 0.641204468539483 88.717665 5.30538973943244 0.07821285 0.00059583516051002 0.02248845 5.18335653799736e-05 0.25 0.622494979899437 0.8 0.6 4.75 1.8405162319306 18.35 3.69154439225644 82694.9 128.497042767528 0 0 0 0 0.4 0.489897948556636 82694.5 128.292829105917 
18 7650226 17805.2459685341 32.768 54.3395805651829 774.144 302.633147794487 1667678 10566.3501740194 5981741.5 19757.0542528485 268817.3 212.48884676613 nan nan 0.97488875 0.00950369519121378 0.93426615 0.000384399437434557 0.90240155 0.000332272399545917 42538.7 190.299789805454 0 0 80.55 9.30846389046012 42458.15 189.976649880979 0 0 1.517183 0.00367620606060108 0.02222222 0.0368513677988158 0.33389625 0.0834824349698037 0.99906795 0.000333960248382941 0.99970635 9.07668854814379e-05 99.997675 0.000484639040937275 93.9555 4.61440064450412 0.08850008 0.000563023056011029 0.024655845 8.21472548232744e-05 0.3 0.556776436283002 0.8 0.6 4.95 1.85674446276271 19.75 5.53059671283307 89116.95 115.445863936306 0 0 0 0 0.4 0.58309518948453 89116.55 115.425506280025 
19 7390822.5 16224.4561927357 36.864 40.7546854238871 647.168 213.464092193512 1562370 9801.63812839466 5827769 18870.31634605 272179.9 194.67714298294 nan nan 0.9770835 0.00770970434258021 0.9407879 0.000320195549625529 0.9087941 0.000279222832160977 44168.5 192.642285077809 0 0 71.7 7.38985791473693 44096.8 192.418190408288 0 0 1.499963 0.00367052462190353 0.02368422 0.0261838903974104 0.302758 0.0864685478997999 0.99902935 0.000415166264886742 0.9996802 9.97424683873327e-05 99.99764 0.0005314132102227 96.33477 2.49369921845037 0.099717595 0.000622371023968019 0.02671447 8.52419151591517e-05 0.35 0.476969600708473 0.65 0.653834841531101 4.3 1.552417469626 15.2 3.32565782966318 95324.55 136.512444487673 0 0 0 0 0.15 0.357071421427142 95324.4 136.429615553222 
20 7164735 14939.3555751244 32.768 47.7671579225727 401.408 193.684937400924 1474093.5 13011.1149695174 5690208.5 16171.587514836 275117.85 172.791861787527 nan nan 0.98404215 0.00769307580409162 0.94627025 0.000449468338706965 0.91442925 0.00024539699977791 45851.35 181.554199896339 0 0 59.35 6.16664414410301 45792 181.921411604022 0 0 1.485126 0.00441387969931216 0.02 0.0291547594742265 0.1764691 0.0685169343563327 0.9987382 0.000318814773810744 0.99966525 0.000109459981271687 99.997585 0.000467199101027023 97.872125 1.81541498943768 0.1112897 0.000985909787962367 0.02880057 8.32784311811888e-05 0.35 0.57227615711298 0.85 1.01365674663566 4 1.97484176581315 16.45 3.33878720495931 101457.6 143.904621190565 0 0 0 0 0.4 0.66332495807108 101457.2 143.54044726139 
21 6992118 18904.5810850175 40.96 60.7534980062877 372.736 182.214462828833 1397273 10698.340572257 5594431.5 15911.5144706593 277395.5 223.397515653151 nan nan 0.98445435 0.00795971641627388 0.9508844 0.000397443505419319 0.91905055 0.000234678178576527 47684.45 252.983887826873 0 0 57.75 6.36297886213682 47626.7 254.495992109895 0 0 1.4697385 0.00349425710988759 0.0238095 0.0353151955757008 0.162312135 0.0732467176738199 0.9988094 0.000335076916543046 0.99962205 0.000113040910735907 99.99769 0.000421781934179248 97.93364 2.30559114358986 0.123266 0.000961127775064273 0.03075968 8.77423193219782e-05 0.4 0.734846922834953 0.6 1.06770782520313 3.45 1.9615045245933 16.65 4.16263137930805 107323.95 139.061667975039 0 0 0 0 0.4 0.58309518948453 107323.55 139.106964239753 
22 6842855 21286.9846385062 36.864 54.8007451044235 286.72 133.356098323249 1336336.5 12289.2511061496 5506196.5 21052.7191296041 279377.6 250.665195031141 nan nan 0.98682495 0.00604169748063406 0.95471675 0.000410182017523928 0.92321345 0.000290931688717461 49414.25 212.199405041579 0 0 50.6 7.21387551874857 49363.65 207.072034567684 0 0 1.4578995 0.00446504700423187 0.020454535 0.03040701130952 0.13738456 0.0631834583201126 0.9985333 0.000462137760846269 0.99962675 9.88422354057127e-05 99.997655 0.000625679630482199 99.20146 1.08393923464372 0.13506765 0.00125104421484614 0.03274106 0.000124785004708098 0.35 0.653834841531101 0.7 0.640312423743285 3.55 1.8296174463532 16.6 4.15210789840534 113177.65 136.639406834193 0 0 0 0 0.6 0.489897948556636 113177.05 136.625208142568 
23 6756786.5 21986.6719343788 32.768 47.7671579225727 274.432 127.634935405633 1288838.5 11953.3272669161 5467640 21890.648688424 280594.5 254.956761039985 nan nan 0.985686 0.00694254237293514 0.95778385 0.000384554843292863 0.9263865 0.000317833053661832 51138.5 245.411593043198 0.05 0.217944947177034 48.85 5.85896748582888 51089.6 246.256248651684 0 0 1.4460995 0.00445600434806789 0.017391315 0.0253519738570841 0.12168546 0.0553497816276577 0.9983447 0.000581158506777628 0.9996095 0.000110407653720206 99.997625 0.000424116729214594 99.272575 1.12252939109629 0.1464381 0.00139408213172683 0.034471445 0.000138171919994621 0.3 0.458257569495584 0.75 0.766485485837795 4.05 1.5644487847162 15.15 4.07768316572046 118639.55 165.293519231699 0 0 0 0 0.6 0.58309518948453 118638.95 165.493345787678 
24 6676543 19706.0808127847 16.384 41.7711678553521 151.552 86.9857713422143 1245274 8685.69939613385 5431098.5 17203.2480290787 281723.3 228.413900627786 nan nan 0.9914645 0.00485189049237511 0.9605441 0.000297792024742099 0.92934845 0.000239881944922915 52817.25 240.058508493242 0 0 41.65 5.57023338828814 52775.6 239.720128483196 0 0 1.4350435 0.00294229548991941 0.006250005 0.0148779877951783 0.07458333 0.0428559369347597 0.998369 0.000447106698674943 0.9995752 0.000115910568974542 99.893455 0.454026573533973 99.8927 0.453945244495413 0.1581406 0.00109310714936826 0.036212925 0.000114377099434284 0.15 0.476969600708473 0.6 0.734846922834953 3.75 1.54515371403624 16.05 4.46626241951814 124212.2 164.019389097753 0 0 0 0 0.55 0.58949130612758 124211.65 164.107670448398 
25 6635331.5 12264.717393809 16.384 41.7711678553521 135.168 94.3859189498095 1214819.5 9667.59198301211 5420359 12091.6288811723 282380.6 144.436975875293 nan nan 0.99158905 0.00568695914769044 0.96272245 0.00028112354490508 0.9317266 0.000164170155631293 54594.9 210.217006923798 0 0 37.55 5.37098687393667 54557.35 208.455576802349 0 0 1.4261135 0.00345523121512875 0.008 0.0203960780543711 0.05693335 0.0398332286191755 0.99809395 0.00058055477562414 0.9995396 0.000118685887956407 99.99771 0.00034336569426764 99.596965 0.800057605597871 0.16890945 0.00132368272161421 0.037797955 8.52351070568929e-05 0.2 0.509901951359279 0.7 0.640312423743285 3.9 1.51327459504216 14.75 4.67840784883063 129413.6 148.827551212805 0 0 0 0 0.45 0.49749371855331 129413.15 149.093351629105 
26 6598840.5 20196.7147019014 40.96 54.9536066150348 143.36 115.489768897509 1187614 11130.8294389951 5411042 20228.310013444 282962.5 236.244470834769 nan nan 0.99165515 0.0065411773196803 0.9646756 0.000322296819717477 0.9340088 0.000262131379273816 56287.6 172.942302517342 0 0 34.95 7.01052779753422 56252.65 172.438184576387 0 0 1.418099 0.00419146263254249 0.01923076 0.02580078091567 0.062252755 0.0475740150835882 0.9982097 0.000467647099852022 0.99951825 0.000120622914489736 99.99772 0.000328024389335634 99.804835 0.576961973855297 0.1796712 0.00171689017121073 0.039378875 0.00014669952581723 0.4 0.58309518948453 0.45 0.668954408012983 4.85 2.19715725427198 15.15 3.66435533211505 134818.7 158.444343540563 0 0 0 0 0.75 0.887411967464942 134817.95 158.573476659875 
27 6599767 11088.7037565263 8.192 24.576 126.976 65.9188815439097 1168494.5 9674.19995400136 5431136 12363.205652257 283100.75 129.094103273542 nan nan 0.9917208 0.00442626410870385 0.966237 0.000267674989492858 0.93573335 0.000153875038586499 58074.6 191.825285090365 0 0 34.15 5.03264344057872 58040.45 192.692105442854 0 0 1.4105345 0.0037269444253973 0.0037037 0.0111111 0.05333334 0.0271762192198326 0.9978828 0.000475805065126471 0.999518 0.000142813164659289 99.997745 0.000287184609613826 99.81191 0.555436833402322 0.1896948 0.00158518956595103 0.040741595 9.01348793475648e-05 0.1 0.3 0.55 0.668954408012983 3.6 1.8 16 4.52769256906871 139827.5 152.268348648037 0 0 0 0 0.6 0.734846922834953 139826.9 152.039106811373 
28 6598939.5 22061.7158160919 20.48 43.9247064873517 122.88 91.5893443583914 1149395.5 8438.06937338157 5449399.5 21513.5342226702 283241.6 255.501741677038 nan nan 0.9916244 0.00621003118671717 0.96773185 0.000235189131339022 0.937379 0.000265689856787936 59773.25 190.44155927738 0 0 32.3 5.84037670017954 59740.95 192.047774004283 0 0 1.403141 0.00320008734255798 0.008928575 0.0191496599719388 0.05178574 0.0398898494838023 0.99789265 0.000595589898755847 0.99949905 0.000118637041011657 99.997685 0.000243464576478518 99.90779 0.389293458588763 0.1999844 0.0014542888777681 0.042110335 0.000166843181685678 0.2 0.509901951359279 0.65 0.852936105461599 3.65 1.38834433769148 14.25 4.10944035119139 144857.65 190.767469711164 0 0 0 0 1.45 0.973396116696589 144856.2 190.757070642218 
29 6615621.5 15560.582661006 40.96 60.7534980062877 122.88 91.5893443583914 1142693.5 10054.6662177319 5472763.5 17190.0914119152 283170.95 180.921384860939 nan nan 0.99127195 0.00677003682024699 0.9687908 0.000263096484203028 0.9388725 0.000205938947263506 61691.4 183.085335294774 0 0 31.4 6.13514466007119 61660 183.964398729754 0 0 1.3992745 0.00385643031182982 0.017241385 0.0255730985800954 0.04926109 0.0317342073104702 0.9977032 0.000658503272581092 0.9993954 0.000162584562612819 99.997625 0.00035759614091768 99.91077 0.375776356494125 0.20838785 0.0018322925605645 0.04343277 0.000138626718564641 0.35 0.653834841531101 0.55 0.973396116696589 4.1 1.72916164657906 13.65 3.83764250549735 149843.4 191.804953012168 0 0 0 0 0.9 1.13578166916005 149842.5 191.615891825287 
30 6645890.5 16471.6639945696 20.48 35.4724005390106 131.072 111.121694443524 1132232 10842.2800185201 5513507.5 18923.2462529556 282932.3 188.674614084672 nan nan 0.99126775 0.00747778424317658 0.96988685 0.000279744754195679 0.9400915 0.000212052469921951 63192 267.580828909696 0 0 29 3.59165699921359 63163 266.724389585954 0 0 1.3932155 0.00419802629219972 0.008333325 0.0144337422959839 0.05333328 0.0452154511448974 0.99745215 0.000658550398602864 0.99940065 0.000146992610358487 99.997735 0.000402833712592073 99.996945 0.000395569210127745 0.21761755 0.00212354963386778 0.044597675 0.000153907501035525 0.15 0.357071421427142 0.6 0.8 3.3 1.4525839046334 16.2 4.44522215417857 154730.9 173.078565975109 0 0 0 0 0.75 0.82915619758885 154730.15 172.974644095601 
31 6680121.5 16764.5686717553 36.864 60.615264612142 122.88 98.6447427894665 1131487 6781.45050855641 5548474 17321.5263184282 282638.8 192.78475043426 nan nan 0.99088715 0.00822862446144555 0.97069775 0.000173644428358635 0.94128875 0.000204202320016203 64924.35 246.292158827682 0 0 28.75 4.76313972081441 64895.6 247.869199377414 0 0 1.390806 0.00270569843108948 0.01451613 0.0238687828773505 0.04838708 0.038843792401407 0.99746515 0.000566797607175598 0.99948045 0.000108141793493553 99.99773 0.00031160872901635 99.99699 0.000445982062420356 0.22500815 0.00134876470427573 0.04579034 0.000140860588526387 0.4 0.734846922834954 0.55 0.668954408012983 3.15 1.49248115565993 15.35 4.82985507028938 159556.6 203.80809601191 0 0 0 0 1.2 1.0770329614269 159555.4 203.375121389023 
32 6714639 18342.886604894 36.864 48.2911277979713 106.496 118.995673467568 1128242.5 7436.31082930239 5586251.5 18265.1885495332 282335.35 212.907556230398 nan nan nan nan 0.9714883 0.000182669400831123 0.9423958 0.000196017499218814 66733.5 199.321223154987 0 0 28.15 4.26936763467378 66705.35 199.75942405804 0 0 1.3872125 0.00289703792691775 0.0140625 0.0184216033164869 0.03640625 0.03654079216694 0.9972114 0.000666674538286853 0.9993985 0.000163112691106483 99.997665 0.00030045798375084 99.841 0.46886677105549 0.23299485 0.00151699068141502 0.04695174 0.000153732310852338 0.35 0.57227615711298 0.4 0.58309518948453 2.6 1.42828568570857 15.3 3.31813200460741 164366.35 139.538265361155 0 0 0 0 1.05 1.07121426428143 164365.3 139.490895760261 
33 6766621 13356.0064764884 32.768 40.1324399457596 106.496 93.7617255813906 1127364 7365.00604208849 5639118.5 12438.9727369265 281823.85 155.108760229718 nan nan 0.9922588 0.00693824491928615 0.97220075 0.00017226429548807 0.9432927 0.000135451135100457 68282.25 207.187565987923 0 0 27.1 4.19404339510215 68255.15 206.641785464605 0 0 1.383652 0.00257579618758938 0.0121212 0.0148453775351117 0.037575755 0.0328393236246649 0.9972359 0.000655955707346173 0.99945275 0.000157762757011911 99.99764 0.000406693988152849 99.92127 0.330168476841747 0.24045625 0.00156652178009117 0.047962215 0.000105046076913895 0.3 0.458257569495584 0.5 0.670820393249937 2.75 1.60857079421454 14.8 4.10609303352956 169130.35 157.465639108981 0 0 0 0 0.95 0.920597631976098 169129.4 157.291576379665 
34 6815203 18717.3967474112 57.344 69.0270189418607 98.304 66.5521226107778 1128627.5 11494.8096439219 5686420 18830.9059792672 281343.9 215.522597423101 nan nan nan nan 0.9728153 0.000271476905095088 0.94417285 0.000199875029706067 70016.1 302.653911258388 0 0 25.35 4.75683718451662 69990.75 303.432179407524 0 0 1.381079 0.00407696198167214 0.020588235 0.0247827846194748 0.03352942 0.0210535522814702 0.99734975 0.000675339905158877 0.99943095 0.000128399172505125 99.997705 0.000310604249810799 99.92347 0.320510090480784 0.24745505 0.0024884507323835 0.04900614 0.000164828151115032 0.65 0.852936105461599 0.5 0.591607978309962 3.15 2.30813777751676 13.6 3.46987031457949 173768.8 184.872821150109 0 0 0 0 1.05 0.973396116696589 173767.75 185.28110400146 
35 6859986 14189.054725386 45.056 60.615264612142 135.168 86.9857713422143 1131229.5 8235.12323830069 5728575.5 14380.4333992408 280910.85 164.343930523765 nan nan 0.98871425 0.00799950402759446 0.97337095 0.00019653663144565 0.9450637 0.000151312623399368 71720.6 271.609904090407 0 0 24.1 4.66797600679352 71696.5 272.146927228657 0 0 1.3792865 0.00297695360225855 0.015714285 0.021140934806443 0.045714305 0.0305059832205008 0.9973067 0.000620484737926724 0.99942345 0.000114815711032939 99.99762 0.000378945906431108 99.92548 0.311312771340978 0.25414525 0.00188687898061853 0.050076325 0.000126844246519107 0.35 0.57227615711298 0.75 0.942072184070839 2.45 0.973396116696589 14.7 3.67559518989782 178450 162.122792968786 0 0 0 0 1.3 1.05356537528527 178448.7 162.388761926434 
36 6921241 16615.9868500189 32.768 40.1324399457596 98.304 88.2305402000917 1133026.5 8651.88781422875 5788082.5 16755.6506513474 280276.75 191.775096141287 nan nan nan nan 0.9739038 0.000192585201923724 0.9457303 0.000176750700140051 73445.6 259.813856443416 0 0 26.75 3.67253318569077 73418.85 258.570739837283 0 0 1.376193 0.00310917368443772 0.01111112 0.0136082872354165 0.031666675 0.0279494627148694 0.99710935 0.000629436039244655 0.9994197 0.000101112857738262 99.997655 0.00025588083163838 99.92773 0.302675354298957 0.26104625 0.00200687682419724 0.050977995 0.000147242020072396 0.3 0.458257569495584 0.4 0.66332495807108 3.65 1.68151717208002 14.7 4.30232495285979 182961.95 202.7122282942 0 0 0 0 1.15 0.963068014212911 182960.8 202.812622881319 
37 6981160.5 19105.762082419 53.248 53.5621502182278 65.536 71.4162002909704 1145028.5 7882.42746557176 5836014 19654.2833499469 279654.85 222.558368748515 nan nan nan nan 0.9741946 0.000174516016456952 0.9464643 0.000201238192200191 75161.1 208.706228943939 0 0 23.95 4.14095399636364 75137.15 210.732597146241 0 0 1.3769555 0.00295897697692971 0.016216205 0.0157593256911099 0.02162162 0.0235616256147066 0.99711795 0.000729456131306065 0.9993949 0.000176466115727652 99.930045 0.294419672364128 99.997035 0.000358154994380385 0.2654793 0.00173252919455921 0.051965175 0.000175404058889754 0.55 0.58949130612758 0.4 0.66332495807108 3.1 1.33790881602597 14.95 3.18551408723929 187433.95 251.944532586044 0 0 0 0 0.9 1.04403065089106 187433.05 252.162343540823 
38 7043527.5 17815.3537363141 49.152 60.1986599186394 135.168 97.8764033666951 1145167.5 7485.7490440169 5898173.5 16743.9449578049 279007.5 209.662228357899 nan nan nan nan 0.97471575 0.000160886567183226 0.9470376 0.000159186494402003 76710.95 224.048315101899 0 0 22.75 4.02336923485777 76688.2 223.69948591805 0 0 1.373263 0.00253664956192216 0.01447369 0.017604070410388 0.03996241 0.0255641979441151 0.9971734 0.000745611185538404 0.9993404 0.00018396749712925 99.931735 0.28677790583481 99.86545 0.394750119062679 0.2726029 0.00184116267342134 0.05280973 0.000149326019500956 0.55 0.668954408012983 0.7 0.781024967590665 3.6 2.03469899493758 14.15 3.29051667675458 191902.2 152.640296121306 0 0 0 0 1.9 1.22065556157337 191900.3 152.090137747324 
39 7091253.5 16410.2249451371 45.056 48.2911277979713 98.304 88.2305402000917 1148240 9801.31470773182 5942870.5 20630.764521704 278523.65 192.03834903477 nan nan nan nan 0.9751578 0.00020599771843396 0.94775425 0.000191480253551122 78293 260.597582490705 0 0 19.25 3.1603006186121 78273.75 260.414069320381 0 0 1.3715845 0.0038235147116233 0.014102555 0.0151151588791675 0.02820513 0.0267700301482105 0.99739835 0.000704718190129919 0.99934335 0.000172361038230804 99.997725 0.000356195171220178 99.86886 0.384720198845864 0.2789731 0.00244436404612734 0.05379194 0.000187836608253024 0.5 0.5 0.7 0.842614977317636 3.3 1.95192212959431 15.55 3.72122291726792 196509.2 204.318525836499 0 0 0 0 1.05 0.920597631976098 196508.15 204.23644997894 
40 7151608 14681.1248206668 69.632 94.3859189498095 98.304 102.318047205759 1153854.5 9044.28243422329 5997584.5 14679.8322452949 277892.75 170.686811148372 nan nan nan nan 0.97551845 0.000180645917473922 0.9483184 0.000145480032994223 79890.4 221.227123111069 0 0 17.8 4.01995024844836 79872.6 221.270513173355 0 0 1.369975 0.0030443726775807 0.02125 0.0288042965545073 0.0275 0.0272717802865893 0.99666935 0.000643552816402823 0.9992685 0.000142202144850227 99.99774 0.00032771939216239 99.872005 0.544955467423715 0.28493785 0.00224352384152698 0.054671445 0.000134323034044798 0.6 0.969535971483266 0.6 0.916515138991168 3 1.54919333848297 14.75 3.73998663099215 200848.7 227.116732100477 0 0 0 0 1.15 0.963068014212911 200847.55 226.766504360763 
41 7208046.5 12792.5444204818 73.728 89.3641696430958 90.112 103.297189584228 1161638.5 11723.7013246671 6046245 16918.2338026166 277304.25 149.136137471774 nan nan nan nan 0.97582215 0.000233904526463259 0.94891985 0.000152928831487072 81582.2 341.657664922068 0 0 18.2 4.6 81564 339.705166283941 0 0 1.369635 0.0041368025091851 0.0207317 0.0258984932229657 0.025087095 0.0259248415124852 0.99672195 0.000733976666863458 0.99936265 9.49285389121693e-05 99.93668 0.265911270163563 99.936125 0.265875794074979 0.2901057 0.00289485910019814 0.05558237 0.000156945322007379 0.85 1.06183802907977 0.55 0.739932429347437 2.75 2.3425413550245 14.7 4.41701256507155 205266.45 233.62501471375 0 0 0 0 1.6 1.35646599662505 205264.85 233.893410552756 
42 7258709.5 22533.958701258 65.536 61.3033146249043 147.456 95.5343158451454 1171199 10389.8820493786 6087299.5 22516.0095210053 276782.7 262.333204150752 nan nan nan nan 0.97607885 0.000214049124034652 0.94955275 0.000203877628738424 83170.4 186.612539771581 0 0 14.9 3.84577690460588 83155.5 186.62730239705 0 0 1.370154 0.00356199017404594 0.0190476 0.0178173983100788 0.042857125 0.0277664441277934 0.9966491 0.000639102096695053 0.99937275 0.000106925149052971 99.99773 0.000368917334912352 99.997 0.000360555127546741 0.29476455 0.00256373191802497 0.056553675 0.000208732354643453 0.65 0.653834841531101 0.9 0.888819441731559 3.05 1.77411949992102 15.5 4.5 209722.5 247.357736891329 0 0 0 0 1.75 1.29903810567666 209720.75 247.150940722466 
43 7312970 19978.9173880869 32.768 40.1324399457596 155.648 115.562381145423 1180248 9243.58404516343 6132534 18069.4541699521 276218.9 230.632803391018 nan nan nan nan 0.9763286 0.000183689792857419 0.9501121 0.000173398644746727 84719.9 279.051052676746 0 0 14.35 3.78516842425803 84705.55 278.631203385407 0 0 1.3702065 0.00294175334622058 0.00930232 0.0113929687120434 0.04108526 0.0293244681074082 0.99694555 0.000461845371850794 0.99933415 0.000180981014197617 99.99768 0.000254165300542436 99.88071 0.34883679120758 0.29938635 0.0023338838718968 0.057475215 0.000168336440722144 0.4 0.489897948556636 0.9 0.7 2.55 1.6271140095273 16.35 3.78516842425803 214030 229.092557714126 0 0 0 0 1.25 1.04283268073071 214028.75 228.929001002494 
44 7363325.5 17845.9324427165 49.152 60.1986599186394 118.784 75.415358011482 1178645 10228.5592827143 6184514.5 15374.5342937599 275698 208.506354819224 nan nan nan nan 0.976781 0.000197444169323887 0.9506079 0.000135405280546948 86335 275.410421008356 0 0 12.6 3.52703841770968 86322.4 274.810552926921 0 0 1.366793 0.00308831847451003 0.013636365 0.0167010578919802 0.02795454 0.0154995770137252 0.99664695 0.000576900812531929 0.99931145 0.000161320015807096 99.997595 0.000320117166049422 99.807785 0.456087938094179 0.30685375 0.00267915344605344 0.05831876 0.000145335778113994 0.6 0.734846922834953 0.75 0.82915619758885 2.35 1.45859521458148 14.55 3.57036412708844 218388.4 233.201072038702 0 0 0 0 1.75 1.40978721798717 218386.65 232.86310892883 
45 7420338.5 18325.557911016 65.536 61.3033146249043 86.016 111.347934978607 1184456.5 11035.651442031 6235730 18672.30060812 275097.25 213.687359242422 nan nan nan nan 0.97705365 0.000218037215860037 0.951073 0.000162115082580237 87911 266.950931820812 0 0 11.65 3.2291639784935 87899.35 268.152619789552 0 0 1.3655935 0.0035922726441627 0.01777776 0.0166295717560736 0.021851845 0.0275646137118131 0.99633435 0.000575520744630461 0.9992773 0.000137736741648706 99.997655 0.000351390096615531 99.94162 0.24210733487443 0.31240065 0.00297462110654449 0.059156465 0.000179213038797404 0.65 0.726291952316698 0.65 1.10792599030802 3.1 1.86815416922694 15.6 4.10365690573664 222683.75 188.51495298782 0 0 0 0 1.6 0.916515138991168 222682.15 188.659289461187 
46 7463416 16757.6449419362 40.96 60.7534980062877 90.112 112.621380279235 1190904 12156.8274644333 6272381 15528.3427641201 274659.95 194.708108459817 nan nan nan nan 0.97731545 0.000228861852435034 0.9516397 0.000130275131932368 89483.6 298.296228605056 0 0 10.4 3.39705755029261 89473.2 298.162975568732 0 0 1.3654815 0.00385457166881097 0.008695645 0.0126759783536213 0.023913055 0.0298864163119046 0.9960812 0.000977605421425224 0.9993192 0.000133350140607349 99.88895 0.326050090476908 99.99701 0.000326955654486967 0.3176997 0.00330450802843631 0.060114905 0.000147335998571294 0.45 0.668954408012983 0.55 0.739932429347437 2.9 1.13578166916005 15.45 4.92417505781425 227046.1 199.615104638902 0 0 0 0 1.9 1.67032930884901 227044.2 199.958145620527 
47 7511776.5 12703.5956622525 28.672 39.0733496900381 102.4 92.9530324411205 1199243 11360.4995928876 6312402.5 12170.646192787 274157.35 148.456820321601 nan nan nan nan 0.97753995 0.00020808807630424 0.95215645 9.79119374744464e-05 91072.05 360.627851808481 0 0 9.4 4.23556371690947 91062.65 360.340155269989 0 0 1.365649 0.00359967067938161 0.00744681 0.0101482914064339 0.02659575 0.0241421446537689 0.99659575 0.000569270135787912 0.9992702 0.000127330122123564 99.997625 0.000301454805900001 99.997045 0.000292361078123131 0.32216585 0.00310731965325423 0.06103558 0.000116903843392765 0.25 0.433012701892219 0.85 0.963068014212911 3 1.48323969741913 15.1 3.0967725134404 231344.3 192.371801467887 0 0 0 0 2.15 1.49248115565993 231342.15 192.402254404672 
48 7552840 16057.9083320338 53.248 59.4978367337839 102.4 92.9530324411205 1199563 9961.07378749902 6353121.5 18980.0822640472 273745.45 184.987965824807 nan nan nan nan 0.9778859 0.000180833321044557 0.9526427 0.000151204530355397 92561.55 275.380368762917 0 0 5.65 2.19715725427198 92555.9 274.92779051962 0 0 1.3635605 0.00346819185599647 0.01354166 0.0151310860115657 0.024652775 0.0208882486881231 0.99641135 0.000702015688927245 0.9992709 9.27199547023193e-05 99.997565 0.000290301567341431 99.94495 0.227018557611488 0.3289906 0.00283051769823119 0.061934965 0.000186177169048732 0.65 0.726291952316698 0.65 0.726291952316698 2.5 1.6583123951777 13.7 3.27261363439071 235589.95 229.974884498286 0 0 0 0 2.15 1.55804364508829 235587.8 229.508954073692 
49 7593965 19209.189857982 49.152 65.536 86.016 65.9188815439097 1204510 9599.87812422637 6389318 16349.3980317319 273328.25 225.045300995155 nan nan nan nan 0.97814155 0.000174509161650614 0.9531505 0.000135567142036711 94003.95 237.207182648418 0 0 5.25 1.86748493969831 93998.7 236.986518603907 0 0 1.36297 0.00277059018983319 0.011224495 0.015100659610046 0.021428585 0.0164219090750215 0.9961518 0.000853116674318349 0.9992434 0.000134639295898338 99.94655 0.222292558354976 99.997185 0.000351105397282074 0.33455465 0.00267073121588452 0.062868645 0.000161626416389773 0.5 0.670820393249937 0.8 0.678232998312527 3.45 1.65755844542508 14.95 4.56590626272595 239943.25 242.797626635847 0 0 0 0 1.8 1.4 239941.45 243.248324762988 
50 7634391 18191.4685773304 53.248 59.4978367337839 69.632 86.9857713422143 1211819 11340.5136127073 6422449.5 15726.4288619508 272920.4 215.15352658044 nan nan nan nan 0.97834995 0.000200562328217442 0.9536397 0.000127551989400398 95506.95 356.679474458512 0 0 5.75 2.75454170416786 95501.2 357.501832163137 0 0 1.3632045 0.00343793320906616 0.013 0.0145258390463339 0.017 0.0212367605815953 0.9961748 0.00054733057652575 0.99919955 0.000148225326783235 99.997535 0.00022197972880491 99.99718 0.000287402157263947 0.3393223 0.00315512381848954 0.063823435 0.000152929105388739 0.6 0.66332495807108 0.65 0.792148975887743 2.75 1.51244834622542 15.45 3.21675302129337 244142.05 225.190913449011 0 0 0 0 1.75 1.13468057179102 244140.3 225.036463711995 
