#1 Nodes,             #2 AvgThroughput,               #4 totalBEThroughput, 
#6 totalBKThroughput,   #8 totalVIThroughput,           #10 totalVOThroughput,
#12 totalCollisions,    #14 totalBECollisions,          #16 totalBKCollisions,
#18 totalVICollisions,  #20 TotalVOCollisions,          #22 totalInternalCollisions,    
#24 totalBEIntCol,      #26 totalBKIntCol,              #28 totalVIIntCol,
#30 totalVOIntCol,      #32 overallFairness,            #34 BEFairness,
#36 BKFairness,         #38 VIFairness,                 #40 VOFairness,
#42 avgTimeBtSxTxBE,    #44 avgTimeBtSxTxBK,            #46 avgTimeBtSxTxVI,
#48 avgTimeBtSxTxVO,    #50 qEmptyBE,                   #52 qEmptyBK,
#54 qEmptyVI,           #56 qEmptyVO                    #58 totalDropped,
#60 droppedBE,          #62 droppedBK                   #64 droppedVI,
#66 droppedVO
5 23036700 0 2236910 0 2283770 0 5289660 0 13226400 0 96642 0 0.0438083 0 0.0449387 0 0.0997103 0 0.236814 0 27860 0 8396 0 7464 0 12000 0 0 0 2.48948 0 0.999482 0 0.998011 0 0.99992 0 0.999882 0 0.0183144 0 0.0179634 0 0.00774321 0 0.00309668 0 0 0 0 0 0 0 2 0 3844 0 631 0 577 0 1069 0 1567 0 
10 19637000 0 2135490 0 2231500 0 4699590 0 10570500 0 138801 0 0.0665991 0 0.0690544 0 0.140706 0 0.289111 0 21876 0 6910 0 6112 0 8854 0 0 0 2.68895 0 0.998708 0 0.998831 0 0.999194 0 0.999851 0 0.038388 0 0.0367317 0 0.0174399 0 0.00774943 0 0 0 0 0 0 0 1 0 12845 0 1924 0 1839 0 3468 0 5614 0 
15 17390100 0 1975090 0 2047510 0 4350280 0 9017260 0 166437 0 0.0802832 0 0.081916 0 0.166123 0 0.313602 0 19448 0 6140 0 5471 0 7837 0 0 0 2.78971 0 0.998642 0 0.999302 0 0.998964 0 0.999417 0 0.0622503 0 0.0599912 0 0.0282584 0 0.0136312 0 0 0 0 0 0 0 0 0 23049 0 3342 0 3270 0 6263 0 10174 0 
20 15591000 0 1879410 0 1885220 0 3933470 0 7892910 0 188466 0 0.0912279 0 0.0918625 0 0.18262 0 0.329313 0 18353 0 5946 0 5091 0 7316 0 0 0 2.86144 0 0.998429 0 0.997842 0 0.999013 0 0.998954 0 0.0872469 0 0.0870276 0 0.0416744 0 0.020773 0 0 0 0 0 0 0 0 0 34244 0 4903 0 4893 0 9353 0 15095 0 
25 14074300 0 1671090 0 1714420 0 3657890 0 7030870 0 207173 0 0.0974896 0 0.099026 0 0.196009 0 0.342368 0 17558 0 5625 0 4941 0 6992 0 0 0 2.88535 0 0.996483 0 0.997625 0 0.99875 0 0.998517 0 0.122811 0 0.119587 0 0.0560307 0 0.0291627 0 0 0 0 0 0 0 1 0 45653 0 6637 0 6610 0 12470 0 19936 0 
30 12778700 0 1560000 0 1577290 0 3342750 0 6298660 0 223135 0 0.10371 0 0.104576 0 0.205285 0 0.351896 0 17648 0 5667 0 4882 0 7099 0 0 0 2.92429 0 0.996776 0 0.99742 0 0.998245 0 0.999034 0 0.157869 0 0.156025 0 0.0735995 0 0.0390392 0 0 0 0 0 0 0 0 0 57411 0 8347 0 8266 0 15810 0 24988 0 
35 11632700 0 1427370 0 1465060 0 3063320 0 5676970 0 237478 0 0.108366 0 0.109948 0 0.213542 0 0.35876 0 17475 0 5722 0 4835 0 6918 0 0 0 2.95147 0 0.997048 0 0.997016 0 0.998827 0 0.999094 0 0.201227 0 0.19598 0 0.0936394 0 0.0505313 0 0 0 0 0 0 0 0 0 69313 0 10138 0 10118 0 19169 0 29888 0 
40 10541900 0 1316780 0 1315880 0 2836810 0 5072400 0 250940 0 0.113351 0 0.113773 0 0.22098 0 0.364235 0 17654 0 5768 0 4831 0 7055 0 0 0 2.97841 0 0.993923 0 0.994154 0 0.998633 0 0.998519 0 0.250093 0 0.250101 0 0.115577 0 0.0646663 0 0 0 0 0 0 0 0 0 81475 0 12067 0 11939 0 22530 0 34939 0 
45 9640510 0 1184970 0 1203650 0 2564100 0 4687790 0 262351 0 0.116229 0 0.117299 0 0.225482 0 0.369888 0 18098 0 5882 0 5073 0 7143 0 0 0 2.95405 0 0.9966 0 0.995724 0 0.997449 0 0.998591 0 0.311751 0 0.307132 0 0.144033 0 0.0787141 0 0 0 0 0 0 0 1 0 93337 0 13816 0 13753 0 25897 0 39871 0 
50 8809510 0 1083150 0 1075860 0 2362160 0 4288350 0 272921 0 0.11921 0 0.119696 0 0.23003 0 0.374643 0 18057 0 5770 0 5028 0 7259 0 0 0 2.94476 0 0.996819 0 0.99569 0 0.997709 0 0.998239 0 0.378898 0 0.381862 0 0.173651 0 0.0956346 0 0 0 0 0 0 0 1 0 105107 0 15631 0 15594 0 29140 0 44742 0 
