#1 Nodes,             #2 AvgThroughput,               #4 totalBKThroughput, 
#6 totalBEThroughput,   #8 totalVIThroughput,           #10 totalVOThroughput,
#12 totalCollisions,    #14 totalBKCollisions,          #16 totalBECollisions,
#18 totalVICollisions,  #20 TotalVOCollisions,          #22 totalInternalCollisions,    
#24 totalBKIntCol,      #26 totalBEIntCol,              #28 totalVIIntCol,
#30 totalVOIntCol,      #32 overallFairness,            #34 BKFairness,
#36 BEFairness,         #38 VIFairness,                 #40 VOFairness,
#42 avgTimeBtSxTxBK,    #44 avgTimeBtSxTxBE,            #46 avgTimeBtSxTxVI,
#48 avgTimeBtSxTxVO,    #50 qEmptyBK,                   #52 qEmptyBE,
#54 qEmptyVI,           #56 qEmptyVO                    #58 totalDropped,
#60 droppedBK,          #62 droppedBE                   #64 droppedVI,
#66 droppedVO
2 20003855 43664.1325918654 7998420 20911.9599750956 5993988 18902.5523673392 3010077 12039.4788508473 3001385.5 9149.61883085848 5562.75 96.7403095922274 0.04225334 0.000742339715628903 0.04298744 0.00110852144967971 0.04542973 0.00115370432178267 0.04638233 0.000990549497551738 3960.3 55.6777334308788 2656 56.0312412855543 1009.45 25.1882413042277 294.85 17.1268064740628 0 0 3.391916 0.00263638654222022 0.9999883 1.88417090520006e-05 0.99999585 5.16018410524947e-06 0.9999756 3.85634542021287e-05 0.9999802 1.87739180780039e-05 0.0007616108 3.19958315409992e-06 0.00076740865 3.91396328898216e-06 0.00052785435 1.64919823778101e-06 0.000389508 1.29495760548367e-06 58790.5 145.393431763612 50861.75 174.11199700193 32556.3 156.934413052077 33396.3 114.164836968306 0 0 0 0 0 0 0 0 0 0 
3 25599280 13563.5024975115 7821397.5 37791.1140183774 8779632 44723.8288387745 4498204 18557.5519398438 4500037 12959.0374256733 43252.7 142.621562184685 0.21730325 0.00106021318021424 0.21736745 0.0010044225940808 0.2242476 0.0014979378959089 0.22789485 0.00177340176708494 18067.8 125.868820603039 10638.65 95.6975835640587 5751.75 64.9945189996818 1677.4 43.8365144599796 0 0 3.666048 0.00460204584940212 0.99989855 7.94754521849322e-05 0.9999621 3.99122788124176e-05 0.9999678 2.32520966796548e-05 0.9999616 3.34236443255397e-05 0.003142002 1.51505559633962e-05 0.0027884605 1.73321511864511e-05 0.001404478 5.7769443480096e-06 0.0008271013 3.27571934237352e-06 19.7 12.3535420021952 398.1 230.074096760152 39197.1 109.853493344545 44802.45 144.162226328536 12.95 2.80133896556629 0 0 0 0 1.85 1.27573508221731 11.1 2.68141753555838 
4 24460645 19050.6292546992 5922825 30276.6513174757 6553169.5 40597.1195375977 6003819 16235.0358484359 5980832 16007.8351440787 64493.2 258.6179808134 0.3011731 0.0014380463101027 0.30082385 0.00120048087344198 0.31710105 0.00215517385551607 0.32442665 0.00180933894765464 20087.9 175.082523399681 9797.9 111.572353206339 6774.55 105.441203995402 3515.45 65.0403528588214 0 0 3.992463 0.00121061182878742 0.9997016 0.000255571790305582 0.99984955 0.000116645820756672 0.9999564 3.76555440805073e-05 0.9999534 2.14018690772592e-05 0.0055339945 2.81480826123203e-05 0.0050007425 3.10535060621181e-05 0.002019393 1.44456457453448e-05 0.001143094 5.6685821860497e-06 5 3.82099463490856 9.9 5.1662365412358 44025.6 230.458325950702 55149.55 154.019958122316 133.1 11.9912468075676 0 0 0 0 15.75 4.40312389105735 117.35 10.0810465726531 
5 22824010 43247.4380744108 3789619 55809.3785935662 4093907 60936.8859640858 7506198.5 23170.4003579999 7434289 18976.1349858184 90090.7 593.227030739497 0.3894076 0.00194614001037952 0.38832495 0.00263052911930281 0.4139175 0.00227357633476425 0.42615795 0.00282990444140787 22345.05 129.895140401787 8256.6 85.6460156691483 6883.3 88.4104631816846 7205.15 102.18672859036 0 0 3.648843 0.0101854970914532 0.99925815 0.000365579987827558 0.9993014 0.000444806632144802 0.99995925 2.70995848676654e-05 0.9999599 2.11492316645304e-05 0.010818435 0.000158637745429642 0.010013813 0.000149539328375515 0.002955082 2.11031484854748e-05 0.001623512 1.30312020166982e-05 3.2 2.35796522451032 4.15 2.00686322403895 39732.15 372.036728697584 60866.7 231.884475547631 805.55 42.0326956071104 0 0 0 0 79.1 10.09405765785 726.45 41.3321606016429 
6 19079175 36580.6079091094 980455.15 19101.1321399413 1018474.65 15602.925681663 8463510.5 32411.9784146232 8616738.5 25448.319448443 143092.35 455.556942104936 0.5754779 0.00237860654375624 0.57459085 0.00244362802560046 0.5766115 0.000998199353836695 0.58787405 0.00193078415352416 28753.95 148.753647014115 4985.75 73.1798298713518 4810.6 78.5400534759176 18957.6 119.244454797697 0 0 2.4613585 0.00531398652143564 0.99804655 0.00104305951292339 0.9975619 0.00197108548520859 0.9999395 3.17088315773442e-05 0.99994575 2.60919048748906e-05 0.05024719 0.000977430526380265 0.048386335 0.000776677141594241 0.005797367 2.38717850400844e-05 0.0029631545 1.89890830413161e-05 2.3 2.1 3.85 1.73997126413053 183.5 146.388694918699 48249.6 347.03867219663 5039.55 99.0643603926256 0 0 0 0 358.95 20.1257919098852 4680.6 100.101148844556 
7 15928140 38144.9655918052 450494.5 13748.498952613 455036.9 9726.82073906988 5725692 32477.1044891628 9296913.5 20605.3163710243 184218.75 483.492903257121 0.6866603 0.00292715080069339 0.68764995 0.00349344131874289 0.68953115 0.00114344572564683 0.69626035 0.00140766179443074 33462.2 122.998617878414 3648.95 69.7276666754309 3534 79.1713331957976 26279.25 135.291860435135 0 0 2.1206295 0.00444191566218901 0.99528265 0.00250901423421631 0.9963139 0.00193055787015048 0.99989955 4.74293948938911e-05 0.9999455 4.03429052003017e-05 0.12800865 0.0039073356046672 0.1265509 0.00274714129414561 0.0100154115 5.64818444524434e-05 0.004690828 2.91889370481352e-05 2.2 1.24899959967968 2.05 1.46543508897528 7.55 2.97447474354717 27088.35 499.855406592747 14975.95 188.230038782337 0 0 0 0 347.4 24.2289083534525 14628.55 190.138758542281 
8 12583665 19368.7706114766 207863.85 5761.38618975503 206880.85 6847.12681549714 3674269 12951.2377400772 8494645 22800.1216005529 226840.65 235.614149617547 0.78700075 0.0030450134954545 0.7887767 0.00400255344873744 0.7891395 0.0007310576926618 0.79076995 0.000591666669248833 38998 169.21908875774 2902.9 66.370852036116 2863.55 57.8095796559705 33231.55 173.605724271984 0 0 1.846565 0.00398271954824837 0.9924649 0.00374015427355611 0.99296965 0.00321381132419127 0.9998263 6.4121057383679e-05 0.9999338 3.21054512505142e-05 0.31795555 0.00933515123324202 0.31932975 0.01061124441748 0.017838025 6.28965410416185e-05 0.0077087265 2.16427801529749e-05 1.5 1.02469507659596 2.5 1.59687194226713 6.15 2.39321958875486 100.55 40.1976056500882 33256.75 126.385471870781 0 0 0 0 1.65 1.52561463023924 33255.1 126.811631958587 
9 11144365 13845.5146166547 165375.8 5192.38051956903 166141.9 4409.50269191436 3253804 15727.808302494 7559049 15301.0054898363 244947.95 168.534707108061 0.82426655 0.00342024819969253 0.8238567 0.00251465051448506 0.825795 0.000804194192965861 0.82701245 0.000325278722790164 40561.55 203.550847455863 2737.3 56.9983333089662 2710.3 45.278140421179 35113.95 176.332491333844 0 0 1.8321085 0.00425225149185697 0.9921273 0.00355856601877779 0.9902959 0.00457074594459153 0.99979095 8.39538414844795e-05 0.9999162 4.08993887484887e-05 0.4498603 0.0143788766324077 0.44860295 0.0123986738261598 0.02266231 0.000109833346029337 0.009752145 1.96594693468569e-05 1.3 1.22882057274445 2.25 1.13468057179102 4.3 2.3473389188611 25.2 11.8726576637247 43183.8 99.3723301528147 0 0 0 0 0.95 0.864580823289529 43182.85 99.2503274553792 
10 9848410.5 14755.180268299 131293.2 4408.74168669474 131923.95 4717.86365291537 2874437.5 16889.8779968951 6710755.5 20717.5899841174 261182.7 178.421999764603 0.856141 0.00301346151460409 0.8560932 0.00291963875505172 0.8560004 0.00073662143601717 0.8567149 0.000449100534401822 42366.25 266.858178626775 2631.85 52.6756822452258 2591.2 39.6 37143.2 243.07130641028 0 0 1.818395 0.00468272837136643 0.9865754 0.00499004542464295 0.9880982 0.00593219137081738 0.99976705 0.000112060463589973 0.9998866 6.16923009783173e-05 0.6334338 0.0205940526453634 0.6291677 0.020664086926598 0.0285046 0.000166694954932655 0.01220686 3.78666660798124e-05 1.5 0.806225774829855 1.7 0.842614977317636 3.2 2.13541565040626 17 6.37965516309463 53322.2 128.838115478301 0 0 0 0 0.8 0.92736184954957 53321.4 128.805046484988 
11 8666937 23010.5817179836 108384.25 4348.62559753079 108756.9 3414.83096067726 2529125 11593.8999046913 5920674 21911.3891389843 275935.85 277.737515470993 0.88057875 0.00356176503822192 0.880609 0.00279144362293061 0.88112815 0.00051930090265664 0.88173275 0.000465480598414155 44450.1 211.301656406191 2592.05 58.5179246043467 2552.1 44.9887763781146 39305.95 201.702125670505 0 0 1.8108235 0.00433911082481192 0.98691095 0.00596765025344985 0.98453695 0.00546053068368818 0.9996954 0.000119477780361033 0.99985955 7.89876414383938e-05 0.84423855 0.0360908856353997 0.8428318 0.0290270214259059 0.035638355 0.000164988107071389 0.01522011 5.65249758956163e-05 1.3 0.953939201416946 1.6 0.8 3.15 1.76847391838274 13 4.83735464897913 63890.65 169.807324635894 0 0 0 0 0.7 1.00498756211209 63889.95 169.896873131909 
12 7609479 20526.4127163029 88195.085 3625.7609647183 89886.72 4371.10022266706 2214015.5 9859.65135032675 5217382.5 17022.9274435979 289107.7 246.663758991871 0.9022258 0.00282658468120096 0.90125785 0.00333013543681033 0.90204025 0.000436937509834079 0.90222915 0.000337326144109831 46522.1 244.034813090264 2549.75 49.5397567616152 2537.45 59.6929434690567 41434.9 243.541762332459 0 0 1.8012635 0.00417320413471472 0.9838767 0.00620780156818821 0.9849143 0.00646609697653847 0.9994835 0.000164917100386827 0.9998239 7.50025999549187e-05 1.135738 0.0495151894472797 1.113223 0.0547562104331554 0.0444208 0.00019749968354405 0.018842765 6.18649276650349e-05 1.3 1.18743420870379 1.45 0.973396116696589 3 1.97484176581315 10.5 3.89230009120571 74419.2 143.680061247203 0 0 0 0 1.05 1.24398553046247 74418.15 144.085486777815 
13 6658543.5 17968.2896445377 73609.22 2741.74438553269 73961.475 3222.93545450029 1941643 10523.773135145 4569329.5 18834.6718779489 300930.6 217.12286844089 0.9191538 0.00221041171730517 0.91928055 0.00250330806084668 0.9190194 0.000446233727994649 0.91940855 0.000345567138918036 48779.9 222.680017064846 2559.85 44.9235739896104 2526.9 49.9678896892795 43693.15 224.763714820698 0 0 1.7974295 0.00509054169514404 0.97864865 0.0100409243910857 0.9829339 0.00871922298086245 0.99943145 0.000176132755329611 0.9997906 8.64415409395112e-05 1.483281 0.0592475650892085 1.468672 0.0651626767866391 0.054876865 0.000298977681901175 0.023309345 9.5716793066839e-05 1.25 1.04283268073071 1.25 1.04283268073071 2.4 1.31909059582729 9.65 2.95423424934449 84972.6 162.694007265173 0 0 0 0 1.35 1.01365674663566 84971.25 162.214942283379 
14 5805605 15302.7969665679 61607.945 2173.64906999152 61956.1 1749.93520251465 1692365 9791.54660919305 3989675.5 18301.5186460031 311516.4 186.197851759895 0.9334649 0.00198387998376918 0.9333745 0.00160148779264782 0.93327715 0.000358525351265425 0.9336434 0.000306217471741906 51217.25 219.18938728871 2580.8 58.2259392367354 2567.85 53.6984869433022 46068.6 215.421540241453 0 0 1.793265 0.00478272777816173 0.9794476 0.00719464346163172 0.9744388 0.00748292492010978 0.99932535 0.000317730117395263 0.9997523 0.000116149085231013 1.9048315 0.0728903172770567 1.9044995 0.0549321888763774 0.067810385 0.000391461223207357 0.02875048 0.000131515491863126 1.55 1.07121426428143 1.75 1.25996031683542 2.1 1.3 8.3 2.83019433961698 95437.55 156.888965513831 0 0 0 0 1.75 1.04283268073071 95435.8 156.911949831745 
15 5050150 17656.3934595942 51707.915 1770.60917180359 51920.89 2370.80535765803 1469604.5 13382.0990412566 3476918.5 15215.1336750618 320876.4 214.764848147922 0.94534175 0.00158349091803521 0.94530955 0.00208894189663093 0.9451222 0.000495210621856995 0.94533495 0.000242797132396578 53657 232.0172407387 2617.2 51.9178196768701 2592.55 36.7878716427031 48447.25 236.404711247471 0 0 1.788512 0.00644266218266952 0.97281465 0.00857460006807897 0.97096805 0.0105806180749283 0.99926605 0.000231580758052134 0.999672 0.000102311778403074 2.4486005 0.0871294577898314 2.4507715 0.124266794047123 0.08367561 0.00076256559252303 0.03534991 0.000155658982715422 1.35 0.909670269933013 1.1 0.888819441731559 2.3 1.84661853126194 7.6 3.16859590355097 105717.6 144.106696582775 0 0 0 0 1.25 1.08972473588517 105716.35 143.882339083016 
16 4381495 14460.973514947 43327.49 1326.98345163005 44134.395 1693.96114756951 1274020 7731.05555535594 3020013.5 12583.7082273072 329154.05 176.133039206164 0.95525615 0.00123532834805164 0.95471315 0.00141250020442476 0.95485465 0.000279518742663171 0.9550362 0.000193347252372519 56370.95 254.425720987482 2683.8 55.3241357817725 2656.6 50.0693519031353 51030.55 226.333929184292 0 0 1.785329 0.00420213505256557 0.9671009 0.0106095159828335 0.96399305 0.0147228731315427 0.99914485 0.000374950833443529 0.99956875 0.000131605803443462 3.1412315 0.103425542168025 3.1061525 0.126892502649881 0.1029641 0.000641948432508405 0.043415815 0.000179952461152939 0.8 0.748331477354788 1.1 0.830662386291808 1.85 1.23592070943083 7.5 2.17944947177034 115922.7 139.624890331201 0 0 0 0 2.35 1.76847391838274 115920.35 139.500636199266 
17 3780170.5 18076.195527544 37933.055 1959.50193964563 36102.15 1419.86629669839 1097437 8111.39205069019 2608697.5 14685.8247555253 336586.7 219.912960054654 0.96216335 0.00172138834302431 0.96375095 0.0012641178139319 0.96306665 0.000280910532910402 0.9631312 0.000196703482429781 58902.65 110.612962621928 2736.65 54.6637677076873 2723.7 47.3139514308412 53442.3 117.882611101044 0 0 1.7822655 0.00448853815289563 0.9560701 0.0102043879870377 0.95214405 0.0160181087100662 0.99880795 0.000312765323365624 0.9994557 0.000191239404935283 3.8689375 0.208977999676401 4.0919975 0.182230887087645 0.1270472 0.000927196559527701 0.053409285 0.0003010653505055 1 0.836660026534076 1.15 0.909670269933013 1.35 1.01365674663566 6.3 2.23830292855994 125938.5 105.038326338532 0 0 0 0 3.05 1.07121426428143 125935.45 105.13870600307 
18 3267305.5 17608.2686471442 31182.85 1895.74616404729 31293.44 2073.40577876112 948576.3 11526.2989988114 2256253.5 13138.1217360017 342922.45 215.148896116155 0.96961135 0.0016980576042938 0.9695917 0.00179975573620421 0.96959615 0.000376176723761595 0.96966565 0.000173612578749367 61710.2 320.046965303532 2818.45 43.8263334081235 2799.65 71.8632555622134 56092.1 304.731668849826 0 0 1.7800895 0.00767191597646901 0.95666765 0.0163029559874122 0.9559135 0.0156428292214036 0.99849575 0.000506187403537456 0.99939285 0.000227318339559299 4.991075 0.341449480516518 4.987823 0.337152686139381 0.15569415 0.00189651652444686 0.065388955 0.000381080307120428 0.85 1.31434394280949 0.8 0.678232998312527 1.55 1.35922772190682 7.1 2.18860686282393 135651.65 112.298386007992 0 0 0 0 2.45 1.9615045245933 135649.2 112.55958422098 
19 2812928 11281.8383253794 26624.005 1427.13915596027 26603.525 1829.75873542798 816361.55 6713.11486923172 1943338.5 11452.0326907497 348529.95 137.491263358804 0.97494125 0.00122366992587873 0.9750284 0.00156611434448448 0.9750522 0.000216570681302894 0.97511075 0.000147074088472446 64540.5 283.203019051704 2902.15 52.0118015454185 2856.2 61.1323155131556 58782.15 275.605927911575 0 0 1.7785995 0.00653909892492843 0.9381065 0.0140222681599661 0.93742695 0.0198000932358285 0.99828465 0.000494410181428342 0.9991876 0.000298935511440168 6.311633 0.417309582397769 6.3323645 0.480652598479141 0.19098485 0.00156836976746557 0.080152255 0.000469427526328613 1.3 1.14455231422596 1.2 1.0295630140987 1.55 1.28354976529934 6.5 2.53968501984006 145283.8 105.473503781756 0 0 0 0 2.8 1.56843871413581 145281 105.202661563289 
20 2412162.5 9743.44696449875 22405.12 1498.82753130572 22757.365 1681.16899664341 700031 6784.59953129144 1666970.5 7965.20148834918 353472.95 118.831172257114 0.97958325 0.0012450681858838 0.97935095 0.00145265734001519 0.9795681 0.000196756168899481 0.9796226 0.000103128269645149 67396.6 170.297210781621 3007.5 38.2223756456869 2977.4 55.936928768033 61411.7 176.194523183895 0 0 1.777368 0.00693915167725856 0.9274542 0.0235718396112819 0.93448285 0.0181902592457474 0.9977503 0.00063444866616614 0.99906545 0.000236735606743048 8.0013325 0.659570450701629 7.8607945 0.650696688953271 0.23457345 0.0022647226204328 0.09836699 0.000477046175857222 1.25 0.942072184070839 0.75 0.698212002188447 1.65 1.01365674663566 6.6 2.5377155080899 154756.05 149.200025134046 0 0 0 0 4.85 2.24220873247787 154751.2 149.057908210199 
21 2068693.5 12399.4400175976 19304.455 1796.31890305563 19365.885 1178.72937872737 597389.3 6796.00094246609 1432632.5 10991.7227380425 357705.9 150.546969414864 0.9830166 0.00150711168796475 0.9829622 0.000977256701179372 0.9833198 0.000190654818979228 0.98325885 0.000127303682193412 70411.75 229.520995771629 3098 50.6606356059614 3080.05 62.8318987457804 64233.7 199.325638090036 0 0 1.773395 0.00894728478366483 0.92114255 0.0210280831995572 0.91908045 0.0153844510967242 0.99770175 0.000615672224077063 0.9989363 0.000369943252405013 9.9652515 1.07167277821299 10.0334305 1.25158225343952 0.2886545 0.00336725984295837 0.12020095 0.000907860312768435 0.6 0.66332495807108 0.9 0.830662386291808 1.45 1.16081867662439 6.35 1.85135085815736 164055.8 92.8755080739804 0 0 0 0 4.6 2.55734237050888 164051.2 93.5155602025674 
22 1765409 11986.1127560189 16588.8 1022.0293841177 16011.255 1213.55581926626 511889.45 6916.20072348251 1220919.5 10401.8366046579 361442.4 146.758781679326 0.98591325 0.000823688161563591 0.98638415 0.000973034032035882 0.98630575 0.000182384723866895 0.98633605 0.000115168778321218 73363.4 266.940330411124 3216.9 45.5827818370051 3197.1 50.8939092623076 66949.4 259.10604006854 0 0 1.7744705 0.00909925682404887 0.888612 0.0307060381211904 0.9015458 0.0302846951092462 0.9964824 0.0011970819687891 0.99854625 0.000464340378924781 12.760825 1.2644056836613 12.93369 1.35516951814155 0.35334685 0.00473543627636357 0.1478192 0.00126928659490282 0.55 0.49749371855331 0.55 0.804673846971554 1.4 0.860232526704263 5.6 1.82756668824971 173208.5 118.112869747543 0 0 0 0 4.75 2.69953699733862 173203.75 118.615292015827 
23 1506784 11208.5531626522 13582.325 718.658550964921 13557.765 1152.57340428929 437137.45 6214.37016498856 1042506 10208.3257197251 364627.55 136.592999454584 0.98880885 0.000577207005761364 0.98887865 0.000907596731759219 0.9887833 0.000153248523647051 0.98881335 0.000111023544800194 76267.8 254.694248070113 3326.25 44.8328841365353 3263.65 59.2783898229363 69677.9 236.319465977731 0 0 1.7719925 0.0102619992569674 0.88657215 0.0267260345436337 0.8627999 0.0292074499347341 0.99597105 0.00106372216649838 0.99802195 0.000384142873811294 16.511065 2.01633471732126 17.27812 2.07440276190522 0.4328151 0.00630306009728608 0.1810887 0.00177808228437269 0.95 0.973396116696589 0.95 0.739932429347437 1.75 1.04283268073071 6.35 1.52561463023924 182278.3 157.087587033476 0 0 0 0 4.65 1.90459969547409 182273.65 156.662144438278 
24 1276507 9829.83219592278 11153.401 899.366790369202 11583.491 1007.10780720785 370274.3 6078.91292173198 883495.05 8258.74092386364 367460.45 120.210846016489 0.9911357 0.000691337189799596 0.9908247 0.000800628259556209 0.9908725 0.00014963772919955 0.9908956 8.49243192495521e-05 79245.15 196.805303536261 3415.6 49.5624858133649 3400.25 67.7376372484308 72429.3 174.585824166798 0 0 1.770454 0.00965556026339229 0.86070345 0.0285414596008596 0.84135735 0.0347197388271787 0.99469785 0.00200727953397129 0.99789885 0.000587270404072943 21.732725 2.06487786536516 22.857075 3.61604673723598 0.5339169 0.00901116320404863 0.2229857 0.0020983960088601 0.75 0.698212002188447 0.8 1.0295630140987 1.25 1.13468057179102 5.9 1.67032930884901 191239.15 101.484617060912 0 0 0 0 7.95 3.62594815186318 191231.2 101.208003636076 
25 1088864.5 7961.18551159311 9871.355 1086.6287454117 9613.312 693.799367292879 315707.35 5004.57742746578 753672.3 5907.88738975279 369768.8 96.7220760736658 0.99241355 0.000809108674715581 0.9926304 0.000519847997014509 0.992513 0.000120609286541286 0.99253105 5.74791048990814e-05 82365.65 265.206763676947 3520.15 46.479323359963 3517.3 43.1637579457582 75328.2 259.31960974828 0 0 1.769592 0.00964236775901026 0.83365585 0.0402129952369567 0.84010215 0.0399817906655955 0.9938759 0.00196953308933868 0.9974661 0.000938574978358143 27.47185 4.25433200449847 28.07052 3.28996468227244 0.65282775 0.0102578178716285 0.27239695 0.00207386857044992 0.95 0.973396116696589 1.15 0.792148975887743 0.95 1.02347447452294 6.4 1.68522995463527 200036.9 81.5474708375434 0 0 0 0 8.35 4.41899309798058 200028.55 82.5005909069747 
26 924692.5 5814.44636659416 8204.288 805.684345296593 8273.92 467.733788217187 266903.55 3892.938459249 641310.65 6174.94932185682 371788.4 70.9608342679256 0.99390665 0.00056388573975585 0.99386585 0.00033961173051002 0.99390385 8.92032931006498e-05 0.9938789 6.0148067300626e-05 85564.85 281.202467094441 3651.85 50.9541705849482 3642.7 55.5509675883328 78270.3 250.541034563203 0 0 1.764876 0.0102055947401413 0.77645375 0.0418816565943552 0.81026685 0.0464277287978585 0.99271705 0.00151335889580098 0.99693525 0.000965316625517244 36.80006 4.58045325403502 35.082045 3.70515168440848 0.8040748 0.0124094582621483 0.3331211 0.00315031023710365 0.8 0.92736184954957 0.45 0.58949130612758 1.15 1.06183802907977 6.65 2.17428149051589 208689.55 121.193430102461 0 0 0 0 8.55 4.7273142480694 208681 121.148668998054 
27 783118.3 8030.19300577514 7151.616 950.095431871978 6950.912 962.437983755837 227610.55 4041.18313708993 541405.25 6912.21562073262 373528.15 98.0924436437385 0.9948627 0.000678254826742881 0.9950248 0.000673725136832525 0.9949859 8.80788850973935e-05 0.9950182 6.37052588096181e-05 88611.85 245.922604695054 3774.95 68.2286413465782 3742.15 48.5770264631338 81094.75 220.428191255111 0 0 1.7694175 0.0135527066946054 0.79493305 0.0381159672978071 0.76304865 0.0475791917042261 0.9908241 0.00211094021469108 0.9964122 0.000893211934537371 41.88883 6.36320472891608 44.91076 6.25443645450172 0.98117295 0.0178634297727928 0.41000305 0.00520250014392119 0.95 0.739932429347437 0.5 0.806225774829855 1.3 0.842614977317636 4.85 1.73997126413053 217378.7 102.086776812671 0 0 0 0 8.5 5.80086200490927 217370.2 103.332279564519 
28 662720.45 5838.32619399601 6070.272 584.96845858217 5652.48 540.299508050859 191143.9 4211.60158253366 459853.75 4898.1213835 375007.9 70.8017655147102 0.99578905 0.000402999438585218 0.9960806 0.000365566874866973 0.9959344 8.87448026647287e-05 0.99591515 4.45267054698649e-05 91702.95 272.342885899375 3897.6 64.618418426947 3850.6 54.7141663557072 83954.75 247.748637735912 0 0 1.7607735 0.0146930225872691 0.74910495 0.0473027229242409 0.73886335 0.0434559182704439 0.9896544 0.00246546361563095 0.9955534 0.00112107267382628 51.036215 4.76298470355249 53.77735 5.54699933274739 1.2134565 0.0261633660439555 0.501007 0.00530212045317719 0.9 0.888819441731559 0.8 1.0770329614269 0.9 1.04403065089106 6.15 1.65151445649137 225935.6 135.322355876625 0 0 0 0 13.1 6.67008245826092 225922.5 137.072426111162 
29 558182.55 7300.97027438819 5001.216 584.724623103902 5079.04 615.763819658154 161153 4033.32961707818 386949.2 5437.4691134755 376291.55 89.1310692183147 0.9966326 0.00039061635910443 0.9965901 0.000408117617850537 0.9966878 8.36376709384013e-05 0.996678 4.66358231405893e-05 94966.2 345.68231079996 4063.9 55.9293304090081 3991.3 65.5797987188128 86911 296.645579774923 0 0 1.760724 0.0145264814735021 0.67810255 0.0614544019541928 0.68344795 0.0700852363222633 0.9876588 0.00197932487479949 0.99438805 0.00193613748155961 61.0708 5.56775427995884 60.6126 5.59203227521086 1.493941 0.0385063534887426 0.6174824 0.00918280288038461 1.1 1.13578166916005 0.6 0.734846922834953 1.05 1.07121426428143 5.75 2.18803564870411 234425.35 115.693679602647 0 0 0 0 15.05 11.1958697741623 234410.3 120.903308474169 
30 472092.7 5937.83947324277 4186.112 606.374031317305 4280.32 509.536473277429 134590.45 4081.88036908237 329035.85 4057.64068486849 377349.65 72.1569643208471 0.99726875 0.000393286012337078 0.9972075 0.000329574953538652 0.99732435 8.14188399573419e-05 0.9972679 3.36153238865883e-05 98097.75 333.587451052944 4163.35 71.0572128640014 4134.25 42.2455618970798 89800.15 327.881117937584 0 0 1.7465715 0.0196494993002366 0.6465652 0.0611284195890913 0.65624635 0.065967364413985 0.98090825 0.00405386401936473 0.99257895 0.0019571492655135 68.99612 6.56844721434222 68.523145 5.05531846014423 1.865218 0.0591674934064305 0.75249695 0.00909175889184816 0.45 0.739932429347437 0.45 0.49749371855331 1 0.948683298050514 6.1 2.38537208837531 242886.8 131.43386169477 0 0 0.05 0.217944947177034 18.1 13.6011028964566 242868.65 133.853754149818 
31 399761.35 6991.16353173776 3792.896 555.064676072978 3497.984 510.342533191189 114786.3 1990.02678625188 277684.3 6603.77005278046 378238.2 85.6776516951766 0.99760605 0.000342576922018984 0.99779455 0.00031980392039498 0.99778905 3.91388234365833e-05 0.99776695 5.35998833953954e-05 101178.15 267.470984407655 4282.05 68.4671271487274 4259.45 55.1411597629212 92636.65 228.944376432355 0 0 1.750956 0.0166866220068652 0.5838849 0.0552463134162814 0.60455295 0.0550441437906659 0.97992645 0.00511084173571244 0.9913038 0.0028512528228833 74.803795 5.70012634565893 76.13425 5.01085296835778 2.2601835 0.0436740878868695 0.92298985 0.0221921133632536 0.7 0.842614977317636 0.45 0.58949130612758 0.9 0.94339811320566 6.05 1.6271140095273 251264.75 133.209186995492 0 0 0.05 0.217944947177034 17.75 12.1732288239399 251246.95 137.812363378617 
32 336134.1 5780.91938103274 3190.784 569.019763790327 2969.6 529.557518537883 97665.055 3402.30124231747 232308.65 4571.42969184696 379019.05 70.6883830625655 0.9980458 0.000345077179772858 0.99817975 0.000320430160097321 0.9981774 6.45130994449993e-05 0.9981882 3.54790078778945e-05 104434.4 318.906632104132 4421.95 61.4300211622949 4387.3 54.5354013462815 95625.15 306.890253185076 0 0 1.755407 0.0223274009011349 0.54043465 0.0631305048073235 0.55443975 0.0847253120931844 0.9737134 0.00687671857356399 0.98979305 0.002108191226502 80.53189 4.41577585616616 82.711565 5.36280756314032 2.762921 0.103062774555122 1.140555 0.0231782519832709 0.8 0.871779788708135 0.35 0.57227615711298 1.35 1.23592070943083 5.4 1.88148877222268 259643.15 122.076318342257 0 0 0 0 18.6 11.7362685722507 259624.55 123.800030290788 
33 285298.75 6239.44828390299 2818.048 439.170667435793 2629.632 529.573359088238 83034.125 2717.15014875421 196816.9 4363.62122439609 379643.3 76.1742082334959 0.99831945 0.000264228400252494 0.9984365 0.000316938716473709 0.9984957 4.94349066955877e-05 0.99851105 3.30521935731882e-05 107569.2 256.575836742278 4567.05 61.3314560401104 4496.9 69.0839344565725 98505.25 260.534234794585 0 0 1.753903 0.0169359735769751 0.5305545 0.0654586562545398 0.51431165 0.0938219266234045 0.96781765 0.00889140208445777 0.98691475 0.00300000573124453 84.16651 4.58117916675391 86.22379 4.18577416780934 3.3760455 0.132731764829486 1.392655 0.032993046767463 0.6 0.66332495807108 0.55 0.58949130612758 1.15 1.06183802907977 5.2 1.77763888346312 267954.65 128.344565525775 0 0 0 0 20.45 9.83094603789483 267934.2 132.843366413231 
34 238088.25 3898.86383290055 2252.8 286.72 2224.128 413.898722607355 68907.005 2544.1772732015 164704.3 3316.12364214605 380222.5 47.6303474688145 0.9986927 0.000162403232726443 0.998715 0.000235421961592372 0.9987875 4.57575130443124e-05 0.9987895 2.42414933533336e-05 111007.45 399.309463323874 4692.9 69.8175479374634 4649.55 53.1822103715143 101665 395.0650579335 0 0 1.742846 0.0208991716103773 0.45792465 0.0704956448053885 0.45022715 0.0569619869731341 0.96179115 0.0088767949918594 0.98422585 0.00303601543597854 89.54581 3.14462266049521 89.948385 3.46694621681315 4.2229795 0.163108556810334 1.7197425 0.0356650206610062 0.45 0.668954408012983 0.7 0.9 1 0.948683298050514 5.25 1.89406969248758 276251.25 143.127521811844 0 0 0.05 0.217944947177034 27 20.1940585321525 276224.2 148.248305217969 
35 201277.4 4086.42353898859 1806.336 415.678418472742 1871.872 348.785884485023 58114.05 2260.51289146954 139485.15 3177.84658652679 380674.2 49.9015029833772 0.99898105 0.000235471542866638 0.99894315 0.000193680994163091 0.9990054 3.81135146634353e-05 0.9990037 2.26276379677419e-05 114003.55 286.703937015172 4806.95 68.8196737859168 4775.3 62.8172746941476 104421.3 261.279754286474 0 0 1.729225 0.0211824350583213 0.3899862 0.0666358095633271 0.41174385 0.0763846975377104 0.95055775 0.0123228295568631 0.97987315 0.00532383676754839 93.093905 2.66459631473043 92.63519 2.57869182705107 5.232539 0.243319754477519 2.1021045 0.0541876545418788 0.6 0.734846922834953 0.45 0.804673846971554 0.75 0.698212002188447 6.55 1.80208212909401 284531.65 108.105168701594 0 0 0.05 0.217944947177034 35.8 22.4200802853157 284495.8 110.125655503157 
36 167768.1 3504.97400703629 1470.464 384.653438700345 1585.152 326.936757089196 49201.15 1672.13717992873 115511.4 3098.22662825043 381085.2 42.6773944846683 0.99919165 0.000209926957535238 0.9991348 0.000177240683817232 0.9991801 2.68642885630779e-05 0.99919705 2.11836611566552e-05 117384.05 329.924457262568 4933.7 76.7620348870456 4922.3 48.1934642871832 107528.05 321.852524458019 0 0 1.732413 0.0253116992910393 0.35318795 0.0704645430720125 0.3780548 0.0720712026829024 0.9439901 0.0131359478375182 0.9762524 0.00452913380681119 94.96898 3.08246770341556 95.43454 2.85114196829972 6.4062515 0.269866064840969 2.62123 0.0656667128764643 0.75 0.766485485837795 0.3 0.458257569495584 1 0.836660026534076 5.65 2.031624965391 292789.25 119.046997022184 0 0 0.05 0.217944947177034 38.25 30.9319818311081 292750.95 129.818517554315 
37 141520.85 3725.93536276463 1282.048 280.538625247933 1294.336 313.658404357352 41291.77 1754.00856699732 97652.765 2955.47914986301 381407.45 45.6404152040711 0.99931465 0.000151885244510462 0.9993114 0.000166459424485358 0.9993304 2.76990974582339e-05 0.999339 1.96875595237192e-05 120527.5 293.36027338411 5116.65 68.0545920566717 5041.1 64.3069980639743 110369.75 316.127169822526 0 0 1.713997 0.0278236674613538 0.28837535 0.0631917243721636 0.3120304 0.0670866082608146 0.9296065 0.0135173086134038 0.9692649 0.0056969637430828 95.78999 2.08310225310713 96.744775 1.97511584264696 8.016804 0.40081036600118 3.209216 0.0959875286378393 0.4 0.489897948556636 0.35 0.57227615711298 1 1.09544511501033 6.4 1.65529453572468 301057.25 108.961862594212 0 0 0.1 0.435889894354067 63.5 62.3798845782837 300993.65 149.508285723568 
38 118640.6 2956.43727144683 1081.344 271.203456733132 1179.648 296.95293784706 34054.14 1186.02422631243 82325.505 2405.22778785607 381688 36.2187796591768 0.99943785 0.000141692016359425 0.99938185 0.000155899735407095 0.99946205 1.85242408751407e-05 0.99945665 1.52946886205731e-05 123759.55 249.573531248808 5225.3 69.4644513402359 5178.8 59.7583466973443 113355.45 238.336206859134 0 0 1.7012765 0.0172311373028596 0.2771962 0.0596143027180558 0.2949084 0.0933284490160423 0.91729495 0.0140615174660312 0.968302 0.00804464408783882 97.775485 1.66391239230766 97.412765 1.7674898232451 10.2103825 0.538342658813836 3.914533 0.131306695453811 0.4 0.489897948556636 0.7 0.556776436283002 0.85 0.963068014212911 5.15 2.24220873247787 309271.9 140.61219719498 0 0 0.2 0.4 59.75 60.7534978416881 309211.95 171.57140641727 
39 99328.01 2684.71211490171 929.792 291.104307793615 1089.536 299.988310812271 28733.43 1496.67480505954 68575.23 2590.12877384504 381924.65 33.0443262906055 0.9995269 0.000145185019888426 0.9994508 0.000152196123472324 0.99955735 2.32986587596834e-05 0.99955885 1.69654796572409e-05 126812.15 312.931346304585 5350.8 75.9029643689889 5292.8 60.2582774397012 116168.55 308.223210514718 0 0 1.6890565 0.0457006284721556 0.24136785 0.0640675375984398 0.25606605 0.057143522374347 0.89775425 0.0266878740795797 0.95722965 0.0120236010257951 98.5158 1.5471196880009 97.509985 2.08200108964309 12.98375 1.31094899691025 4.8926995 0.2224186067638 0.6 0.860232526704263 0.65 0.726291952316698 0.85 0.57227615711298 6.3 2.23830292855994 317462.3 167.673223861176 0.05 0.217944947177034 0.1 0.435889894354067 69.25 61.6675562998892 317392.9 209.126731911537 
40 84201.475 2200.0200044261 815.104 299.288416454764 802.816 282.118969060927 24707.065 1364.99482097003 57876.49 1766.41822621371 382110.25 27.0108774385432 0.9995897 0.00015406365567517 0.9996061 0.000137897389387907 0.9996287 2.07583718051219e-05 0.99963615 1.08410101005346e-05 130354.75 354.060570383091 5519.3 65.7351504143711 5441.45 74.071232607538 119394 314.69111840025 0 0 1.6673575 0.0313768752228453 0.2021397 0.0701356089116648 0.197537685 0.0720136098134601 0.87499635 0.0232956988718411 0.94436585 0.0105508482278678 98.617235 1.28484027383757 98.613385 1.06292809082976 16.21837 1.81390947764766 6.0692645 0.239797125076073 0.55 0.668954408012983 0.4 0.58309518948453 0.75 0.698212002188447 5.2 1.20830459735946 325691.35 96.4838198870671 0 0 0.05 0.217944947177034 54.95 46.9973137530221 325636.35 117.681041378805 
41 70234.115 2367.36483949454 679.936 199.151546878251 729.088 252.361470783478 20312.075 1340.95253155173 48513.015 2089.6245376323 382281.5 28.938728375656 0.9996708 9.33812615035802e-05 0.9996491 0.000118335920159531 0.9997013 1.98270017904936e-05 0.99970165 1.31159254343689e-05 133397.1 353.966792227746 5607.3 51.7204988375016 5567.15 56.2843450703657 122222.65 331.20617068527 0 0 1.652849 0.0324205831070324 0.183542 0.0534382829430363 0.18330375 0.05549652529472 0.86296545 0.0202378416499265 0.94167175 0.0111420148486483 99.381375 0.821330682414215 99.032915 1.00519963851715 21.243015 2.22856189128213 7.4492925 0.387794203139694 0.5 0.591607978309962 0.6 0.58309518948453 0.8 0.812403840463596 5.45 1.90984292547843 333835.7 178.623374730185 0 0 0.85 3.05409561081509 97.25 102.015623803416 333737.6 264.779984137774 
42 58343.425 2522.36422625183 614.4 170.85770641092 630.784 216.894706399211 16805.885 1057.13400298874 40292.35 1774.89399415852 382427.15 30.7965501314676 0.9997095 7.97894103249373e-05 0.99970105 9.95004899485465e-05 0.99975775 1.5510883275932e-05 0.99975755 1.11106930476849e-05 136549.55 284.259999824105 5762.9 81.9139182312749 5728.05 43.7978024562877 125058.6 307.39492513703 0 0 1.6244995 0.0392302181328374 0.16509835 0.0445294900838478 0.15016655 0.0412854306801746 0.844805 0.0309591926978079 0.92484365 0.0141535650501031 99.575395 0.567359777808578 99.03534 1.04263993372592 26.7626 3.01794713340045 9.47284 0.552225658150724 0.45 0.58949130612758 0.7 0.842614977317636 0.8 0.812403840463596 6 1.89736659610103 342043.5 189.745487429873 0 0 0.25 0.887411967464942 145.05 140.691319917044 341898.2 315.530917661012 
43 49086.46 2279.61180914646 544.768 230.652448363333 507.904 156.722188039856 13922.305 1362.29977592122 34111.495 1676.5550040112 382540.65 27.7313450809729 0.9997481 0.000108860874514223 0.9997645 7.42526093817698e-05 0.9998037 1.88390551780072e-05 0.99979905 9.44179538012459e-06 139822.45 389.632965109473 5895 52.8176106994627 5845.65 66.9516803373896 128081.8 388.446856082013 0 0 1.5780175 0.0461622520978992 0.144156295 0.0629459124548646 0.12957369 0.0363510806364391 0.8011392 0.0418018910105751 0.90916885 0.014790113945724 99.642305 0.646829208118342 99.562615 0.6910056333164 34.84779 4.58599006484968 11.71362 0.63889045352079 0.7 0.842614977317636 0.3 0.458257569495584 0.95 0.920597631976098 6.25 1.97167441531304 350246.25 143.4140421995 0 0 0.3 0.714142842854285 77.45 50.7409844208801 350168.5 168.702548884123 
44 41586.695 1653.33710279392 471.04 200.453067624319 430.08 171.592581657833 11632.66 844.616416724184 29052.935 1465.02097093352 382632.5 20.2940878090147 0.9997806 9.06340995431677e-05 0.9998075 7.79522289610787e-05 0.9998399 1.17894020204546e-05 0.9998323 8.18596359630884e-06 143048.55 447.736806059095 6057.95 61.5714828471753 5968.25 75.0332426328491 131022.35 441.016697529697 0 0 1.5281605 0.0554102463877395 0.115990285 0.0478763209233048 0.109632055 0.0385634787817369 0.76445975 0.0373511412554891 0.88783515 0.0200987326572473 99.47851 0.760730433136469 99.634435 0.731526211611724 43.2291 3.99279427281196 14.54677 1.09127277666952 0.65 0.653834841531101 0.3 0.640312423743285 0.9 0.7 5.8 1.56843871413581 358283.5 238.601026820925 0 0 0.85 1.65151445649137 158.55 161.993047690325 358124.1 380.9579898099 
45 33964.025 1823.97236105019 434.176 181.522594252066 364.544 135.787187849222 10022.91 944.839272395046 23142.395 1495.68049311175 382726 22.4365772790771 0.99980445 8.05030900028082e-05 0.99983775 5.91429412525261e-05 0.9998642 1.29753612666421e-05 0.9998689 8.2456048898881e-06 146338.8 409.053492834372 6165.15 57.9735068802984 6105.85 74.5414482016549 134067.8 412.79299897164 0 0 1.5221945 0.0694373672798011 0.11245334 0.0440737609217253 0.083888905 0.0273882484953762 0.7228475 0.059796791079037 0.870766 0.0276319782462277 99.822175 0.39855644503006 99.424675 0.746080493562859 50.74677 5.77184891729678 19.71947 1.75849071538635 0.3 0.556776436283002 0.65 0.57227615711298 0.9 0.888819441731559 5.9 2.56709953059869 366507.8 158.561218461514 0 0 0.25 0.53619026473818 125.85 143.1161329131 366381.7 262.673580704265 
46 29511.68 1580.41517602179 331.776 125.514165829997 348.16 148.532956073728 8306.688 576.0088745983 20525.05 1359.108973004 382780.65 19.3216847091552 0.99984995 5.37107763861267e-05 0.9998503 6.40695715609274e-05 0.99988925 8.05527777298137e-06 0.99988595 8.02168934825167e-06 149665.65 323.516348118607 6333.35 71.8375076126671 6272.85 56.2336865232931 137059.45 311.417641600472 0 0 1.456433 0.0572815696450438 0.082444855 0.0315278267527985 0.092391365 0.0394162613199587 0.6882753 0.0367336093381797 0.85117465 0.0236644116771894 99.768165 0.551411195275357 99.982715 0.0113256467806477 59.572095 3.42076210375334 23.323695 2.15765966952043 0.45 0.49749371855331 0.35 0.57227615711298 0.75 0.766485485837795 5.65 2.39321958875486 374686.05 228.934810590264 0.25 1.08972473588517 0.95 2.5588083163848 96.45 123.992530016933 374588.4 324.281266803989 
47 24461.305 1177.31465100669 299.008 164.402235313271 335.872 129.267579601383 6955.008 713.174649196114 16871.425 1120.07838113009 382842.4 14.3714995738093 0.9998722 7.29414833959371e-05 0.9998592 5.40838238293137e-05 0.9999096 9.72830920560897e-06 0.9999078 6.31347764706767e-06 152688.2 458.135744075923 6444.85 60.1367400180622 6352.35 59.717062050975 139891 449.495606207669 0 0 1.4080935 0.0604792247201466 0.07613985 0.042187732257891 0.08096928 0.0305035745513472 0.66073845 0.0325937716250743 0.81724485 0.0286297648231259 99.937825 0.232819075410499 99.809145 0.428983644763994 67.40303 4.5388282252251 31.177575 3.4201157696597 0.45 0.668954408012983 0.4 0.58309518948453 0.8 0.812403840463596 6.3 2.43104915622864 382694.05 424.701715913652 0 0 0.8 2.01494416796099 282.55 441.945751761458 382410.7 860.784705951494 
48 19791.88 930.930774332872 266.24 150.775089719754 249.856 158.584509911908 5885.952 611.539795807272 13389.835 1050.8377992226 382899.45 11.4257384881678 0.99988405 6.07918374455047e-05 0.99989435 6.46183217052286e-05 0.9999242 7.80128194592948e-06 0.99992805 5.67868822880127e-06 156049.85 495.781431177086 6557.1 76.9473196414274 6476.9 65.0721906808123 143015.85 513.844653081065 0 0 1.3487615 0.0684579947321714 0.064657755 0.0355884290008912 0.060729185 0.0388488744698643 0.6026117 0.0388013303381469 0.7788778 0.0356394388698812 99.88359 0.31150506079356 99.878285 0.314611510080289 74.449595 2.84028455959522 40.794315 3.70200224085224 0.25 0.433012701892219 0.2 0.4 0.7 0.953939201416945 6 1.92353840616713 391018.6 382.799738766891 0 0 1.35 3.7453304260105 183.55 263.044383137143 390833.7 635.709847336031 
49 17076.22 1061.01101719068 258.048 124.978350509198 282.624 147.626568015381 4726.784 625.012557749042 11808.765 760.70528739782 382932.85 12.8968019291606 0.99989265 5.50138846110672e-05 0.9998822 6.1347045568645e-05 0.99993985 7.88844091059543e-06 0.999937 4.21900462195396e-06 159186.45 492.147790302872 6673.9 71.5569004359468 6663.5 73.7010854736889 145849.05 472.977745248125 0 0 1.274027 0.0642128091660846 0.06037419 0.0296889674954839 0.066002625 0.0333211800109161 0.5470405 0.0580905054466735 0.7524556 0.0349069969725269 99.833305 0.362636654897156 99.83117 0.366372434962022 80.742205 4.27443277037726 47.169685 3.6694861158308 0.65 0.653834841531101 0.45 0.739932429347437 0.8 0.748331477354788 6.75 2.11837201643149 399175.15 191.511951324193 0.05 0.217944947177034 0.6 1.77200451466694 160 163.148092235245 399014.5 342.788929226135 
50 14581.76 1176.64009595118 245.76 121.506996012575 192.512 132.788757114449 4222.976 617.654526919378 9920.512 952.141179119987 382963.65 14.3152890295656 0.9998948 5.40819748160053e-05 0.9999174 5.44934858492336e-05 0.99994705 7.76836533640549e-06 0.9999482 5.18266340794141e-06 162140.7 742.768947923915 6830.3 78.6607271769083 6789.15 74.2410095567133 148521.25 680.791001335946 0 0 1.2032255 0.0683269188881659 0.0588 0.030122416901703 0.041711115 0.0269229576003691 0.4917038 0.0659138981669268 0.7116676 0.0466020411928491 99.93874 0.219770576738562 99.781735 0.402461753804012 84.14965 2.93959573419543 55.14933 4.83227468798081 0.65 0.57227615711298 0.3 0.458257569495584 0.85 0.792148975887743 7.1 1.60934769394311 406962.95 657.437637726956 0 0 1.3 2.79463772249642 501.3 748.450806666677 406460.35 1394.21007294453 
