#1 Nodes,             #2 AvgThroughput,               #4 totalBKThroughput, 
#6 totalBEThroughput,   #8 totalVIThroughput,           #10 totalVOThroughput,
#12 totalCollisions,    #14 totalBKCollisions,          #16 totalBECollisions,
#18 totalVICollisions,  #20 TotalVOCollisions,          #22 totalInternalCollisions,    
#24 totalBKIntCol,      #26 totalBEIntCol,              #28 totalVIIntCol,
#30 totalVOIntCol,      #32 overallFairness,            #34 BKFairness,
#36 BEFairness,         #38 VIFairness,                 #40 VOFairness,
#42 avgTimeBtSxTxBK,    #44 avgTimeBtSxTxBE,            #46 avgTimeBtSxTxVI,
#48 avgTimeBtSxTxVO,    #50 qEmptyBK,                   #52 qEmptyBE,
#54 qEmptyVI,           #56 qEmptyVO                    #58 totalDropped,
#60 droppedBK,          #62 droppedBE                   #64 droppedVI,
#66 droppedVO
2 32988500 1260900 32988500 1260900 0 0 0 0 0 0 3252 212 0.05171135 0.00877115 nan nan nan nan nan nan 0 0 0 0 0 0 0 0 0 0 1 0 1 0 0 0 0 0 0 0 0.002074695 0.000512915 0 0 0 0 0 0 0 0 0 0 0 0 0 0 0 0 0 0 0 0 0 0 0 0 
3 37246800 961200 37246800 961200 0 0 0 0 0 0 2414.5 80.5 0.0459088 0.0022869 nan nan nan nan nan nan 0 0 0 0 0 0 0 0 0 0 0.999996 4.000000000004e-06 0.999996 4.000000000004e-06 0 0 0 0 0 0 0.00378779 5.84000000000001e-05 0 0 0 0 0 0 0 0 0 0 0 0 0 0 0 0 0 0 0 0 0 0 0 0 
4 41734650 524350 41734650 524350 0 0 0 0 0 0 2159.5 72.5 0.04810885 0.00160145 nan nan nan nan nan nan 0 0 0 0 0 0 0 0 0 0 0.999991 4.99999999997724e-06 0.999991 4.99999999997724e-06 0 0 0 0 0 0 0.00565328 0.00033913 0 0 0 0 0 0 0.5 0.5 0 0 0 0 0 0 0 0 0 0 0 0 0 0 0 0 
5 43365300 389400 43365300 389400 0 0 0 0 0 0 2319.5 46.5 0.0497759 0.0010551 nan nan nan nan nan nan 0 0 0 0 0 0 0 0 0 0 0.999997 1.00000000002876e-06 0.999997 1.00000000002876e-06 0 0 0 0 0 0 0.006855745 0.000192105 0 0 0 0 0 0 0 0 0 0 0 0 0 0 0 0 0 0 0 0 0 0 0 0 
6 45142200 50600 45142200 50600 0 0 0 0 0 0 2289 45 0.05156395 0.00073985 nan nan nan nan nan nan 0 0 0 0 0 0 0 0 0 0 0.9999935 2.50000000001638e-06 0.9999935 2.50000000001638e-06 0 0 0 0 0 0 0.00852252 3.76100000000004e-05 0 0 0 0 0 0 0 0 0 0 0 0 0 0 0 0 0 0 0 0 0 0 0 0 
7 46113150 31150 46113150 31150 0 0 0 0 0 0 2284 39 0.0514057 0.0005708 nan nan nan nan nan nan 0 0 0 0 0 0 0 0 0 0 0.9999925 2.49999999996087e-06 0.9999925 2.49999999996087e-06 0 0 0 0 0 0 0.009868385 5.32450000000004e-05 0 0 0 0 0 0 0 0 0 0 0 0 0 0 0 0 0 0 0 0 0 0 0 0 
8 46755850 19550 46755850 19550 0 0 0 0 0 0 2391 32 0.05235645 0.000270050000000001 nan nan nan nan nan nan 0 0 0 0 0 0 0 0 0 0 0.99999 2.000000000002e-06 0.99999 2.000000000002e-06 0 0 0 0 0 0 0.0110127 7.14000000000001e-05 0 0 0 0 0 0 0 0 0 0 0 0 0 0 0 0 0 0 0 0 0 0 0 0 
9 47326800 27700 47326800 27700 0 0 0 0 0 0 2403 39 0.05248475 0.00095375 nan nan nan nan nan nan 0 0 0 0 0 0 0 0 0 0 0.9999885 6.49999999996487e-06 0.9999885 6.49999999996487e-06 0 0 0 0 0 0 0.01232215 9.75000000000021e-06 0 0 0 0 0 0 0 0 0 0 0 0 0 0 0 0 0 0 0 0 0 0 0 0 
10 47817950 20750 47817950 20750 0 0 0 0 0 0 2406 18 0.051872 0.0004949 nan nan nan nan nan nan 0 0 0 0 0 0 0 0 0 0 0.9999855 6.50000000002038e-06 0.9999855 6.50000000002038e-06 0 0 0 0 0 0 0.01348845 4.09500000000005e-05 0 0 0 0 0 0 0 0 0 0 0 0 0 0 0 0 0 0 0 0 0 0 0 0 
11 48222350 73350 48222350 73350 0 0 0 0 0 0 2418.5 69.5 0.051513 0.0011892 nan nan nan nan nan nan 0 0 0 0 0 0 0 0 0 0 0.9999865 2.50000000001638e-06 0.9999865 2.50000000001638e-06 0 0 0 0 0 0 0.0146494 5.90999999999994e-05 0 0 0 0 0 0 0.5 0.5 0 0 0 0 0 0 0 0 0 0 0 0 0 0 0 0 
12 48470600 32700 48470600 32700 0 0 0 0 0 0 2521.5 10.5 0.0530289 0.0012274 nan nan nan nan nan nan 0 0 0 0 0 0 0 0 0 0 0.9999855 3.49999999998962e-06 0.9999855 3.49999999998962e-06 0 0 0 0 0 0 0.0157855 0.0002081 0 0 0 0 0 0 0 0 0 0 0 0 0 0 1 1 1 1 0 0 0 0 0 0 
13 48776000 62100 48776000 62100 0 0 0 0 0 0 2505.5 44.5 0.0533426 0.000776500000000003 nan nan nan nan nan nan 0 0 0 0 0 0 0 0 0 0 0.999985 2.000000000002e-06 0.999985 2.000000000002e-06 0 0 0 0 0 0 0.01725065 4.34500000000004e-05 0 0 0 0 0 0 0 0 0 0 0 0 0 0 1 0 1 0 0 0 0 0 0 0 
14 48967550 9150 48967550 9150 0 0 0 0 0 0 2550.5 1.5 0.053518 0.0007426 nan nan nan nan nan nan 0 0 0 0 0 0 0 0 0 0 0.9999755 1.49999999998762e-06 0.9999755 1.49999999998762e-06 0 0 0 0 0 0 0.0183744 0.00012 0 0 0 0 0 0 0 0 0 0 0 0 0 0 0.5 0.5 0.5 0.5 0 0 0 0 0 0 
15 49144250 10650 49144250 10650 0 0 0 0 0 0 2601 5 0.0545544 2.57e-05 nan nan nan nan nan nan 0 0 0 0 0 0 0 0 0 0 0.999984 2.000000000002e-06 0.999984 2.000000000002e-06 0 0 0 0 0 0 0.0196134 3.69999999999884e-06 0 0 0 0 0 0 0.5 0.5 0 0 0 0 0 0 0 0 0 0 0 0 0 0 0 0 
16 49416550 2550 49416550 2550 0 0 0 0 0 0 2543.5 16.5 0.0545191 0.000220600000000001 nan nan nan nan nan nan 0 0 0 0 0 0 0 0 0 0 0.9999695 3.49999999998962e-06 0.9999695 3.49999999998962e-06 0 0 0 0 0 0 0.0210918 9.49000000000002e-05 0 0 0 0 0 0 0 0 0 0 0 0 0 0 2.5 1.5 2.5 1.5 0 0 0 0 0 0 
17 49603850 4950 49603850 4950 0 0 0 0 0 0 2542 15 0.0537966 0.000527399999999997 nan nan nan nan nan nan 0 0 0 0 0 0 0 0 0 0 0.999964 7.00000000003476e-06 0.999964 7.00000000003476e-06 0 0 0 0 0 0 0.0222019 8.9800000000001e-05 0 0 0 0 0 0 0 0 0 0 0 0 0 0 0.5 0.5 0.5 0.5 0 0 0 0 0 0 
18 49763150 29750 49763150 29750 0 0 0 0 0 0 2521.5 34.5 0.05358415 0.000408750000000003 nan nan nan nan nan nan 0 0 0 0 0 0 0 0 0 0 0.9999685 3.49999999998962e-06 0.9999685 3.49999999998962e-06 0 0 0 0 0 0 0.023608 8.61999999999998e-05 0 0 0 0 0 0 0.5 0.5 0 0 0 0 0 0 0 0 0 0 0 0 0 0 0 0 
19 49919100 37600 49919100 37600 0 0 0 0 0 0 2507 29 0.05373975 0.000407849999999998 nan nan nan nan nan nan 0 0 0 0 0 0 0 0 0 0 0.9999705 1.05000000000244e-05 0.9999705 1.05000000000244e-05 0 0 0 0 0 0 0.0249661 0.0001095 0 0 0 0 0 0 0 0 0 0 0 0 0 0 0 0 0 0 0 0 0 0 0 0 
20 49894100 77900 49894100 77900 0 0 0 0 0 0 2631.5 43.5 0.0554716 0.000732199999999999 nan nan nan nan nan nan 0 0 0 0 0 0 0 0 0 0 0.9999545 1.34999999999996e-05 0.9999545 1.34999999999996e-05 0 0 0 0 0 0 0.02592085 7.51499999999995e-05 0 0 0 0 0 0 0 0 0 0 0 0 0 0 0.5 0.5 0.5 0.5 0 0 0 0 0 0 
21 50112850 19850 50112850 19850 0 0 0 0 0 0 2558.5 43.5 0.054451 0.0011637 nan nan nan nan nan nan 0 0 0 0 0 0 0 0 0 0 0.9999585 1.25000000000264e-05 0.9999585 1.25000000000264e-05 0 0 0 0 0 0 0.0272899 0.000154 0 0 0 0 0 0 0 0 0 0 0 0 0 0 1 1 1 1 0 0 0 0 0 0 
22 50226450 38050 50226450 38050 0 0 0 0 0 0 2535.5 24.5 0.0539867 0.0008704 nan nan nan nan nan nan 0 0 0 0 0 0 0 0 0 0 0.9999605 2.50000000001638e-06 0.9999605 2.50000000001638e-06 0 0 0 0 0 0 0.0285766 9.99999999999994e-05 0 0 0 0 0 0 0 0 0 0 0 0 0 0 4.5 3.5 4.5 3.5 0 0 0 0 0 0 
23 50176700 43400 50176700 43400 0 0 0 0 0 0 2668 41 0.0561204 0.0001226 nan nan nan nan nan nan 0 0 0 0 0 0 0 0 0 0 0.9999535 2.14999999999521e-05 0.9999535 2.14999999999521e-05 0 0 0 0 0 0 0.0295511 0.0002568 0 0 0 0 0 0 0 0 0 0 0 0 0 0 18.5 16.5 18.5 16.5 0 0 0 0 0 0 
24 50373100 70500 50373100 70500 0 0 0 0 0 0 2583 25 0.0552979 0.0004335 nan nan nan nan nan nan 0 0 0 0 0 0 0 0 0 0 0.9999285 1.15000000000531e-05 0.9999285 1.15000000000531e-05 0 0 0 0 0 0 0.03108545 3.30499999999997e-05 0 0 0 0 0 0 0 0 0 0 0 0 0 0 7 5 7 5 0 0 0 0 0 0 
25 50367400 14900 50367400 14900 0 0 0 0 0 0 2657 12 0.0568529 0.000134800000000001 nan nan nan nan nan nan 0 0 0 0 0 0 0 0 0 0 0.9999455 3.49999999998962e-06 0.9999455 3.49999999998962e-06 0 0 0 0 0 0 0.03232855 2.98500000000014e-05 0 0 0 0 0 0 0 0 0 0 0 0 0 0 20 4 20 4 0 0 0 0 0 0 
26 50423200 129900 50423200 129900 0 0 0 0 0 0 2673 106 0.05626205 0.00323145 nan nan nan nan nan nan 0 0 0 0 0 0 0 0 0 0 0.9999535 9.49999999999562e-06 0.9999535 9.49999999999562e-06 0 0 0 0 0 0 0.0332703 0.0003826 0 0 0 0 0 0 0 0 0 0 0 0 0 0 9 5 9 5 0 0 0 0 0 0 
27 50581900 102100 50581900 102100 0 0 0 0 0 0 2588 85 0.05580475 0.00159455 nan nan nan nan nan nan 0 0 0 0 0 0 0 0 0 0 0.9999345 1.50000000004313e-06 0.9999345 1.50000000004313e-06 0 0 0 0 0 0 0.03496725 2.66499999999996e-05 0 0 0 0 0 0 0 0 0 0 0 0 0 0 12.5 0.5 12.5 0.5 0 0 0 0 0 0 
28 50669500 200 50669500 200 0 0 0 0 0 0 2558.5 5.5 0.05537145 0.000268149999999998 nan nan nan nan nan nan 0 0 0 0 0 0 0 0 0 0 0.999936 2.000000000002e-06 0.999936 2.000000000002e-06 0 0 0 0 0 0 0.03628665 6.23499999999992e-05 0 0 0 0 0 0 0 0 0 0 0 0 0 0 6 4 6 4 0 0 0 0 0 0 
29 50755050 18450 50755050 18450 0 0 0 0 0 0 2569.5 17.5 0.05507205 0.000960849999999999 nan nan nan nan nan nan 0 0 0 0 0 0 0 0 0 0 0.9999435 1.55000000000016e-05 0.9999435 1.55000000000016e-05 0 0 0 0 0 0 0.03736665 0.000131349999999999 0 0 0 0 0 0 0 0 0 0 0 0 0 0 4.5 3.5 4.5 3.5 0 0 0 0 0 0 
30 50688200 117800 50688200 117800 0 0 0 0 0 0 2646.5 71.5 0.0561361 0.0010817 nan nan nan nan nan nan 0 0 0 0 0 0 0 0 0 0 0.999924 1.89999999999912e-05 0.999924 1.89999999999912e-05 0 0 0 0 0 0 0.03845425 0.00011705 0 0 0 0 0 0 0 0 0 0 0 0 0 0 10.5 8.5 10.5 8.5 0 0 0 0 0 0 
31 50850350 50950 50850350 50950 0 0 0 0 0 0 2539.5 10.5 0.0545283 7.65999999999996e-05 nan nan nan nan nan nan 0 0 0 0 0 0 0 0 0 0 0.999935 5.00000000003276e-06 0.999935 5.00000000003276e-06 0 0 0 0 0 0 0.0399554 1.28000000000003e-05 0 0 0 0 0 0 1 0 0 0 0 0 0 0 0.5 0.5 0.5 0.5 0 0 0 0 0 0 
32 50767000 15200 50767000 15200 0 0 0 0 0 0 2669 10 0.0576181 0.0002244 nan nan nan nan nan nan 0 0 0 0 0 0 0 0 0 0 0.999927 5.00000000003276e-06 0.999927 5.00000000003276e-06 0 0 0 0 0 0 0.0412917 6.10000000000194e-06 0 0 0 0 0 0 0 0 0 0 0 0 0 0 17 0 17 0 0 0 0 0 0 0 
33 50801650 18750 50801650 18750 0 0 0 0 0 0 2674.5 1.5 0.0581276 0.0002717 nan nan nan nan nan nan 0 0 0 0 0 0 0 0 0 0 0.999911 5.99999999995049e-06 0.999911 5.99999999995049e-06 0 0 0 0 0 0 0.04263305 0.000153750000000001 0 0 0 0 0 0 0 0 0 0 0 0 0 0 16 14 16 14 0 0 0 0 0 0 
34 50823300 65700 50823300 65700 0 0 0 0 0 0 2698 42 0.0579436 0.0007028 nan nan nan nan nan nan 0 0 0 0 0 0 0 0 0 0 0.9999085 4.50000000001838e-06 0.9999085 4.50000000001838e-06 0 0 0 0 0 0 0.04313235 0.000148750000000003 0 0 0 0 0 0 0 0 0 0 0 0 0 0 30.5 14.5 30.5 14.5 0 0 0 0 0 0 
35 50893400 38600 50893400 38600 0 0 0 0 0 0 2662 31 0.05801215 0.000849450000000002 nan nan nan nan nan nan 0 0 0 0 0 0 0 0 0 0 0.999921 9.99999999973245e-07 0.999921 9.99999999973245e-07 0 0 0 0 0 0 0.04512525 4.91500000000013e-05 0 0 0 0 0 0 0 0 0 0 0 0 0 0 14.5 5.5 14.5 5.5 0 0 0 0 0 0 
36 50947350 68450 50947350 68450 0 0 0 0 0 0 2634.5 63.5 0.05818815 0.00202305 nan nan nan nan nan nan 0 0 0 0 0 0 0 0 0 0 0.999914 1.8000000000018e-05 0.999914 1.8000000000018e-05 0 0 0 0 0 0 0.04679455 0.00022115 0 0 0 0 0 0 0 0 0 0 0 0 0 0 13.5 7.5 13.5 7.5 0 0 0 0 0 0 
37 51027800 130800 51027800 130800 0 0 0 0 0 0 2613 94 0.0578747 0.0021082 nan nan nan nan nan nan 0 0 0 0 0 0 0 0 0 0 0.999893 2.000000000002e-05 0.999893 2.000000000002e-05 0 0 0 0 0 0 0.048 4.30000000000014e-05 0 0 0 0 0 0 0 0 0 0 0 0 0 0 25.5 3.5 25.5 3.5 0 0 0 0 0 0 
38 50951700 86900 50951700 86900 0 0 0 0 0 0 2703 64 0.0603044 0.000830499999999998 nan nan nan nan nan nan 0 0 0 0 0 0 0 0 0 0 0.999871 3.00000000003076e-06 0.999871 3.00000000003076e-06 0 0 0 0 0 0 0.0493018 0.000296499999999998 0 0 0 0 0 0 0.5 0.5 0 0 0 0 0 0 36 9 36 9 0 0 0 0 0 0 
39 51053750 31150 51053750 31150 0 0 0 0 0 0 2661 38 0.05882815 0.00054765 nan nan nan nan nan nan 0 0 0 0 0 0 0 0 0 0 0.999868 1.89999999999912e-05 0.999868 1.89999999999912e-05 0 0 0 0 0 0 0.05041135 3.58500000000005e-05 0 0 0 0 0 0 0 0 0 0 0 0 0 0 16 2 16 2 0 0 0 0 0 0 
40 51115900 43000 51115900 43000 0 0 0 0 0 0 2615.5 18.5 0.0576114 0.000324499999999998 nan nan nan nan nan nan 0 0 0 0 0 0 0 0 0 0 0.999871 4.000000000004e-06 0.999871 4.000000000004e-06 0 0 0 0 0 0 0.0517658 5.82000000000013e-05 0 0 0 0 0 0 0.5 0.5 0 0 0 0 0 0 14.5 2.5 14.5 2.5 0 0 0 0 0 0 
