#1 Nodes,             #2 AvgThroughput,               #4 totalBKThroughput, 
#6 totalBEThroughput,   #8 totalVIThroughput,           #10 totalVOThroughput,
#12 totalCollisions,    #14 totalBKCollisions,          #16 totalBECollisions,
#18 totalVICollisions,  #20 TotalVOCollisions,          #22 totalInternalCollisions,    
#24 totalBKIntCol,      #26 totalBEIntCol,              #28 totalVIIntCol,
#30 totalVOIntCol,      #32 overallFairness,            #34 BKFairness,
#36 BEFairness,         #38 VIFairness,                 #40 VOFairness,
#42 avgTimeBtSxTxBK,    #44 avgTimeBtSxTxBE,            #46 avgTimeBtSxTxVI,
#48 avgTimeBtSxTxVO,    #50 qEmptyBK,                   #52 qEmptyBE,
#54 qEmptyVI,           #56 qEmptyVO                    #58 totalDropped,
#60 droppedBK,          #62 droppedBE                   #64 droppedVI,
#66 droppedVO
2 11874500 913200 11874500 913200 0 0 0 0 0 0 3285.5 102.5 0.0382192 0.0052124 nan nan nan nan nan nan 0 0 0 0 0 0 0 0 0 0 0.9688625 0.0311255 0.9688625 0.0311255 0 0 0 0 0 0 0.001441125 0.000159885 0 0 0 0 0 0 0 0 0 0 0 0 0 0 0 0 0 0 0 0 0 0 0 0 
4 13668600 35500 13668600 35500 0 0 0 0 0 0 4930.5 128.5 0.04763005 0.00123585 nan nan nan nan nan nan 0 0 0 0 0 0 0 0 0 0 0.999961 1.00000000002876e-06 0.999961 1.00000000002876e-06 0 0 0 0 0 0 0.00239741 6.22999999999986e-06 0 0 0 0 0 0 0.5 0.5 0 0 0 0 0 0 0 0 0 0 0 0 0 0 0 0 
6 16642650 4450 16642650 4450 0 0 0 0 0 0 6204.5 42.5 0.0494998 0.0002202 nan nan nan nan nan nan 0 0 0 0 0 0 0 0 0 0 0.9999605 7.49999999999362e-06 0.9999605 7.49999999999362e-06 0 0 0 0 0 0 0.002953485 8.1499999999993e-07 0 0 0 0 0 0 0 0 0 0 0 0 0 0 0 0 0 0 0 0 0 0 0 0 
8 18746150 250 18746150 250 0 0 0 0 0 0 7087 7 0.05047905 2.18500000000003e-05 nan nan nan nan nan nan 0 0 0 0 0 0 0 0 0 0 0.9999615 3.49999999998962e-06 0.9999615 3.49999999998962e-06 0 0 0 0 0 0 0.003496085 3.5000000000009e-08 0 0 0 0 0 0 0 0 0 0 0 0 0 0 0 0 0 0 0 0 0 0 0 0 
10 20298900 7600 20298900 7600 0 0 0 0 0 0 7761 3 0.0515562 2.04000000000003e-05 nan nan nan nan nan nan 0 0 0 0 0 0 0 0 0 0 0.999958 2.19999999999665e-05 0.999958 2.19999999999665e-05 0 0 0 0 0 0 0.004035845 1.59500000000007e-06 0 0 0 0 0 0 0 0 0 0 0 0 0 0 0.5 0.5 0.5 0.5 0 0 0 0 0 0 
12 21521500 4900 21521500 4900 0 0 0 0 0 0 8221.5 14.5 0.05185235 9.1850000000001e-05 nan nan nan nan nan nan 0 0 0 0 0 0 0 0 0 0 0.9999825 3.50000000004513e-06 0.9999825 3.50000000004513e-06 0 0 0 0 0 0 0.00456778 1.06000000000021e-06 0 0 0 0 0 0 0 0 0 0 0 0 0 0 0 0 0 0 0 0 0 0 0 0 
14 22422400 5700 22422400 5700 0 0 0 0 0 0 8856.5 7.5 0.0538531 3.91999999999997e-05 nan nan nan nan nan nan 0 0 0 0 0 0 0 0 0 0 0.999963 1.4000000000014e-05 0.999963 1.4000000000014e-05 0 0 0 0 0 0 0.005115055 1.36500000000013e-06 0 0 0 0 0 0 0 0 0 0 0 0 0 0 0 0 0 0 0 0 0 0 0 0 
16 23208800 9200 23208800 9200 0 0 0 0 0 0 9133.5 23.5 0.05427315 0.000214249999999999 nan nan nan nan nan nan 0 0 0 0 0 0 0 0 0 0 0.999957 4.000000000004e-06 0.999957 4.000000000004e-06 0 0 0 0 0 0 0.00564772 2.21999999999983e-06 0 0 0 0 0 0 0 0 0 0 0 0 0 0 1.5 0.5 1.5 0.5 0 0 0 0 0 0 
18 23794350 8350 23794350 8350 0 0 0 0 0 0 9585 41 0.05599145 0.000242050000000001 nan nan nan nan nan nan 0 0 0 0 0 0 0 0 0 0 0.999908 8.000000000008e-06 0.999908 8.000000000008e-06 0 0 0 0 0 0 0.00619764 2.11999999999999e-06 0 0 0 0 0 0 0 0 0 0 0 0 0 0 0.5 0.5 0.5 0.5 0 0 0 0 0 0 
#1 Nodes,             #2 AvgThroughput,               #4 totalBKThroughput, 
#6 totalBEThroughput,   #8 totalVIThroughput,           #10 totalVOThroughput,
#12 totalCollisions,    #14 totalBKCollisions,          #16 totalBECollisions,
#18 totalVICollisions,  #20 TotalVOCollisions,          #22 totalInternalCollisions,    
#24 totalBKIntCol,      #26 totalBEIntCol,              #28 totalVIIntCol,
#30 totalVOIntCol,      #32 overallFairness,            #34 BKFairness,
#36 BEFairness,         #38 VIFairness,                 #40 VOFairness,
#42 avgTimeBtSxTxBK,    #44 avgTimeBtSxTxBE,            #46 avgTimeBtSxTxVI,
#48 avgTimeBtSxTxVO,    #50 qEmptyBK,                   #52 qEmptyBE,
#54 qEmptyVI,           #56 qEmptyVO                    #58 totalDropped,
#60 droppedBK,          #62 droppedBE                   #64 droppedVI,
#66 droppedVO
20 24333450 8150 24333450 8150 0 0 0 0 0 0 9857.5 58.5 0.05665355 0.000156449999999999 nan nan nan nan nan nan 0 0 0 0 0 0 0 0 0 0 0.999922 2.8000000000028e-05 0.999922 2.8000000000028e-05 0 0 0 0 0 0 0.00673361 2.43000000000031e-06 0 0 0 0 0 0 0 0 0 0 0 0 0 0 1 0 1 0 0 0 0 0 0 0 
22 24778350 6150 24778350 6150 0 0 0 0 0 0 10142 19 0.0576301 0.000123599999999998 nan nan nan nan nan nan 0 0 0 0 0 0 0 0 0 0 0.9999135 2.50000000001638e-06 0.9999135 2.50000000001638e-06 0 0 0 0 0 0 0.007274045 1.825e-06 0 0 0 0 0 0 0 0 0 0 0 0 0 0 0 0 0 0 0 0 0 0 0 0 
24 25169550 4450 25169550 4450 0 0 0 0 0 0 10335.5 28.5 0.0584524 0.000265100000000001 nan nan nan nan nan nan 0 0 0 0 0 0 0 0 0 0 0.9998785 1.14999999999976e-05 0.9998785 1.14999999999976e-05 0 0 0 0 0 0 0.007812235 1.28499999999974e-06 0 0 0 0 0 0 0 0 0 0 0 0 0 0 0.5 0.5 0.5 0.5 0 0 0 0 0 0 
26 25470900 26300 25470900 26300 0 0 0 0 0 0 10728 135 0.06027165 0.000726250000000001 nan nan nan nan nan nan 0 0 0 0 0 0 0 0 0 0 0.9998885 3.49999999998962e-06 0.9998885 3.49999999998962e-06 0 0 0 0 0 0 0.008363065 8.61500000000001e-06 0 0 0 0 0 0 0 0 0 0 0 0 0 0 0.5 0.5 0.5 0.5 0 0 0 0 0 0 
28 25718450 50 25718450 50 0 0 0 0 0 0 11076.5 13.5 0.06237785 0.000173149999999997 nan nan nan nan nan nan 0 0 0 0 0 0 0 0 0 0 0.999891 1.69999999999892e-05 0.999891 1.69999999999892e-05 0 0 0 0 0 0 0.00891966 1.20000000000155e-07 0 0 0 0 0 0 0 0 0 0 0 0 0 0 0 0 0 0 0 0 0 0 0 0 
30 25955000 3000 25955000 3000 0 0 0 0 0 0 11356.5 3.5 0.06382945 0.00015805 nan nan nan nan nan nan 0 0 0 0 0 0 0 0 0 0 0.999847 1.59999999999605e-05 0.999847 1.59999999999605e-05 0 0 0 0 0 0 0.009470105 9.44999999999592e-07 0 0 0 0 0 0 0 0 0 0 0 0 0 0 3 1 3 1 0 0 0 0 0 0 
32 26211100 2200 26211100 2200 0 0 0 0 0 0 11409.5 44.5 0.0640274 0.0001011 nan nan nan nan nan nan 0 0 0 0 0 0 0 0 0 0 0.9998025 1.84999999999769e-05 0.9998025 1.84999999999769e-05 0 0 0 0 0 0 0.0100032 1.00000000000013e-06 0 0 0 0 0 0 0 0 0 0 0 0 0 0 1.5 0.5 1.5 0.5 0 0 0 0 0 0 
34 26412100 31100 26412100 31100 0 0 0 0 0 0 11599 129 0.0651815 0.000699100000000001 nan nan nan nan nan nan 0 0 0 0 0 0 0 0 0 0 0.99978 1.09999999999832e-05 0.99978 1.09999999999832e-05 0 0 0 0 0 0 0.0105478 1.22999999999998e-05 0 0 0 0 0 0 0.5 0.5 0 0 0 0 0 0 3 0 3 0 0 0 0 0 0 0 
36 26577950 14750 26577950 14750 0 0 0 0 0 0 11809 81 0.0664712 0.000449100000000001 nan nan nan nan nan nan 0 0 0 0 0 0 0 0 0 0 0.99981 5.19999999999965e-05 0.99981 5.19999999999965e-05 0 0 0 0 0 0 0.01109815 5.55e-06 0 0 0 0 0 0 0 0 0 0 0 0 0 0 3.5 1.5 3.5 1.5 0 0 0 0 0 0 
38 26684550 27250 26684550 27250 0 0 0 0 0 0 12241.5 105.5 0.06931165 0.000926250000000003 nan nan nan nan nan nan 0 0 0 0 0 0 0 0 0 0 0.999815 3.2000000000032e-05 0.999815 3.2000000000032e-05 0 0 0 0 0 0 0.0116679 1.22999999999998e-05 0 0 0 0 0 0 0.5 0.5 0 0 0 0 0 0 7 1 7 1 0 0 0 0 0 0 
40 26849900 9600 26849900 9600 0 0 0 0 0 0 12343 36 0.0696647 0.000337200000000003 nan nan nan nan nan nan 0 0 0 0 0 0 0 0 0 0 0.9998085 2.55000000000116e-05 0.9998085 2.55000000000116e-05 0 0 0 0 0 0 0.01220645 4.05000000000023e-06 0 0 0 0 0 0 0 0 0 0 0 0 0 0 3.5 1.5 3.5 1.5 0 0 0 0 0 0 
42 26954350 7050 26954350 7050 0 0 0 0 0 0 12613.5 35.5 0.071923 0.000208899999999998 nan nan nan nan nan nan 0 0 0 0 0 0 0 0 0 0 0.9997585 1.34999999999996e-05 0.9997585 1.34999999999996e-05 0 0 0 0 0 0 0.01276775 3.15000000000037e-06 0 0 0 0 0 0 0 0 0 0 0 0 0 0 7.5 2.5 7.5 2.5 0 0 0 0 0 0 
44 27072700 35600 27072700 35600 0 0 0 0 0 0 12781 175 0.0729456 0.0011721 nan nan nan nan nan nan 0 0 0 0 0 0 0 0 0 0 0.999769 7.00000000000145e-05 0.999769 7.00000000000145e-05 0 0 0 0 0 0 0.0133171 1.84e-05 0 0 0 0 0 0 0 0 0 0 0 0 0 0 7 1 7 1 0 0 0 0 0 0 
46 27129900 28200 27129900 28200 0 0 0 0 0 0 13187 133 0.07593415 0.00101715 nan nan nan nan nan nan 0 0 0 0 0 0 0 0 0 0 0.999713 7.60000000000205e-05 0.999713 7.60000000000205e-05 0 0 0 0 0 0 0.0138938 1.34000000000002e-05 0 0 0 0 0 0 0.5 0.5 0 0 0 0 0 0 11 0 11 0 0 0 0 0 0 0 
48 27223300 12600 27223300 12600 0 0 0 0 0 0 13375 87 0.07728595 0.000494550000000003 nan nan nan nan nan nan 0 0 0 0 0 0 0 0 0 0 0.99972 4.99999999997724e-06 0.99972 4.99999999997724e-06 0 0 0 0 0 0 0.01444795 6.85000000000009e-06 0 0 0 0 0 0 0 0 0 0 0 0 0 0 8 2 8 2 0 0 0 0 0 0 
50 27324800 6900 27324800 6900 0 0 0 0 0 0 13475 33 0.07808915 0.000316749999999998 nan nan nan nan nan nan 0 0 0 0 0 0 0 0 0 0 0.9997805 1.49999999998762e-06 0.9997805 1.49999999998762e-06 0 0 0 0 0 0 0.0149933 3.79999999999998e-06 0 0 0 0 0 0 0 0 0 0 0 0 0 0 16.5 0.5 16.5 0.5 0 0 0 0 0 0 
52 27407950 19250 27407950 19250 0 0 0 0 0 0 13632.5 73.5 0.0792483 0.000652400000000004 nan nan nan nan nan nan 0 0 0 0 0 0 0 0 0 0 0.9997165 3.35000000000196e-05 0.9997165 3.35000000000196e-05 0 0 0 0 0 0 0.01554665 1.14499999999997e-05 0 0 0 0 0 0 0 0 0 0 0 0 0 0 17.5 2.5 17.5 2.5 0 0 0 0 0 0 
54 27470850 9450 27470850 9450 0 0 0 0 0 0 13848.5 38.5 0.080818 0.000404799999999997 nan nan nan nan nan nan 0 0 0 0 0 0 0 0 0 0 0.9997375 1.50000000004313e-06 0.9997375 1.50000000004313e-06 0 0 0 0 0 0 0.0161073 5.5999999999997e-06 0 0 0 0 0 0 0 0 0 0 0 0 0 0 14.5 4.5 14.5 4.5 0 0 0 0 0 0 
56 27475450 22650 27475450 22650 0 0 0 0 0 0 14301 113 0.08422505 0.000711549999999998 nan nan nan nan nan nan 0 0 0 0 0 0 0 0 0 0 0.999692 1.6000000000016e-05 0.999692 1.6000000000016e-05 0 0 0 0 0 0 0.0167019 1.34999999999996e-05 0 0 0 0 0 0 0 0 0 0 0 0 0 0 22.5 6.5 22.5 6.5 0 0 0 0 0 0 
58 27553200 12200 27553200 12200 0 0 0 0 0 0 14379 70 0.084929 0.000572999999999997 nan nan nan nan nan nan 0 0 0 0 0 0 0 0 0 0 0.999646 3.30000000000052e-05 0.999646 3.30000000000052e-05 0 0 0 0 0 0 0.01725035 8.15000000000017e-06 0 0 0 0 0 0 0 0 0 0 0 0 0 0 15 3 15 3 0 0 0 0 0 0 
60 27603400 35700 27603400 35700 0 0 0 0 0 0 14559 171 0.0867773 0.0013045 nan nan nan nan nan nan 0 0 0 0 0 0 0 0 0 0 0.999578 3.99999999999845e-05 0.999578 3.99999999999845e-05 0 0 0 0 0 0 0.017814 2.23999999999988e-05 0 0 0 0 0 0 0.5 0.5 0 0 0 0 0 0 28.5 8.5 28.5 8.5 0 0 0 0 0 0 
62 27632800 23700 27632800 23700 0 0 0 0 0 0 14839.5 145.5 0.0890894 0.0005649 nan nan nan nan nan nan 0 0 0 0 0 0 0 0 0 0 0.9995255 7.95000000000101e-05 0.9995255 7.95000000000101e-05 0 0 0 0 0 0 0.01838915 1.43499999999998e-05 0 0 0 0 0 0 0 0 0 0 0 0 0 0 25.5 0.5 25.5 0.5 0 0 0 0 0 0 
64 27668500 7500 27668500 7500 0 0 0 0 0 0 15088 51 0.09058415 2.80500000000017e-05 nan nan nan nan nan nan 0 0 0 0 0 0 0 0 0 0 0.999564 9.10000000000077e-05 0.999564 9.10000000000077e-05 0 0 0 0 0 0 0.01895705 6.95000000000036e-06 0 0 0 0 0 0 0.5 0.5 0 0 0 0 0 0 27.5 1.5 27.5 1.5 0 0 0 0 0 0 
66 27648500 9200 27648500 9200 0 0 0 0 0 0 15576.5 43.5 0.09437435 0.000776449999999998 nan nan nan nan nan nan 0 0 0 0 0 0 0 0 0 0 0.9996345 5.14999999999821e-05 0.9996345 5.14999999999821e-05 0 0 0 0 0 0 0.0195623 5.5000000000003e-06 0 0 0 0 0 0 0 0 0 0 0 0 0 0 26 2 26 2 0 0 0 0 0 0 
68 27698950 19050 27698950 19050 0 0 0 0 0 0 15668 87 0.09538185 0.000888649999999998 nan nan nan nan nan nan 0 0 0 0 0 0 0 0 0 0 0.9995675 1.74999999999481e-05 0.9995675 1.74999999999481e-05 0 0 0 0 0 0 0.02011955 1.34500000000017e-05 0 0 0 0 0 0 0 0 0 0 0 0 0 0 33 2 33 2 0 0 0 0 0 0 
70 27725500 16600 27725500 16600 0 0 0 0 0 0 15889 92 0.0972404 0.0006998 nan nan nan nan nan nan 0 0 0 0 0 0 0 0 0 0 0.9996065 1.95000000000056e-05 0.9996065 1.95000000000056e-05 0 0 0 0 0 0 0.0206908 1.19000000000005e-05 0 0 0 0 0 0 0 0 0 0 0 0 0 0 44 14 44 14 0 0 0 0 0 0 
