#1 Nodes,                 #2 AvgThroughput,               #4 totalBKThroughput, 
#6 totalBEThroughput,       #8 totalVIThroughput,           #10 totalVOThroughput,
#12 totalCollisions,        #14 totalBKCollisions,          #16 totalBECollisions,
#18 totalVICollisions,      #20 TotalVOCollisions,          #22 totalInternalCollisions,    
#24 totalBKIntCol,          #26 totalBEIntCol,              #28 totalVIIntCol,
#30 totalVOIntCol,          #32 overallFairness,            #34 BKFairness,
#36 BEFairness,             #38 VIFairness,                 #40 VOFairness,
#42 avgTimeBtSxTxBK,        #44 avgTimeBtSxTxBE,            #46 avgTimeBtSxTxVI,
#48 avgTimeBtSxTxVO,        #50 qEmptyBK,                   #52 qEmptyBE,
#54 qEmptyVI,               #56 qEmptyVO                    #58 totalDropped,
#60 droppedBK,              #62 droppedBE                   #64 droppedVI,
#66 droppedVO               #68 channelErrors               #70 stickiness
#72 totalThroughputUnsat    #74 totalThroughputSat          #76 totalThroughputEDCA
#78 totalBKthroughputEDCA   #80 totalBEthroughputEDCA       #82 totalVIthroughputEDCA
#84 totalVOthroughputEDCA   #86 totalThroughputECA          #88 totalBKthroughputECA
#90 totalBEthroughputECA    #92 totalVIthroughputECA        #94 totalVOthroughputECA
#96 avgTimeBtSxTxBkEDCA     #98 avgTimeBtSxTxBeEDCA         #100 avgTimeBtSxTxViEDCA
#102 avgTimeBtSxTxVoEDCA    #104 avgTimeBtSxTxBkECA         #106 avgTimeBtSxTxBeECA
#108 avgTimeBtSxTxViECA     #110 avgTimeBtSxTxVoECA         #112 BKCollisionsEDCA
#114 BECollisionsEDCA       #116 VICollisionsEDCA           #118 VOCollisionsEDCA
#120 BKCollisionsECA        #122 BECollisionsECA            #124 VICollisionsECA
#126 VOCollisionsECA
1 24046600 2000 24046600 2000 0 0 0 0 0 0 0 0 0 0 0 0 0 0 0 0 0 0 0 0 0 0 0 0 0 0 1 0 1 0 0 0 0 0 0 0 0.0004890495 4.04999999999872e-08 0 0 0 0 0 0 0 0 0 0 0 0 0 0 0 0 0 0 0 0 0 0 0 0 0 0 0 0 0 0 24046600 2000 24046600 2000 24046600 2000 0 0 0 0 0 0 0 0 0 0 0 0 0 0 0 0 0.0004890495 4.04999999999872e-08 0 0 0 0 0 0 0 0 0 0 0 0 0 0 0 0 0 0 0 0 0 0 
2 24176050 3250 24176050 3250 0 0 0 0 0 0 12769.5 20.5 0.110503 0.000170999999999998 0 0 0 0 0 0 0 0 0 0 0 0 0 0 0 0 0.999994 2.000000000002e-06 0.999994 2.000000000002e-06 0 0 0 0 0 0 0.000972868 1.27999999999955e-07 0 0 0 0 0 0 0 0 0 0 0 0 0 0 0 0 0 0 0 0 0 0 0 0 0 0 0 0 0 0 24176050 3250 24176050 3250 24176050 3250 0 0 0 0 0 0 0 0 0 0 0 0 0 0 0 0 0.000972868 1.27999999999955e-07 0 0 0 0 0 0 0 0 0 0 0 0 0 0 0.110503 0.000170999999999998 0 0 0 0 0 0 
3 23646800 1900 23646800 1900 0 0 0 0 0 0 22174.5 5.5 0.1832535 7.04999999999872e-05 0 0 0 0 0 0 0 0 0 0 0 0 0 0 0 0 0.999987 2.000000000002e-06 0.999987 2.000000000002e-06 0 0 0 0 0 0 0.001491975 1.24999999999908e-07 0 0 0 0 0 0 0 0 0 0 0 0 0 0 2 1 2 1 0 0 0 0 0 0 0 0 0 0 0 0 23646800 1900 23646800 1900 23646800 1900 0 0 0 0 0 0 0 0 0 0 0 0 0 0 0 0 0.001491975 1.24999999999908e-07 0 0 0 0 0 0 0 0 0 0 0 0 0 0 0.1832535 7.04999999999872e-05 0 0 0 0 0 0 
4 23097450 17150 23097450 17150 0 0 0 0 0 0 29296 121 0.2354055 0.000824499999999992 0 0 0 0 0 0 0 0 0 0 0 0 0 0 0 0 0.99992 7.89999999999957e-05 0.99992 7.89999999999957e-05 0 0 0 0 0 0 0.00203675 1.35000000000001e-06 0 0 0 0 0 0 0 0 0 0 0 0 0 0 8.5 2.5 8.5 2.5 0 0 0 0 0 0 0 0 0 0 0 0 23097450 17150 23097450 17150 23097450 17150 0 0 0 0 0 0 0 0 0 0 0 0 0 0 0 0 0.00203675 1.35000000000001e-06 0 0 0 0 0 0 0 0 0 0 0 0 0 0 0.2354055 0.000824499999999992 0 0 0 0 0 0 
5 22614550 9350 22614550 9350 0 0 0 0 0 0 34993 66 0.275281 0.000421999999999978 0 0 0 0 0 0 0 0 0 0 0 0 0 0 0 0 0.999962 1.6000000000016e-05 0.999962 1.6000000000016e-05 0 0 0 0 0 0 0.002600195 1.11499999999988e-06 0 0 0 0 0 0 0 0 0 0 0 0 0 0 29.5 4.5 29.5 4.5 0 0 0 0 0 0 0 0 0 0 0 0 22614550 9350 22614550 9350 22614550 9350 0 0 0 0 0 0 0 0 0 0 0 0 0 0 0 0 0.002600195 1.11499999999988e-06 0 0 0 0 0 0 0 0 0 0 0 0 0 0 0.275281 0.000421999999999978 0 0 0 0 0 0 
6 22190150 1050 22190150 1050 0 0 0 0 0 0 39622.5 29.5 0.306393 0.000171000000000004 0 0 0 0 0 0 0 0 0 0 0 0 0 0 0 0 0.9998385 1.95000000000056e-05 0.9998385 1.95000000000056e-05 0 0 0 0 0 0 0.003180295 2.15000000000024e-07 0 0 0 0 0 0 0 0 0 0 0 0 0 0 56.5 1.5 56.5 1.5 0 0 0 0 0 0 0 0 0 0 0 0 22190150 1050 22190150 1050 22190150 1050 0 0 0 0 0 0 0 0 0 0 0 0 0 0 0 0 0.003180295 2.15000000000024e-07 0 0 0 0 0 0 0 0 0 0 0 0 0 0 0.306393 0.000171000000000004 0 0 0 0 0 0 
7 21804250 6350 21804250 6350 0 0 0 0 0 0 43656.5 46.5 0.333063 0.000139 0 0 0 0 0 0 0 0 0 0 0 0 0 0 0 0 0.999822 6.40000000000085e-05 0.999822 6.40000000000085e-05 0 0 0 0 0 0 0.00377608 1.34000000000007e-06 0 0 0 0 0 0 0 0 0 0 0 0 0 0 112 5 112 5 0 0 0 0 0 0 0 0 0 0 0 0 21804250 6350 21804250 6350 21804250 6350 0 0 0 0 0 0 0 0 0 0 0 0 0 0 0 0 0.00377608 1.34000000000007e-06 0 0 0 0 0 0 0 0 0 0 0 0 0 0 0.333063 0.000139 0 0 0 0 0 0 
8 21470150 2150 21470150 2150 0 0 0 0 0 0 47105.5 15.5 0.354864 0.000155999999999989 0 0 0 0 0 0 0 0 0 0 0 0 0 0 0 0 0.999619 0.000151000000000012 0.999619 0.000151000000000012 0 0 0 0 0 0 0.00438353 1.89999999999739e-07 0 0 0 0 0 0 0 0 0 0 0 0 0 0 172.5 0.5 172.5 0.5 0 0 0 0 0 0 0 0 0 0 0 0 21470150 2150 21470150 2150 21470150 2150 0 0 0 0 0 0 0 0 0 0 0 0 0 0 0 0 0.00438353 1.89999999999739e-07 0 0 0 0 0 0 0 0 0 0 0 0 0 0 0.354864 0.000155999999999989 0 0 0 0 0 0 
9 21171800 11400 21171800 11400 0 0 0 0 0 0 50177 112 0.37422 0.00067600000000001 0 0 0 0 0 0 0 0 0 0 0 0 0 0 0 0 0.9997725 6.65000000000249e-05 0.9997725 6.65000000000249e-05 0 0 0 0 0 0 0.00500022 2.3600000000003e-06 0 0 0 0 0 0 0 0 0 0 0 0 0 0 219 8 219 8 0 0 0 0 0 0 0 0 0 0 0 0 21171800 11400 21171800 11400 21171800 11400 0 0 0 0 0 0 0 0 0 0 0 0 0 0 0 0 0.00500022 2.3600000000003e-06 0 0 0 0 0 0 0 0 0 0 0 0 0 0 0.37422 0.00067600000000001 0 0 0 0 0 0 
10 20915350 23250 20915350 23250 0 0 0 0 0 0 52784 201 0.390426 0.00119999999999998 0 0 0 0 0 0 0 0 0 0 0 0 0 0 0 0 0.9994875 1.14999999999976e-05 0.9994875 1.14999999999976e-05 0 0 0 0 0 0 0.005625535 6.31499999999979e-06 0 0 0 0 0 0 0 0 0 0 0 0 0 0 297 12 297 12 0 0 0 0 0 0 0 0 0 0 0 0 20915350 23250 20915350 23250 20915350 23250 0 0 0 0 0 0 0 0 0 0 0 0 0 0 0 0 0.005625535 6.31499999999979e-06 0 0 0 0 0 0 0 0 0 0 0 0 0 0 0.390426 0.00119999999999998 0 0 0 0 0 0 
11 20631700 7200 20631700 7200 0 0 0 0 0 0 55507 70 0.406577 0.000356999999999996 0 0 0 0 0 0 0 0 0 0 0 0 0 0 0 0 0.99965 0.000178999999999985 0.99965 0.000178999999999985 0 0 0 0 0 0 0.006272145 1.08500000000006e-06 0 0 0 0 0 0 0 0 0 0 0 0 0 0 394 4 394 4 0 0 0 0 0 0 0 0 0 0 0 0 20631700 7200 20631700 7200 20631700 7200 0 0 0 0 0 0 0 0 0 0 0 0 0 0 0 0 0.006272145 1.08500000000006e-06 0 0 0 0 0 0 0 0 0 0 0 0 0 0 0.406577 0.000356999999999996 0 0 0 0 0 0 
12 20374200 2400 20374200 2400 0 0 0 0 0 0 58019.5 30.5 0.4218405 4.04999999999989e-05 0 0 0 0 0 0 0 0 0 0 0 0 0 0 0 0 0.999681 4.10000000000132e-05 0.999681 4.10000000000132e-05 0 0 0 0 0 0 0.006928595 1.07499999999969e-06 0 0 0 0 0 0 0 0 0 0 0 0 0 0 433 20 433 20 0 0 0 0 0 0 0 0 0 0 0 0 20374200 2400 20374200 2400 20374200 2400 0 0 0 0 0 0 0 0 0 0 0 0 0 0 0 0 0.006928595 1.07499999999969e-06 0 0 0 0 0 0 0 0 0 0 0 0 0 0 0.4218405 4.04999999999989e-05 0 0 0 0 0 0 
13 20152750 9650 20152750 9650 0 0 0 0 0 0 60167 44 0.434233 0.000639000000000001 0 0 0 0 0 0 0 0 0 0 0 0 0 0 0 0 0.9995165 7.75000000000081e-05 0.9995165 7.75000000000081e-05 0 0 0 0 0 0 0.007589715 4.24499999999994e-06 0 0 0 0 0 0 0 0 0 0 0 0 0 0 549 15 549 15 0 0 0 0 0 0 0 0 0 0 0 0 20152750 9650 20152750 9650 20152750 9650 0 0 0 0 0 0 0 0 0 0 0 0 0 0 0 0 0.007589715 4.24499999999994e-06 0 0 0 0 0 0 0 0 0 0 0 0 0 0 0.434233 0.000639000000000001 0 0 0 0 0 0 
14 19958600 4900 19958600 4900 0 0 0 0 0 0 62025.5 77.5 0.445411 0.000317999999999985 0 0 0 0 0 0 0 0 0 0 0 0 0 0 0 0 0.9997475 9.55000000000261e-05 0.9997475 9.55000000000261e-05 0 0 0 0 0 0 0.008251135 1.25500000000035e-06 0 0 0 0 0 0 0 0 0 0 0 0 0 0 689.5 12.5 689.5 12.5 0 0 0 0 0 0 0 0 0 0 0 0 19958600 4900 19958600 4900 19958600 4900 0 0 0 0 0 0 0 0 0 0 0 0 0 0 0 0 0.008251135 1.25500000000035e-06 0 0 0 0 0 0 0 0 0 0 0 0 0 0 0.445411 0.000317999999999985 0 0 0 0 0 0 
15 19729750 4150 19729750 4150 0 0 0 0 0 0 64179.5 32.5 0.4577795 1.65000000000026e-05 0 0 0 0 0 0 0 0 0 0 0 0 0 0 0 0 0.9994935 5.00000000014378e-07 0.9994935 5.00000000014378e-07 0 0 0 0 0 0 0.00894524 1.79999999999972e-06 0 0 0 0 0 0 0 0 0 0 0 0 0 0 801.5 23.5 801.5 23.5 0 0 0 0 0 0 0 0 0 0 0 0 19729750 4150 19729750 4150 19729750 4150 0 0 0 0 0 0 0 0 0 0 0 0 0 0 0 0 0.00894524 1.79999999999972e-06 0 0 0 0 0 0 0 0 0 0 0 0 0 0 0.4577795 1.65000000000026e-05 0 0 0 0 0 0 
16 19550350 24650 19550350 24650 0 0 0 0 0 0 65913.5 200.5 0.46738 0.00103600000000001 0 0 0 0 0 0 0 0 0 0 0 0 0 0 0 0 0.9995495 7.95000000000101e-05 0.9995495 7.95000000000101e-05 0 0 0 0 0 0 0.0096287 1.13600000000002e-05 0 0 0 0 0 0 0 0 0 0 0 0 0 0 915.5 13.5 915.5 13.5 0 0 0 0 0 0 0 0 0 0 0 0 19550350 24650 19550350 24650 19550350 24650 0 0 0 0 0 0 0 0 0 0 0 0 0 0 0 0 0.0096287 1.13600000000002e-05 0 0 0 0 0 0 0 0 0 0 0 0 0 0 0.46738 0.00103600000000001 0 0 0 0 0 0 
17 19341600 16400 19341600 16400 0 0 0 0 0 0 67871 134 0.4780105 0.00103350000000002 0 0 0 0 0 0 0 0 0 0 0 0 0 0 0 0 0.9995155 1.15000000000531e-05 0.9995155 1.15000000000531e-05 0 0 0 0 0 0 0.01034125 8.6499999999998e-06 0 0 0 0 0 0 0 0 0 0 0 0 0 0 1037.5 54.5 1037.5 54.5 0 0 0 0 0 0 0 0 0 0 0 0 19341600 16400 19341600 16400 19341600 16400 0 0 0 0 0 0 0 0 0 0 0 0 0 0 0 0 0.01034125 8.6499999999998e-06 0 0 0 0 0 0 0 0 0 0 0 0 0 0 0.4780105 0.00103350000000002 0 0 0 0 0 0 
18 19182200 9900 19182200 9900 0 0 0 0 0 0 69375 84 0.486583 0.000552999999999998 0 0 0 0 0 0 0 0 0 0 0 0 0 0 0 0 0.999314 8.000000000008e-06 0.999314 8.000000000008e-06 0 0 0 0 0 0 0.0110427 5.79999999999938e-06 0 0 0 0 0 0 0 0 0 0 0 0 0 0 1184 6 1184 6 0 0 0 0 0 0 0 0 0 0 0 0 19182200 9900 19182200 9900 19182200 9900 0 0 0 0 0 0 0 0 0 0 0 0 0 0 0 0 0.0110427 5.79999999999938e-06 0 0 0 0 0 0 0 0 0 0 0 0 0 0 0.486583 0.000552999999999998 0 0 0 0 0 0 
19 19000600 1700 19000600 1700 0 0 0 0 0 0 71047.5 20.5 0.495942 0.000144000000000005 0 0 0 0 0 0 0 0 0 0 0 0 0 0 0 0 0.9989725 0.00018849999999998 0.9989725 0.00018849999999998 0 0 0 0 0 0 0.01177185 1.24999999999952e-06 0 0 0 0 0 0 0 0 0 0 0 0 0 0 1303 15 1303 15 0 0 0 0 0 0 0 0 0 0 0 0 19000600 1700 19000600 1700 19000600 1700 0 0 0 0 0 0 0 0 0 0 0 0 0 0 0 0 0.01177185 1.24999999999952e-06 0 0 0 0 0 0 0 0 0 0 0 0 0 0 0.495942 0.000144000000000005 0 0 0 0 0 0 
20 18844300 6900 18844300 6900 0 0 0 0 0 0 72556.5 52.5 0.504101 0.000309000000000004 0 0 0 0 0 0 0 0 0 0 0 0 0 0 0 0 0.999434 3.00000000003076e-06 0.999434 3.00000000003076e-06 0 0 0 0 0 0 0.01248815 4.44999999999959e-06 0 0 0 0 0 0 0 0 0 0 0 0 0 0 1424.5 10.5 1424.5 10.5 0 0 0 0 0 0 0 0 0 0 0 0 18844300 6900 18844300 6900 18844300 6900 0 0 0 0 0 0 0 0 0 0 0 0 0 0 0 0 0.01248815 4.44999999999959e-06 0 0 0 0 0 0 0 0 0 0 0 0 0 0 0.504101 0.000309000000000004 0 0 0 0 0 0 
21 18681600 3900 18681600 3900 0 0 0 0 0 0 74060.5 24.5 0.512246 0.000151000000000012 0 0 0 0 0 0 0 0 0 0 0 0 0 0 0 0 0.999267 9.90000000000157e-05 0.999267 9.90000000000157e-05 0 0 0 0 0 0 0.01322905 1.55000000000034e-06 0 0 0 0 0 0 0 0 0 0 0 0 0 0 1622 49 1622 49 0 0 0 0 0 0 0 0 0 0 0 0 18681600 3900 18681600 3900 18681600 3900 0 0 0 0 0 0 0 0 0 0 0 0 0 0 0 0 0.01322905 1.55000000000034e-06 0 0 0 0 0 0 0 0 0 0 0 0 0 0 0.512246 0.000151000000000012 0 0 0 0 0 0 
22 18541850 36150 18541850 36150 0 0 0 0 0 0 75339 315 0.518874 0.00154599999999999 0 0 0 0 0 0 0 0 0 0 0 0 0 0 0 0 0.9992275 0.000201500000000021 0.9992275 0.000201500000000021 0 0 0 0 0 0 0.0139641 3.00999999999999e-05 0 0 0 0 0 0 0 0 0 0 0 0 0 0 1788.5 0.5 1788.5 0.5 0 0 0 0 0 0 0 0 0 0 0 0 18541850 36150 18541850 36150 18541850 36150 0 0 0 0 0 0 0 0 0 0 0 0 0 0 0 0 0.0139641 3.00999999999999e-05 0 0 0 0 0 0 0 0 0 0 0 0 0 0 0.518874 0.00154599999999999 0 0 0 0 0 0 
23 18377850 7350 18377850 7350 0 0 0 0 0 0 76833.5 80.5 0.526802 0.000160999999999967 0 0 0 0 0 0 0 0 0 0 0 0 0 0 0 0 0.9991075 0.000274500000000011 0.9991075 0.000274500000000011 0 0 0 0 0 0 0.01473085 9.64999999999994e-06 0 0 0 0 0 0 0 0 0 0 0 0 0 0 1950.5 29.5 1950.5 29.5 0 0 0 0 0 0 0 0 0 0 0 0 18377850 7350 18377850 7350 18377850 7350 0 0 0 0 0 0 0 0 0 0 0 0 0 0 0 0 0.01473085 9.64999999999994e-06 0 0 0 0 0 0 0 0 0 0 0 0 0 0 0.526802 0.000160999999999967 0 0 0 0 0 0 
24 18231000 11100 18231000 11100 0 0 0 0 0 0 78207.5 115.5 0.533834 0.000406000000000017 0 0 0 0 0 0 0 0 0 0 0 0 0 0 0 0 0.999303 0.00012899999999999 0.999303 0.00012899999999999 0 0 0 0 0 0 0.01549215 7.25000000000031e-06 0 0 0 0 0 0 0 0 0 0 0 0 0 0 2087 6 2087 6 0 0 0 0 0 0 0 0 0 0 0 0 18231000 11100 18231000 11100 18231000 11100 0 0 0 0 0 0 0 0 0 0 0 0 0 0 0 0 0.01549215 7.25000000000031e-06 0 0 0 0 0 0 0 0 0 0 0 0 0 0 0.533834 0.000406000000000017 0 0 0 0 0 0 
25 18105450 8250 18105450 8250 0 0 0 0 0 0 79388 70 0.5401505 0.000182499999999974 0 0 0 0 0 0 0 0 0 0 0 0 0 0 0 0 0.9992055 0.000111499999999987 0.9992055 0.000111499999999987 0 0 0 0 0 0 0.0162509 9.19999999999914e-06 0 0 0 0 0 0 0 0 0 0 0 0 0 0 2275.5 0.5 2275.5 0.5 0 0 0 0 0 0 0 0 0 0 0 0 18105450 8250 18105450 8250 18105450 8250 0 0 0 0 0 0 0 0 0 0 0 0 0 0 0 0 0.0162509 9.19999999999914e-06 0 0 0 0 0 0 0 0 0 0 0 0 0 0 0.5401505 0.000182499999999974 0 0 0 0 0 0 
