#1 Nodes,                 #2 AvgThroughput,               #4 totalBKThroughput, 
#6 totalBEThroughput,       #8 totalVIThroughput,           #10 totalVOThroughput,
#12 totalCollisions,        #14 totalBKCollisions,          #16 totalBECollisions,
#18 totalVICollisions,      #20 TotalVOCollisions,          #22 totalInternalCollisions,    
#24 totalBKIntCol,          #26 totalBEIntCol,              #28 totalVIIntCol,
#30 totalVOIntCol,          #32 overallFairness,            #34 BKFairness,
#36 BEFairness,             #38 VIFairness,                 #40 VOFairness,
#42 avgTimeBtSxTxBK,        #44 avgTimeBtSxTxBE,            #46 avgTimeBtSxTxVI,
#48 avgTimeBtSxTxVO,        #50 qEmptyBK,                   #52 qEmptyBE,
#54 qEmptyVI,               #56 qEmptyVO                    #58 totalDropped,
#60 droppedBK,              #62 droppedBE                   #64 droppedVI,
#66 droppedVO               #68 channelErrors               #70 stickiness
#72 totalThroughputUnsat    #74 totalThroughputSat          #76 totalThroughputEDCA
#78 totalBKthroughputEDCA   #80 totalBEthroughputEDCA       #82 totalVIthroughputEDCA
#84 totalVOthroughputEDCA   #86 totalThroughputECA          #88 totalBKthroughputECA
#90 totalBEthroughputECA    #92 totalVIthroughputECA        #94 totalVOthroughputECA
#96 avgTimeBtSxTxBkEDCA     #98 avgTimeBtSxTxBeEDCA         #100 avgTimeBtSxTxViEDCA
#102 avgTimeBtSxTxVoEDCA    #104 avgTimeBtSxTxBkECA         #106 avgTimeBtSxTxBeECA
#108 avgTimeBtSxTxViECA     #110 avgTimeBtSxTxVoECA         #112 BKCollisionsEDCA
#114 BECollisionsEDCA       #116 VICollisionsEDCA           #118 VOCollisionsEDCA
#120 BKCollisionsECA        #122 BECollisionsECA            #124 VICollisionsECA
#126 VOCollisionsECA
1 24037390 3885.47294418582 24037390 3885.47294418582 0 0 0 0 0 0 0 0 0 0 0 0 0 0 0 0 0 0 0 0 0 0 0 0 0 0 1 0 1 0 0 0 0 0 0 0 0.0004892374 7.90293616322331e-08 0 0 0 0 0 0 0 0 0 0 0 0 0 0 0 0 0 0 0 0 0 0 0 0 0 0 0 0 0 0 24037390 3885.47294418582 0 0 0 0 0 0 0 0 0 0 24037390 3885.47294418582 24037390 3885.47294418582 0 0 0 0 0 0 0 0 0 0 0 0 0 0 0.0004892374 7.90293616322331e-08 0 0 0 0 0 0 0 0 0 0 0 0 0 0 nan nan nan nan nan nan 
2 24185700 20293.2993867434 24185700 20293.2993867434 0 0 0 0 0 0 6321.6 64.5619082741519 0.1094876 0.00107661248367275 0 0 0 0 0 0 0 0 0 0 0 0 0 0 0 0 0.9999935 5.88642506110315e-06 0.9999935 5.88642506110315e-06 0 0 0 0 0 0 0.000972481 8.15220583645908e-07 0 0 0 0 0 0 0 0 0 0 0 0 0 0 0 0 0 0 0 0 0 0 0 0 0 0 0 0 0 0 24185700 20293.2993867434 0 0 0 0 0 0 0 0 0 0 24185700 20293.2993867434 24185700 20293.2993867434 0 0 0 0 0 0 0 0 0 0 0 0 0 0 0.000972481 8.15220583645908e-07 0 0 0 0 0 0 0 0 0 0 0 0 0 0 0.1094876 0.00107661248367275 nan nan nan nan nan nan 
3 23653980 21308.3457828148 23653980 21308.3457828148 0 0 0 0 0 0 11035.4 67.7424534542409 0.1825319 0.00105113695111532 0 0 0 0 0 0 0 0 0 0 0 0 0 0 0 0 0.9999538 3.02879513998547e-05 0.9999538 3.02879513998547e-05 0 0 0 0 0 0 0.001491569 1.36349147412075e-06 0 0 0 0 0 0 0 0 0 0 0 0 0 0 0.5 0.806225774829855 0.5 0.806225774829855 0 0 0 0 0 0 0 0 0 0 0 0 23653980 21308.3457828148 0 0 0 0 0 0 0 0 0 0 23653980 21308.3457828148 23653980 21308.3457828148 0 0 0 0 0 0 0 0 0 0 0 0 0 0 0.001491569 1.36349147412075e-06 0 0 0 0 0 0 0 0 0 0 0 0 0 0 0.1825319 0.00105113695111532 nan nan nan nan nan nan 
4 23115000 23612.6237423968 23115000 23612.6237423968 0 0 0 0 0 0 14585.3 89.2984322370779 0.2343596 0.00119259852423186 0 0 0 0 0 0 0 0 0 0 0 0 0 0 0 0 0.9998774 9.80634488481801e-05 0.9998774 9.80634488481801e-05 0 0 0 0 0 0 0.002035287 2.01129336497684e-06 0 0 0 0 0 0 0 0 0 0 0 0 0 0 5.1 2.77308492477241 5.1 2.77308492477241 0 0 0 0 0 0 0 0 0 0 0 0 23115000 23612.6237423968 0 0 0 0 0 0 0 0 0 0 23115000 23612.6237423968 23115000 23612.6237423968 0 0 0 0 0 0 0 0 0 0 0 0 0 0 0.002035287 2.01129336497684e-06 0 0 0 0 0 0 0 0 0 0 0 0 0 0 0.2343596 0.00119259852423186 nan nan nan nan nan nan 
5 22636330 22697.2267028375 22636330 22697.2267028375 0 0 0 0 0 0 17386.1 94.3360482530406 0.2735142 0.00122520062030673 0 0 0 0 0 0 0 0 0 0 0 0 0 0 0 0 0.9997974 0.000117559516841488 0.9997974 0.000117559516841488 0 0 0 0 0 0 0.002598109 2.46274014057511e-06 0 0 0 0 0 0 0 0 0 0 0 0 0 0 13.7 2.60959767013998 13.7 2.60959767013998 0 0 0 0 0 0 0 0 0 0 0 0 22636330 22697.2267028375 0 0 0 0 0 0 0 0 0 0 22636330 22697.2267028375 22636330 22697.2267028375 0 0 0 0 0 0 0 0 0 0 0 0 0 0 0.002598109 2.46274014057511e-06 0 0 0 0 0 0 0 0 0 0 0 0 0 0 0.2735142 0.00122520062030673 nan nan nan nan nan nan 
6 22215350 20487.2277285142 22215350 20487.2277285142 0 0 0 0 0 0 19709.8 75.202127629476 0.3046902 0.00115112117520268 0 0 0 0 0 0 0 0 0 0 0 0 0 0 0 0 0.9997224 0.000133846329796529 0.9997224 0.000133846329796529 0 0 0 0 0 0 0.003177054 2.81870963385729e-06 0 0 0 0 0 0 0 0 0 0 0 0 0 0 30.8 5.4 30.8 5.4 0 0 0 0 0 0 0 0 0 0 0 0 22215350 20487.2277285142 0 0 0 0 0 0 0 0 0 0 22215350 20487.2277285142 22215350 20487.2277285142 0 0 0 0 0 0 0 0 0 0 0 0 0 0 0.003177054 2.81870963385729e-06 0 0 0 0 0 0 0 0 0 0 0 0 0 0 0.3046902 0.00115112117520268 nan nan nan nan nan nan 
7 21840810 24085.5330021986 21840810 24085.5330021986 0 0 0 0 0 0 21695.2 91.6371103865677 0.3309704 0.00116168620547892 0 0 0 0 0 0 0 0 0 0 0 0 0 0 0 0 0.9995778 0.000278723805944166 0.9995778 0.000278723805944166 0 0 0 0 0 0 0.003770655 3.76948869211727e-06 0 0 0 0 0 0 0 0 0 0 0 0 0 0 56.5 6.05392434706612 56.5 6.05392434706612 0 0 0 0 0 0 0 0 0 0 0 0 21840810 24085.5330021986 0 0 0 0 0 0 0 0 0 0 21840810 24085.5330021986 21840810 24085.5330021986 0 0 0 0 0 0 0 0 0 0 0 0 0 0 0.003770655 3.76948869211727e-06 0 0 0 0 0 0 0 0 0 0 0 0 0 0 0.3309704 0.00116168620547892 nan nan nan nan nan nan 
8 21497400 20746.8551833766 21497400 20746.8551833766 0 0 0 0 0 0 23457.4 82.7673848807609 0.3534423 0.0011047841463381 0 0 0 0 0 0 0 0 0 0 0 0 0 0 0 0 0.999613 0.00020105919526348 0.999613 0.00020105919526348 0 0 0 0 0 0 0.004378013 4.12887890352824e-06 0 0 0 0 0 0 0 0 0 0 0 0 0 0 80.1 7.51598296964542 80.1 7.51598296964542 0 0 0 0 0 0 0 0 0 0 0 0 21497400 20746.8551833766 0 0 0 0 0 0 0 0 0 0 21497400 20746.8551833766 21497400 20746.8551833766 0 0 0 0 0 0 0 0 0 0 0 0 0 0 0.004378013 4.12887890352824e-06 0 0 0 0 0 0 0 0 0 0 0 0 0 0 0.3534423 0.0011047841463381 nan nan nan nan nan nan 
9 21200880 23182.4416315452 21200880 23182.4416315452 0 0 0 0 0 0 24974.7 93.5895827536377 0.3726159 0.00114774461009407 0 0 0 0 0 0 0 0 0 0 0 0 0 0 0 0 0.9994582 0.000223900334970729 0.9994582 0.000223900334970729 0 0 0 0 0 0 0.004994929 5.69842337844421e-06 0 0 0 0 0 0 0 0 0 0 0 0 0 0 109.2 8.86340792246413 109.2 8.86340792246413 0 0 0 0 0 0 0 0 0 0 0 0 21200880 23182.4416315452 0 0 0 0 0 0 0 0 0 0 21200880 23182.4416315452 21200880 23182.4416315452 0 0 0 0 0 0 0 0 0 0 0 0 0 0 0.004994929 5.69842337844421e-06 0 0 0 0 0 0 0 0 0 0 0 0 0 0 0.3726159 0.00114774461009407 nan nan nan nan nan nan 
10 20909670 25947.0248776233 20909670 25947.0248776233 0 0 0 0 0 0 26421.7 104.719673414311 0.3905094 0.00111083681969946 0 0 0 0 0 0 0 0 0 0 0 0 0 0 0 0 0.9991967 0.000440264023058884 0.9991967 0.000440264023058884 0 0 0 0 0 0 0.005628694 6.08779631722334e-06 0 0 0 0 0 0 0 0 0 0 0 0 0 0 142.2 4.16653333119993 142.2 4.16653333119993 0 0 0 0 0 0 0 0 0 0 0 0 20909670 25947.0248776233 0 0 0 0 0 0 0 0 0 0 20909670 25947.0248776233 20909670 25947.0248776233 0 0 0 0 0 0 0 0 0 0 0 0 0 0 0.005628694 6.08779631722334e-06 0 0 0 0 0 0 0 0 0 0 0 0 0 0 0.3905094 0.00111083681969946 nan nan nan nan nan nan 
11 20650060 17837.7240700713 20650060 17837.7240700713 0 0 0 0 0 0 27694.7 71.9305915449053 0.4057877 0.000800271460193358 0 0 0 0 0 0 0 0 0 0 0 0 0 0 0 0 0.9993516 0.000213733572468147 0.9993516 0.000213733572468147 0 0 0 0 0 0 0.006268412 5.42160455953773e-06 0 0 0 0 0 0 0 0 0 0 0 0 0 0 186.9 8.37197706638044 186.9 8.37197706638044 0 0 0 0 0 0 0 0 0 0 0 0 20650060 17837.7240700713 0 0 0 0 0 0 0 0 0 0 20650060 17837.7240700713 20650060 17837.7240700713 0 0 0 0 0 0 0 0 0 0 0 0 0 0 0.006268412 5.42160455953773e-06 0 0 0 0 0 0 0 0 0 0 0 0 0 0 0.4057877 0.000800271460193358 nan nan nan nan nan nan 
12 20407360 21660.8494754938 20407360 21660.8494754938 0 0 0 0 0 0 28867.9 90.2734180143856 0.4199263 0.00107543935672822 0 0 0 0 0 0 0 0 0 0 0 0 0 0 0 0 0.9990323 0.000365977881845332 0.9990323 0.000365977881845332 0 0 0 0 0 0 0.006921911 8.32848059372183e-06 0 0 0 0 0 0 0 0 0 0 0 0 0 0 237 19.3597520645281 237 19.3597520645281 0 0 0 0 0 0 0 0 0 0 0 0 20407360 21660.8494754938 0 0 0 0 0 0 0 0 0 0 20407360 21660.8494754938 20407360 21660.8494754938 0 0 0 0 0 0 0 0 0 0 0 0 0 0 0.006921911 8.32848059372183e-06 0 0 0 0 0 0 0 0 0 0 0 0 0 0 0.4199263 0.00107543935672822 nan nan nan nan nan nan 
13 20174400 31644.3043848336 20174400 31644.3043848336 0 0 0 0 0 0 29985.1 125.729431717478 0.4333028 0.00151732869214288 0 0 0 0 0 0 0 0 0 0 0 0 0 0 0 0 0.9991714 0.000295364249698578 0.9991714 0.000295364249698578 0 0 0 0 0 0 0.007584174 1.27449434679013e-05 0 0 0 0 0 0 0 0 0 0 0 0 0 0 288.7 14.1141772696817 288.7 14.1141772696817 0 0 0 0 0 0 0 0 0 0 0 0 20174400 31644.3043848336 0 0 0 0 0 0 0 0 0 0 20174400 31644.3043848336 20174400 31644.3043848336 0 0 0 0 0 0 0 0 0 0 0 0 0 0 0.007584174 1.27449434679013e-05 0 0 0 0 0 0 0 0 0 0 0 0 0 0 0.4333028 0.00151732869214288 nan nan nan nan nan nan 
14 19953160 14612.0635093063 19953160 14612.0635093063 0 0 0 0 0 0 31054.4 70.4247115720043 0.4456534 0.000815606424692692 0 0 0 0 0 0 0 0 0 0 0 0 0 0 0 0 0.9990286 0.000407118705048054 0.9990286 0.000407118705048054 0 0 0 0 0 0 0.00825934 6.72289818456287e-06 0 0 0 0 0 0 0 0 0 0 0 0 0 0 329.1 9.7205966895042 329.1 9.7205966895042 0 0 0 0 0 0 0 0 0 0 0 0 19953160 14612.0635093063 0 0 0 0 0 0 0 0 0 0 19953160 14612.0635093063 19953160 14612.0635093063 0 0 0 0 0 0 0 0 0 0 0 0 0 0 0.00825934 6.72289818456287e-06 0 0 0 0 0 0 0 0 0 0 0 0 0 0 0.4456534 0.000815606424692692 nan nan nan nan nan nan 
15 19758600 19938.0039121272 19758600 19938.0039121272 0 0 0 0 0 0 31977.2 74.7753970233525 0.4560485 0.000752576806711453 0 0 0 0 0 0 0 0 0 0 0 0 0 0 0 0 0.9988957 0.00031185126262371 0.9988957 0.00031185126262371 0 0 0 0 0 0 0.008937622 9.67210194321761e-06 0 0 0 0 0 0 0 0 0 0 0 0 0 0 393.9 21.9337639268777 393.9 21.9337639268777 0 0 0 0 0 0 0 0 0 0 0 0 19758600 19938.0039121272 0 0 0 0 0 0 0 0 0 0 19758600 19938.0039121272 19758600 19938.0039121272 0 0 0 0 0 0 0 0 0 0 0 0 0 0 0.008937622 9.67210194321761e-06 0 0 0 0 0 0 0 0 0 0 0 0 0 0 0.4560485 0.000752576806711453 nan nan nan nan nan nan 
16 19555570 17035.6126981098 19555570 17035.6126981098 0 0 0 0 0 0 32938.6 73.5638498176924 0.4669598 0.000674684192789484 0 0 0 0 0 0 0 0 0 0 0 0 0 0 0 0 0.9988482 0.000209071662355286 0.9988482 0.000209071662355286 0 0 0 0 0 0 0.009632944 8.45203549448301e-06 0 0 0 0 0 0 0 0 0 0 0 0 0 0 457.3 12.9618671494503 457.3 12.9618671494503 0 0 0 0 0 0 0 0 0 0 0 0 19555570 17035.6126981098 0 0 0 0 0 0 0 0 0 0 19555570 17035.6126981098 19555570 17035.6126981098 0 0 0 0 0 0 0 0 0 0 0 0 0 0 0.009632944 8.45203549448301e-06 0 0 0 0 0 0 0 0 0 0 0 0 0 0 0.4669598 0.000674684192789484 nan nan nan nan nan nan 
17 19376050 23733.1940538984 19376050 23733.1940538984 0 0 0 0 0 0 33789.8 100.665584983151 0.4765708 0.000917869794687683 0 0 0 0 0 0 0 0 0 0 0 0 0 0 0 0 0.9985803 0.000729618126145451 0.9985803 0.000729618126145451 0 0 0 0 0 0 0.01033254 1.14618672126315e-05 0 0 0 0 0 0 0 0 0 0 0 0 0 0 526.1 13.1715602720407 526.1 13.1715602720407 0 0 0 0 0 0 0 0 0 0 0 0 19376050 23733.1940538984 0 0 0 0 0 0 0 0 0 0 19376050 23733.1940538984 19376050 23733.1940538984 0 0 0 0 0 0 0 0 0 0 0 0 0 0 0.01033254 1.14618672126315e-05 0 0 0 0 0 0 0 0 0 0 0 0 0 0 0.4765708 0.000917869794687683 nan nan nan nan nan nan 
18 19194890 17073.2217229204 19194890 17073.2217229204 0 0 0 0 0 0 34638.6 72.8988340098797 0.4860165 0.000729632544504426 0 0 0 0 0 0 0 0 0 0 0 0 0 0 0 0 0.9986264 0.00029001420654857 0.9986264 0.00029001420654857 0 0 0 0 0 0 0.01104303 1.16158555431791e-05 0 0 0 0 0 0 0 0 0 0 0 0 0 0 596.7 20.3177262507398 596.7 20.3177262507398 0 0 0 0 0 0 0 0 0 0 0 0 19194890 17073.2217229204 0 0 0 0 0 0 0 0 0 0 19194890 17073.2217229204 19194890 17073.2217229204 0 0 0 0 0 0 0 0 0 0 0 0 0 0 0.01104303 1.16158555431791e-05 0 0 0 0 0 0 0 0 0 0 0 0 0 0 0.4860165 0.000729632544504426 nan nan nan nan nan nan 
19 19030330 26728.5633732904 19030330 26728.5633732904 0 0 0 0 0 0 35417.2 105.288935790994 0.4945945 0.000945960807856228 0 0 0 0 0 0 0 0 0 0 0 0 0 0 0 0 0.9987204 0.000243408791952965 0.9987204 0.000243408791952965 0 0 0 0 0 0 0.01175633 1.71654915455398e-05 0 0 0 0 0 0 0 0 0 0 0 0 0 0 657.4 23.6567115212576 657.4 23.6567115212576 0 0 0 0 0 0 0 0 0 0 0 0 19030330 26728.5633732904 0 0 0 0 0 0 0 0 0 0 19030330 26728.5633732904 19030330 26728.5633732904 0 0 0 0 0 0 0 0 0 0 0 0 0 0 0.01175633 1.71654915455398e-05 0 0 0 0 0 0 0 0 0 0 0 0 0 0 0.4945945 0.000945960807856228 nan nan nan nan nan nan 
20 18880280 20909.940219905 18880280 20909.940219905 0 0 0 0 0 0 36119.5 86.3171477749352 0.5023248 0.000889108182394023 0 0 0 0 0 0 0 0 0 0 0 0 0 0 0 0 0.9988196 0.000409115191602564 0.9988196 0.000409115191602564 0 0 0 0 0 0 0.01247217 1.59470404777813e-05 0 0 0 0 0 0 0 0 0 0 0 0 0 0 744 22.3203942617508 744 22.3203942617508 0 0 0 0 0 0 0 0 0 0 0 0 18880280 20909.940219905 0 0 0 0 0 0 0 0 0 0 18880280 20909.940219905 18880280 20909.940219905 0 0 0 0 0 0 0 0 0 0 0 0 0 0 0.01247217 1.59470404777813e-05 0 0 0 0 0 0 0 0 0 0 0 0 0 0 0.5023248 0.000889108182394023 nan nan nan nan nan nan 
21 18696760 21889.6413858245 18696760 21889.6413858245 0 0 0 0 0 0 36962.5 89.7566153550812 0.5112569 0.000642786504214281 0 0 0 0 0 0 0 0 0 0 0 0 0 0 0 0 0.9983739 0.000469796647497627 0.9983739 0.000469796647497627 0 0 0 0 0 0 0.01323043 1.79053651177517e-05 0 0 0 0 0 0 0 0 0 0 0 0 0 0 802.7 28.4044010674402 802.7 28.4044010674402 0 0 0 0 0 0 0 0 0 0 0 0 18696760 21889.6413858245 0 0 0 0 0 0 0 0 0 0 18696760 21889.6413858245 18696760 21889.6413858245 0 0 0 0 0 0 0 0 0 0 0 0 0 0 0.01323043 1.79053651177517e-05 0 0 0 0 0 0 0 0 0 0 0 0 0 0 0.5112569 0.000642786504214281 nan nan nan nan nan nan 
22 18547820 21821.3106847412 18547820 21821.3106847412 0 0 0 0 0 0 37651.3 85.6201494976504 0.5187559 0.000821364651053344 0 0 0 0 0 0 0 0 0 0 0 0 0 0 0 0 0.9983382 0.00043650562424782 0.9983382 0.00043650562424782 0 0 0 0 0 0 0.01397201 1.96733042471264e-05 0 0 0 0 0 0 0 0 0 0 0 0 0 0 884.2 35.4677318135795 884.2 35.4677318135795 0 0 0 0 0 0 0 0 0 0 0 0 18547820 21821.3106847412 0 0 0 0 0 0 0 0 0 0 18547820 21821.3106847412 18547820 21821.3106847412 0 0 0 0 0 0 0 0 0 0 0 0 0 0 0.01397201 1.96733042471264e-05 0 0 0 0 0 0 0 0 0 0 0 0 0 0 0.5187559 0.000821364651053344 nan nan nan nan nan nan 
23 18398290 11210.214092514 18398290 11210.214092514 0 0 0 0 0 0 38336.9 51.8583648026044 0.5259281 0.000535650156352069 0 0 0 0 0 0 0 0 0 0 0 0 0 0 0 0 0.9982109 0.000601791899247557 0.9982109 0.000601791899247557 0 0 0 0 0 0 0.01472779 1.06597795474392e-05 0 0 0 0 0 0 0 0 0 0 0 0 0 0 969 30.3710388363651 969 30.3710388363651 0 0 0 0 0 0 0 0 0 0 0 0 18398290 11210.214092514 0 0 0 0 0 0 0 0 0 0 18398290 11210.214092514 18398290 11210.214092514 0 0 0 0 0 0 0 0 0 0 0 0 0 0 0.01472779 1.06597795474392e-05 0 0 0 0 0 0 0 0 0 0 0 0 0 0 0.5259281 0.000535650156352069 nan nan nan nan nan nan 
24 18237030 23685.5251155637 18237030 23685.5251155637 0 0 0 0 0 0 39076.9 93.3278629349242 0.5332475 0.000852720616614851 0 0 0 0 0 0 0 0 0 0 0 0 0 0 0 0 0.9983529 0.000420865881249596 0.9983529 0.000420865881249596 0 0 0 0 0 0 0.01550181 1.8075809802053e-05 0 0 0 0 0 0 0 0 0 0 0 0 0 0 1048.7 17.493141513176 1048.7 17.493141513176 0 0 0 0 0 0 0 0 0 0 0 0 18237030 23685.5251155637 0 0 0 0 0 0 0 0 0 0 18237030 23685.5251155637 18237030 23685.5251155637 0 0 0 0 0 0 0 0 0 0 0 0 0 0 0.01550181 1.8075809802053e-05 0 0 0 0 0 0 0 0 0 0 0 0 0 0 0.5332475 0.000852720616614851 nan nan nan nan nan nan 
25 18119410 18214.7440278473 18119410 18214.7440278473 0 0 0 0 0 0 39626.9 75.2229353322509 0.5391744 0.00050122055025707 0 0 0 0 0 0 0 0 0 0 0 0 0 0 0 0 0.998188 0.000722798035415152 0.998188 0.000722798035415152 0 0 0 0 0 0 0.01625505 2.15735138537973e-05 0 0 0 0 0 0 0 0 0 0 0 0 0 0 1125.5 25.7963175666606 1125.5 25.7963175666606 0 0 0 0 0 0 0 0 0 0 0 0 18119410 18214.7440278473 0 0 0 0 0 0 0 0 0 0 18119410 18214.7440278473 18119410 18214.7440278473 0 0 0 0 0 0 0 0 0 0 0 0 0 0 0.01625505 2.15735138537973e-05 0 0 0 0 0 0 0 0 0 0 0 0 0 0 0.5391744 0.00050122055025707 nan nan nan nan nan nan 
