#1 Nodes,             #2 minimumCP,               #3 timeOfMinimumCP,
#4 slotCount,         #5 maximumCp,               #6 timeOfMaximumCP,
#7 slotCount
1 0 0.005016 100 0  
2 0 0.009141 100 0.03 0.0087285 100
3 0.01 0.0120285 100 0.04 0.010791 100
4 0.02 0.014091 100 0.06 0.012441 100
5 0.0416667 0.088716 600 0.08 0.0145035 100
6 0.04625 0.114441 800 0.09 0.0153285 100
7 0.058 0.0750285 500 0.11 0.015741 100
8 0.075 0.0352035 200 0.13 0.0178035 100
9 0.08 0.107691 600 0.15 0.0169785 100
10 0.0892857 0.242766 1400 0.14 0.023166 100
11 0.096383 0.841304 4700 0.2 0.027291 100
12 0.1 0.204179 1100 0.2 0.021516 100
13 0.113925 2.04577 10700 0.21 0.0260535 100
14 0.124 0.199979 1000 0.23 0.0244035 100
15 0.125 0.188429 1000 0.23 0.0235785 100
16 0.135472 1.11442 5300 0.26 0.0260535 100
17 0.141471 0.747516 3400 0.28 0.026466 100
18 0.142857 0.587841 2800 0.27 0.0293535 100
19 0.153846 2.29222 10400 0.28 0.025641 100
20 0.1565 0.430903 2000 0.28 0.025641 100
21 0.16431 1.29629 5800 0.33 0.0260535 100
22 0.168222 1.0111 4500 0.31 0.027291 100
23 0.172 0.211941 1000 0.33 0.033066 100
24 0.183415 1.92055 8200 0.37 0.0301785 100
25 0.185 1.04197 4400 0.35 0.028941 100
