70 0.864477 1000 0.127 0.332 0.541
70 2.0054 2000 0.067 0.3455 0.5875
70 3.16948 3000 0.0473333 0.345667 0.607
70 4.28281 4000 0.03725 0.33975 0.623
70 5.44711 5000 0.0308 0.3362 0.633
70 6.5872 6000 0.0261667 0.331333 0.6425
70 7.76199 7000 0.0224286 0.329 0.648571
70 8.93018 8000 0.019625 0.32725 0.653125
70 10.1193 9000 0.0174444 0.326444 0.656111
70 11.3007 10000 0.0157 0.3256 0.6587
70 12.4778 11000 0.0142727 0.324909 0.660818
70 13.6613 12000 0.0130833 0.324333 0.662583
70 14.8351 13000 0.0120769 0.323692 0.664231
70 16.0056 14000 0.0112143 0.323071 0.665714
70 17.1805 15000 0.0104667 0.322733 0.6668
70 18.3488 16000 0.0098125 0.32225 0.667937
70 19.5007 17000 0.00923529 0.321529 0.669235
70 20.6799 18000 0.00872222 0.321333 0.669944
70 21.8568 19000 0.00826316 0.321053 0.670684
70 23.0405 20000 0.00785 0.321 0.67115
70 24.2231 21000 0.00747619 0.320857 0.671667
70 25.4001 22000 0.00713636 0.320682 0.672182
70 26.5792 23000 0.00682609 0.320522 0.672652
70 27.7518 24000 0.00654167 0.320292 0.673167
70 28.9235 25000 0.00628 0.32016 0.67356
70 30.0918 26000 0.00603846 0.32 0.673962
70 31.2557 27000 0.00581481 0.319778 0.674407
70 32.4218 28000 0.00560714 0.319571 0.674821
70 33.6 29000 0.00541379 0.319483 0.675103
70 34.7748 30000 0.00523333 0.319367 0.6754
70 35.9584 31000 0.00506452 0.319355 0.675581
70 37.1442 32000 0.00490625 0.319344 0.67575
70 38.3223 33000 0.00475758 0.319273 0.67597
70 39.4972 34000 0.00461765 0.319206 0.676176
70 40.6697 35000 0.00448571 0.319086 0.676429
70 41.8403 36000 0.00436111 0.319028 0.676611
70 43.0141 37000 0.00424324 0.318973 0.676784
70 44.1649 38000 0.00413158 0.318763 0.677105
70 45.3397 39000 0.00402564 0.318667 0.677308
70 46.5079 40000 0.003925 0.318575 0.6775
70 47.6971 41000 0.00382927 0.31861 0.677561
70 48.8785 42000 0.0037381 0.318595 0.677667
70 50.0555 43000 0.00365116 0.318581 0.677767
70 51.239 44000 0.00356818 0.318568 0.677864
70 52.4129 45000 0.00348889 0.318511 0.678
70 53.5833 46000 0.00341304 0.318435 0.678152
70 54.7582 47000 0.00334043 0.318426 0.678234
70 55.9265 48000 0.00327083 0.318354 0.678375
70 57.0784 49000 0.00320408 0.318184 0.678612
70 58.2577 50000 0.00314 0.31818 0.67868
70 59.4346 51000 0.00307843 0.318137 0.678784
70 60.6182 52000 0.00301923 0.318173 0.678808
70 61.8008 53000 0.00296226 0.31817 0.678868
70 62.9778 54000 0.00290741 0.318148 0.678944
70 64.157 55000 0.00285455 0.318127 0.679018
70 65.3295 56000 0.00280357 0.318071 0.679125
70 66.5013 57000 0.00275439 0.318053 0.679193
70 67.6696 58000 0.0027069 0.318017 0.679276
70 68.8335 59000 0.00266102 0.317949 0.67939
70 69.9995 60000 0.00261667 0.317883 0.6795
70 71.1777 61000 0.00257377 0.317869 0.679557
70 72.3525 62000 0.00253226 0.317839 0.679629
70 73.5362 63000 0.00249206 0.317857 0.679651
70 74.7219 64000 0.00245313 0.317875 0.679672
70 75.9 65000 0.00241538 0.317862 0.679723
70 77.0749 66000 0.00237879 0.317848 0.679773
70 78.2475 67000 0.00234328 0.317806 0.679851
70 79.418 68000 0.00230882 0.317794 0.679897
70 80.5919 69000 0.00227536 0.317783 0.679942
70 81.7427 70000 0.00224286 0.317686 0.680071
70 82.9175 71000 0.00221127 0.317648 0.680141
70 84.0857 72000 0.00218056 0.317611 0.680208
70 85.2748 73000 0.00215068 0.317644 0.680205
70 86.4562 74000 0.00212162 0.317649 0.68023
70 87.6333 75000 0.00209333 0.317653 0.680253
70 88.8168 76000 0.00206579 0.317658 0.680276
70 89.9906 77000 0.00203896 0.317636 0.680325
70 91.1611 78000 0.00201282 0.317603 0.680385
70 92.336 79000 0.00198734 0.317608 0.680405
70 93.5043 80000 0.0019625 0.317575 0.680462
70 94.6562 81000 0.00193827 0.317481 0.68058
70 95.8354 82000 0.00191463 0.317488 0.680598
70 97.0123 83000 0.00189157 0.31747 0.680639
70 98.196 84000 0.00186905 0.3175 0.680631
70 99.3786 85000 0.00184706 0.317506 0.680647
70 100.556 86000 0.00182558 0.3175 0.680674
70 101.735 87000 0.0018046 0.317494 0.680701
70 102.907 88000 0.00178409 0.317466 0.68075
70 104.079 89000 0.00176404 0.317461 0.680775
70 105.247 90000 0.00174444 0.317444 0.680811
70 106.411 91000 0.00172527 0.317407 0.680868
70 107.577 92000 0.00170652 0.31737 0.680924
70 108.755 93000 0.00168817 0.317366 0.680946
70 109.93 94000 0.00167021 0.317351 0.680979
70 111.114 95000 0.00165263 0.317368 0.680979
70 112.3 96000 0.00163542 0.317385 0.680979
70 113.478 97000 0.00161856 0.317381 0.681
70 114.653 98000 0.00160204 0.317378 0.68102
70 115.825 99000 0.00158586 0.317354 0.681061
70 116.996 100000 0.00157 0.31735 0.68108
70 118.17 101000 0.00155446 0.317347 0.681099
70 119.32 102000 0.00153922 0.317284 0.681176
70 120.495 103000 0.00152427 0.317262 0.681214
70 121.663 104000 0.00150962 0.31724 0.68125
70 122.853 105000 0.00149524 0.317267 0.681238
70 124.034 106000 0.00148113 0.317274 0.681245
70 125.211 107000 0.00146729 0.31728 0.681252
70 126.395 108000 0.0014537 0.317287 0.681259
70 127.568 109000 0.00144037 0.317275 0.681284
70 128.739 110000 0.00142727 0.317255 0.681318
70 129.914 111000 0.00141441 0.317261 0.681324
70 131.082 112000 0.00140179 0.317241 0.681357
70 132.234 113000 0.00138938 0.317177 0.681434
70 133.413 114000 0.00137719 0.317184 0.681439
70 134.59 115000 0.00136522 0.317174 0.681461
70 135.774 116000 0.00135345 0.317198 0.681448
70 136.956 117000 0.00134188 0.317205 0.681453
70 138.133 118000 0.00133051 0.317203 0.681466
70 139.312 119000 0.00131933 0.317202 0.681479
70 140.485 120000 0.00130833 0.317183 0.681508
70 141.657 121000 0.00129752 0.317182 0.681521
70 142.825 122000 0.00128689 0.317172 0.681541
70 143.989 123000 0.00127642 0.317146 0.681577
70 145.155 124000 0.00126613 0.317121 0.681613
70 146.333 125000 0.001256 0.31712 0.681624
70 147.508 126000 0.00124603 0.317111 0.681643
70 148.692 127000 0.00123622 0.317126 0.681638
70 149.877 128000 0.00122656 0.317141 0.681633
70 151.056 129000 0.00121705 0.31714 0.681643
70 152.23 130000 0.00120769 0.317138 0.681654
70 153.403 131000 0.00119847 0.317122 0.681679
70 154.574 132000 0.00118939 0.317121 0.681689
70 155.747 133000 0.00118045 0.31712 0.681699
70 156.898 134000 0.00117164 0.317075 0.681754
70 158.073 135000 0.00116296 0.317059 0.681778
70 159.241 136000 0.00115441 0.317044 0.681801
70 160.43 137000 0.00114599 0.317066 0.681788
70 161.612 138000 0.00113768 0.317072 0.68179
70 162.789 139000 0.0011295 0.317079 0.681791
70 163.972 140000 0.00112143 0.317086 0.681793
70 165.146 141000 0.00111348 0.317078 0.681809
70 166.317 142000 0.00110563 0.317063 0.681831
70 167.491 143000 0.0010979 0.31707 0.681832
70 168.66 144000 0.00109028 0.317056 0.681854
70 169.812 145000 0.00108276 0.317007 0.68191
70 170.991 146000 0.00107534 0.317014 0.681911
70 172.168 147000 0.00106803 0.317007 0.681925
70 173.351 148000 0.00106081 0.317027 0.681912
70 174.534 149000 0.00105369 0.317034 0.681913
70 175.711 150000 0.00104667 0.317033 0.68192
70 176.89 151000 0.00103974 0.317033 0.681927
70 178.063 152000 0.00103289 0.31702 0.681947
70 179.235 153000 0.00102614 0.31702 0.681954
70 180.403 154000 0.00101948 0.317013 0.681968
70 181.567 155000 0.0010129 0.316994 0.681994
70 182.733 156000 0.00100641 0.316974 0.682019
70 183.911 157000 0.001 0.316975 0.682025
70 185.086 158000 0.000993671 0.316968 0.682038
70 186.269 159000 0.000987421 0.316981 0.682031
70 187.455 160000 0.00098125 0.316994 0.682025
70 188.633 161000 0.000975155 0.316994 0.682031
70 189.808 162000 0.000969136 0.316994 0.682037
70 190.981 163000 0.00096319 0.316982 0.682055
70 192.151 164000 0.000957317 0.316982 0.682061
70 193.325 165000 0.000951515 0.316982 0.682067
70 194.476 166000 0.000945783 0.316946 0.682108
70 195.651 167000 0.00094012 0.316934 0.682126
70 196.819 168000 0.000934524 0.316923 0.682143
70 198.008 169000 0.000928994 0.316941 0.68213
70 199.189 170000 0.000923529 0.316947 0.682129
70 200.367 171000 0.000918129 0.316953 0.682129
70 201.55 172000 0.000912791 0.316959 0.682128
70 202.724 173000 0.000907514 0.316954 0.682139
70 203.894 174000 0.000902299 0.316943 0.682155
70 205.069 175000 0.000897143 0.316949 0.682154
70 206.238 176000 0.000892045 0.316937 0.68217
70 207.389 177000 0.000887006 0.316898 0.682215
70 208.569 178000 0.000882022 0.316904 0.682213
70 209.746 179000 0.000877095 0.316899 0.682223
70 210.929 180000 0.000872222 0.316917 0.682211
70 212.112 181000 0.000867403 0.316923 0.68221
70 213.289 182000 0.000862637 0.316923 0.682214
70 214.468 183000 0.000857923 0.316923 0.682219
70 215.641 184000 0.000853261 0.316913 0.682234
70 216.812 185000 0.000848649 0.316914 0.682238
70 217.981 186000 0.000844086 0.316909 0.682247
70 219.144 187000 0.000839572 0.316893 0.682267
70 220.311 188000 0.000835106 0.316878 0.682287
70 221.489 189000 0.000830688 0.316878 0.682291
70 222.664 190000 0.000826316 0.316874 0.6823
70 223.847 191000 0.00082199 0.316885 0.682293
70 225.033 192000 0.000817708 0.316896 0.682286
70 226.211 193000 0.000813472 0.316896 0.68229
70 227.386 194000 0.000809278 0.316897 0.682294
70 228.558 195000 0.000805128 0.316887 0.682308
70 229.729 196000 0.00080102 0.316888 0.682311
70 230.903 197000 0.000796954 0.316888 0.682315
70 232.054 198000 0.000792929 0.316859 0.682348
70 233.228 199000 0.000788945 0.316849 0.682362
70 234.397 200000 0.000785 0.31684 0.682375
70 235.586 201000 0.000781095 0.316856 0.682363
70 236.767 202000 0.000777228 0.316861 0.682361
70 237.944 203000 0.000773399 0.316867 0.68236
70 239.128 204000 0.000769608 0.316873 0.682358
70 240.302 205000 0.000765854 0.316868 0.682366
70 241.472 206000 0.000762136 0.316859 0.682379
70 242.647 207000 0.000758454 0.316865 0.682377
70 243.815 208000 0.000754808 0.316856 0.682389
70 244.967 209000 0.000751196 0.316823 0.682426
70 246.146 210000 0.000747619 0.316829 0.682424
70 247.323 211000 0.000744076 0.316825 0.682431
70 248.507 212000 0.000740566 0.31684 0.68242
70 249.69 213000 0.000737089 0.316845 0.682418
70 250.867 214000 0.000733645 0.316846 0.682421
70 252.046 215000 0.000730233 0.316847 0.682423
70 253.218 216000 0.000726852 0.316838 0.682435
70 254.39 217000 0.000723502 0.316839 0.682438
70 255.558 218000 0.000720183 0.316835 0.682445
70 256.722 219000 0.000716895 0.316822 0.682461
70 257.888 220000 0.000713636 0.316809 0.682477
70 259.066 221000 0.000710407 0.31681 0.68248
70 260.241 222000 0.000707207 0.316806 0.682486
70 261.425 223000 0.000704036 0.316816 0.68248
70 262.611 224000 0.000700893 0.316826 0.682473
70 263.789 225000 0.000697778 0.316827 0.682476
70 264.964 226000 0.00069469 0.316827 0.682478
70 266.136 227000 0.00069163 0.316819 0.682489
70 267.307 228000 0.000688596 0.31682 0.682491
70 268.481 229000 0.00068559 0.316821 0.682493
70 269.631 230000 0.000682609 0.316796 0.682522
70 270.806 231000 0.000679654 0.316788 0.682532
70 271.974 232000 0.000676724 0.31678 0.682543
70 273.164 233000 0.00067382 0.316794 0.682532
70 274.345 234000 0.00067094 0.316799 0.68253
70 275.522 235000 0.000668085 0.316804 0.682528
70 276.706 236000 0.000665254 0.316809 0.682525
70 277.879 237000 0.000662447 0.316806 0.682532
70 279.05 238000 0.000659664 0.316798 0.682542
70 280.225 239000 0.000656904 0.316803 0.68254
70 281.393 240000 0.000654167 0.316796 0.68255
70 282.545 241000 0.000651452 0.316768 0.682581
70 283.724 242000 0.00064876 0.316773 0.682579
70 284.901 243000 0.000646091 0.31677 0.682584
70 286.085 244000 0.000643443 0.316783 0.682574
70 287.267 245000 0.000640816 0.316788 0.682571
70 288.444 246000 0.000638211 0.316789 0.682573
70 289.623 247000 0.000635628 0.316789 0.682575
70 290.796 248000 0.000633065 0.316782 0.682585
70 291.968 249000 0.000630522 0.316783 0.682586
70 293.136 250000 0.000628 0.31678 0.682592
70 294.3 251000 0.000625498 0.316769 0.682606
70 295.466 252000 0.000623016 0.316758 0.682619
70 296.644 253000 0.000620553 0.316759 0.682621
70 297.819 254000 0.00061811 0.316756 0.682626
70 299.003 255000 0.000615686 0.316765 0.68262
70 300.188 256000 0.000613281 0.316773 0.682613
70 301.367 257000 0.000610895 0.316774 0.682615
70 302.541 258000 0.000608527 0.316775 0.682616
70 303.714 259000 0.000606178 0.316768 0.682625
70 304.885 260000 0.000603846 0.316769 0.682627
70 306.058 261000 0.000601533 0.31677 0.682628
70 307.209 262000 0.000599237 0.316748 0.682653
70 308.384 263000 0.000596958 0.316741 0.682662
70 309.552 264000 0.000594697 0.316735 0.68267
70 310.741 265000 0.000592453 0.316747 0.68266
70 311.923 266000 0.000590226 0.316752 0.682658
70 313.1 267000 0.000588015 0.316757 0.682655
70 314.283 268000 0.000585821 0.316761 0.682653
70 315.457 269000 0.000583643 0.316758 0.682658
70 316.628 270000 0.000581481 0.316752 0.682667
70 317.802 271000 0.000579336 0.316756 0.682664
70 318.971 272000 0.000577206 0.31675 0.682673
70 320.123 273000 0.000575092 0.316725 0.6827
70 321.302 274000 0.000572993 0.31673 0.682697
70 322.479 275000 0.000570909 0.316727 0.682702
70 323.662 276000 0.000568841 0.316739 0.682692
70 324.845 277000 0.000566787 0.316744 0.68269
70 326.022 278000 0.000564748 0.316745 0.682691
70 327.201 279000 0.000562724 0.316746 0.682692
70 328.374 280000 0.000560714 0.316739 0.6827
70 329.546 281000 0.000558719 0.31674 0.682701
70 330.714 282000 0.000556738 0.316738 0.682706
70 331.878 283000 0.00055477 0.316728 0.682717
70 333.044 284000 0.000552817 0.316718 0.682729
70 334.222 285000 0.000550877 0.316719 0.68273
70 335.397 286000 0.000548951 0.316717 0.682734
70 336.58 287000 0.000547038 0.316725 0.682728
70 337.766 288000 0.000545139 0.316733 0.682722
70 338.944 289000 0.000543253 0.316734 0.682723
70 340.119 290000 0.000541379 0.316734 0.682724
70 341.292 291000 0.000539519 0.316729 0.682732
70 342.462 292000 0.000537671 0.316729 0.682733
70 343.636 293000 0.000535836 0.31673 0.682734
70 344.787 294000 0.000534014 0.316711 0.682755
70 345.962 295000 0.000532203 0.316705 0.682763
70 347.13 296000 0.000530405 0.316699 0.68277
70 348.319 297000 0.00052862 0.31671 0.682761
70 349.5 298000 0.000526846 0.316715 0.682758
70 350.678 299000 0.000525084 0.316719 0.682756
70 351.861 300000 0.000523333 0.316723 0.682753
70 353.035 301000 0.000521595 0.316721 0.682757
70 354.205 302000 0.000519868 0.316715 0.682765
70 355.38 303000 0.000518152 0.316719 0.682762
70 356.549 304000 0.000516447 0.316714 0.68277
70 357.7 305000 0.000514754 0.316692 0.682793
70 358.88 306000 0.000513072 0.316696 0.682791
70 360.057 307000 0.000511401 0.316694 0.682795
70 361.24 308000 0.00050974 0.316705 0.682786
70 362.423 309000 0.000508091 0.316709 0.682783
70 363.6 310000 0.000506452 0.31671 0.682784
70 364.779 311000 0.000504823 0.316711 0.682785
70 365.952 312000 0.000503205 0.316705 0.682792
70 367.123 313000 0.000501597 0.316706 0.682792
70 368.292 314000 0.0005 0.316704 0.682796
70 369.455 315000 0.000498413 0.316695 0.682806
70 370.622 316000 0.000496835 0.316687 0.682816
70 371.8 317000 0.000495268 0.316688 0.682817
70 372.975 318000 0.000493711 0.316686 0.682821
70 374.158 319000 0.000492163 0.316693 0.682815
70 375.344 320000 0.000490625 0.3167 0.682809
70 376.522 321000 0.000489097 0.316701 0.68281
70 377.697 322000 0.000487578 0.316702 0.682811
70 378.869 323000 0.000486068 0.316697 0.682817
70 380.04 324000 0.000484568 0.316698 0.682818
70 381.214 325000 0.000483077 0.316698 0.682818
70 382.365 326000 0.000481595 0.316681 0.682837
70 383.539 327000 0.000480122 0.316676 0.682844
70 384.708 328000 0.000478659 0.316671 0.682851
70 385.897 329000 0.000477204 0.316681 0.682842
70 387.078 330000 0.000475758 0.316685 0.682839
70 388.255 331000 0.00047432 0.316689 0.682837
70 389.439 332000 0.000472892 0.316693 0.682834
70 390.613 333000 0.000471471 0.316691 0.682838
70 391.783 334000 0.00047006 0.316686 0.682844
70 392.958 335000 0.000468657 0.31669 0.682842
70 394.126 336000 0.000467262 0.316685 0.682848
70 395.278 337000 0.000465875 0.316665 0.682869
70 396.457 338000 0.000464497 0.316669 0.682867
70 397.634 339000 0.000463127 0.316667 0.68287
70 398.818 340000 0.000461765 0.316676 0.682862
70 400.001 341000 0.000460411 0.31668 0.682859
70 401.178 342000 0.000459064 0.316681 0.68286
70 402.357 343000 0.000457726 0.316682 0.68286
70 403.529 344000 0.000456395 0.316677 0.682866
70 404.701 345000 0.000455072 0.316678 0.682867
70 405.869 346000 0.000453757 0.316676 0.68287
70 407.033 347000 0.00045245 0.316669 0.682879
70 408.199 348000 0.000451149 0.316661 0.682888
70 409.377 349000 0.000449857 0.316662 0.682888
70 410.552 350000 0.000448571 0.31666 0.682891
70 411.736 351000 0.000447293 0.316667 0.682886
70 412.922 352000 0.000446023 0.316673 0.682881
70 414.1 353000 0.000444759 0.316674 0.682881
70 415.275 354000 0.000443503 0.316675 0.682881
70 416.447 355000 0.000442254 0.31667 0.682887
70 417.618 356000 0.000441011 0.316671 0.682888
70 418.792 357000 0.000439776 0.316672 0.682888
70 419.942 358000 0.000438547 0.316656 0.682905
70 421.117 359000 0.000437326 0.316652 0.682911
70 422.285 360000 0.000436111 0.316647 0.682917
70 423.475 361000 0.000434903 0.316657 0.682909
70 424.656 362000 0.000433702 0.31666 0.682906
70 425.833 363000 0.000432507 0.316664 0.682904
70 427.017 364000 0.000431319 0.316668 0.682901
70 428.19 365000 0.000430137 0.316666 0.682904
70 429.361 366000 0.000428962 0.316661 0.68291
70 430.536 367000 0.000427793 0.316665 0.682907
70 431.704 368000 0.00042663 0.31666 0.682913
70 432.856 369000 0.000425474 0.316642 0.682932
70 434.035 370000 0.000424324 0.316646 0.68293
70 435.212 371000 0.000423181 0.316644 0.682933
70 436.396 372000 0.000422043 0.316653 0.682925
70 437.578 373000 0.000420912 0.316657 0.682922
70 438.755 374000 0.000419786 0.316658 0.682922
70 439.934 375000 0.000418667 0.316659 0.682923
70 441.107 376000 0.000417553 0.316654 0.682928
70 442.279 377000 0.000416446 0.316655 0.682928
70 443.447 378000 0.000415344 0.316653 0.682931
70 444.611 379000 0.000414248 0.316646 0.682939
70 445.777 380000 0.000413158 0.316639 0.682947
70 446.955 381000 0.000412073 0.31664 0.682948
70 448.13 382000 0.000410995 0.316639 0.68295
70 449.314 383000 0.000409922 0.316645 0.682945
70 450.499 384000 0.000408854 0.316651 0.68294
70 451.678 385000 0.000407792 0.316652 0.68294
70 452.852 386000 0.000406736 0.316653 0.68294
70 454.025 387000 0.000405685 0.316649 0.682946
70 455.196 388000 0.000404639 0.316649 0.682946
70 456.369 389000 0.000403599 0.31665 0.682946
70 457.52 390000 0.000402564 0.316636 0.682962
70 458.695 391000 0.000401535 0.316632 0.682967
70 459.863 392000 0.00040051 0.316628 0.682972
70 461.052 393000 0.000399491 0.316636 0.682964
70 462.234 394000 0.000398477 0.31664 0.682962
70 463.411 395000 0.000397468 0.316643 0.682959
70 464.594 396000 0.000396465 0.316646 0.682957
70 465.768 397000 0.000395466 0.316645 0.68296
70 466.939 398000 0.000394472 0.316641 0.682965
70 468.113 399000 0.000393484 0.316644 0.682962
70 469.282 400000 0.0003925 0.31664 0.682967
70 470.434 401000 0.000391521 0.316623 0.682985
70 471.613 402000 0.000390547 0.316627 0.682983
70 472.79 403000 0.000389578 0.316625 0.682985
70 473.973 404000 0.000388614 0.316634 0.682978
70 475.156 405000 0.000387654 0.316637 0.682975
70 476.333 406000 0.0003867 0.316638 0.682975
70 477.512 407000 0.000385749 0.316639 0.682975
70 478.685 408000 0.000384804 0.316635 0.68298
70 479.857 409000 0.000383863 0.316636 0.68298
70 481.025 410000 0.000382927 0.316634 0.682983
70 482.189 411000 0.000381995 0.316628 0.68299
70 483.355 412000 0.000381068 0.316621 0.682998
70 484.533 413000 0.000380145 0.316622 0.682998
70 485.708 414000 0.000379227 0.316621 0.683
70 486.891 415000 0.000378313 0.316627 0.682995
70 488.077 416000 0.000377404 0.316632 0.68299
70 489.255 417000 0.000376499 0.316633 0.68299
70 490.43 418000 0.000375598 0.316634 0.68299
70 491.603 419000 0.000374702 0.31663 0.682995
70 492.773 420000 0.00037381 0.316631 0.682995
70 493.947 421000 0.000372922 0.316632 0.682995
70 495.098 422000 0.000372038 0.316618 0.683009
70 496.273 423000 0.000371158 0.316615 0.683014
70 497.441 424000 0.000370283 0.316611 0.683019
70 498.63 425000 0.000369412 0.316619 0.683012
70 499.811 426000 0.000368545 0.316622 0.683009
