16 0.558323 1000 0.108 0.222 0.67 108
16 1.3077 2000 0.066 0.2095 0.7245 24
16 2.1199 3000 0.052 0.199333 0.748667 24
16 2.93345 4000 0.04225 0.19475 0.763 13
16 3.74859 5000 0.0372 0.1904 0.7724 17
16 4.5963 6000 0.034 0.188333 0.777667 18
16 5.40461 7000 0.0311429 0.186 0.782857 14
16 6.24124 8000 0.02975 0.18425 0.786 20
16 7.05157 9000 0.0282222 0.182556 0.789222 16
16 7.87499 10000 0.0273 0.1812 0.7915 19
16 8.73121 11000 0.0262727 0.181182 0.792545 16
16 9.55464 12000 0.02525 0.1805 0.79425 14
16 10.3955 13000 0.0242308 0.180462 0.795308 12
16 11.2166 14000 0.0237857 0.179571 0.796643 18
16 12.0464 15000 0.0232 0.179133 0.797667 15
16 12.8893 16000 0.0224375 0.179187 0.798375 11
16 13.7628 17000 0.0217059 0.179706 0.798588 10
16 14.6188 18000 0.0211667 0.179833 0.799 12
16 15.4923 19000 0.0206316 0.180211 0.799158 11
16 16.3308 20000 0.0204 0.1799 0.7997 16
16 17.1868 21000 0.0200952 0.179905 0.8 14
16 17.9991 22000 0.02 0.179273 0.800727 18
16 18.8202 23000 0.02 0.178696 0.801304 20
16 19.6457 24000 0.0201667 0.178042 0.801792 24
16 20.4536 25000 0.01996 0.17764 0.8024 15
16 21.2834 26000 0.0199615 0.177269 0.802769 20
16 22.0827 27000 0.0199259 0.176741 0.803333 19
16 22.895 28000 0.0200357 0.176143 0.803821 23
16 23.7205 29000 0.0199655 0.175897 0.804138 18
16 24.5678 30000 0.0198333 0.1759 0.804267 16
16 25.3932 31000 0.0197419 0.17571 0.804548 17
16 26.2099 32000 0.0195625 0.175563 0.804875 14
16 27.0441 33000 0.0196061 0.175333 0.805061 21
16 27.8652 34000 0.0197059 0.175 0.805294 23
16 28.695 35000 0.0195714 0.174914 0.805514 15
16 29.5379 36000 0.0195 0.174889 0.805611 17
16 30.3546 37000 0.0195135 0.174649 0.805838 20
16 31.1713 38000 0.0194474 0.174474 0.806079 17
16 32.0186 39000 0.0192821 0.174564 0.806154 13
16 32.8527 40000 0.019275 0.17445 0.806275 19
16 33.6651 41000 0.0191951 0.174293 0.806512 16
16 34.4993 42000 0.0191667 0.174214 0.806619 18
16 35.3247 43000 0.0190465 0.174186 0.806767 14
16 36.1283 44000 0.0191818 0.173795 0.807023 25
16 36.9319 45000 0.0192444 0.173511 0.807244 22
16 37.7705 46000 0.0191087 0.173565 0.807326 13
16 38.6003 47000 0.0189574 0.173617 0.807426 12
16 39.4388 48000 0.0189792 0.173542 0.807479 20
16 40.2468 49000 0.0190408 0.173286 0.807673 22
16 41.0548 50000 0.01906 0.17308 0.80786 20
16 41.9064 51000 0.0189412 0.173216 0.807843 13
16 42.7406 52000 0.0189038 0.173192 0.807904 17
16 43.5704 53000 0.0187736 0.173245 0.807981 12
16 44.4133 54000 0.0188148 0.173185 0.808 21
16 45.2518 55000 0.0188727 0.173091 0.808036 22
16 46.0773 56000 0.0188571 0.173018 0.808125 18
16 46.8983 57000 0.0188947 0.172877 0.808228 21
16 47.7151 58000 0.0189138 0.172741 0.808345 20
16 48.5274 59000 0.0189322 0.172593 0.808475 20
16 49.3834 60000 0.0188 0.172783 0.808417 11
16 50.2132 61000 0.0187869 0.172721 0.808492 18
16 51.043 62000 0.0186613 0.172806 0.808532 11
16 51.899 63000 0.0186032 0.172889 0.808508 15
16 52.7288 64000 0.0184844 0.172953 0.808562 11
16 53.5455 65000 0.0185538 0.172785 0.808662 23
16 54.3666 66000 0.0184697 0.172788 0.808742 13
16 55.2357 67000 0.0184179 0.172925 0.808657 15
16 56.0481 68000 0.0183824 0.172853 0.808765 16
16 56.8779 69000 0.0183768 0.172812 0.808812 18
16 57.712 70000 0.0183429 0.172814 0.808843 16
16 58.5855 71000 0.0182958 0.172972 0.808732 15
16 59.376 72000 0.0183333 0.17275 0.808917 21
16 60.1753 73000 0.0183699 0.172575 0.809055 21
16 60.9876 74000 0.0183514 0.172514 0.809135 17
16 61.8262 75000 0.0182933 0.172547 0.80916 14
16 62.6822 76000 0.0181974 0.172684 0.809118 11
16 63.4945 77000 0.0181818 0.172623 0.809195 17
16 64.3025 78000 0.0182179 0.172474 0.809308 21
16 65.1803 79000 0.0181266 0.172671 0.809203 11
16 66.0582 80000 0.0179375 0.172962 0.8091 3
16 66.8923 81000 0.0179383 0.172938 0.809123 18
16 67.7396 82000 0.0178659 0.173024 0.80911 12
16 68.5694 83000 0.0178675 0.172988 0.809145 18
16 69.4254 84000 0.0178214 0.173071 0.809107 14
16 70.2727 85000 0.0177882 0.173129 0.809082 15
16 71.1069 86000 0.0177326 0.173151 0.809116 13
16 71.9585 87000 0.0176552 0.173253 0.809092 11
16 72.7796 88000 0.0176818 0.17317 0.809148 20
16 73.6399 89000 0.0175955 0.173303 0.809101 10
16 74.4828 90000 0.0175889 0.173311 0.8091 17
16 75.3388 91000 0.0175714 0.173363 0.809066 16
16 76.1687 92000 0.0175326 0.17337 0.809098 14
16 76.981 93000 0.0176237 0.173204 0.809172 26
16 77.8414 94000 0.0175957 0.173277 0.809128 15
16 78.6493 95000 0.0175895 0.173211 0.8092 17
16 79.4835 96000 0.0175729 0.173198 0.809229 16
16 80.3046 97000 0.0175361 0.173186 0.809278 14
16 81.1868 98000 0.0174286 0.173388 0.809184 7
16 82.0253 99000 0.0173737 0.173434 0.809192 12
16 82.8944 100000 0.01735 0.17353 0.80912 15
16 83.7068 101000 0.0173465 0.173465 0.809188 17
16 84.5322 102000 0.0173824 0.173382 0.809235 21
16 85.362 103000 0.0173689 0.173369 0.809262 16
16 86.1569 104000 0.0174038 0.173231 0.809365 21
16 86.9431 105000 0.0175048 0.17301 0.809486 28
16 87.7379 106000 0.0175283 0.172887 0.809585 20
16 88.5852 107000 0.017514 0.172916 0.80957 16
16 89.4107 108000 0.0174815 0.172917 0.809602 14
16 90.2579 109000 0.0174404 0.172972 0.809587 13
16 91.0746 110000 0.0174545 0.172909 0.809636 19
16 91.8783 111000 0.0174324 0.172865 0.809703 15
16 92.7343 112000 0.0174107 0.172911 0.809679 15
16 93.5772 113000 0.0173717 0.172956 0.809673 13
16 94.3939 114000 0.0173333 0.172947 0.809719 13
16 95.228 115000 0.0172957 0.172974 0.80973 13
16 96.036 116000 0.0173017 0.172905 0.809793 18
16 96.8877 117000 0.0172393 0.172991 0.809769 10
16 97.7349 118000 0.0171864 0.173059 0.809754 11
16 98.5604 119000 0.0171933 0.173034 0.809773 18
16 99.4076 120000 0.017175 0.173058 0.809767 15
16 100.233 121000 0.0170826 0.173124 0.809793 6
16 101.133 122000 0.0170246 0.173295 0.80968 10
16 101.976 123000 0.0169675 0.173358 0.809675 10
16 102.819 124000 0.0169758 0.173355 0.809669 18
16 103.635 125000 0.016984 0.173304 0.809712 18
16 104.483 126000 0.0169603 0.173341 0.809698 14
16 105.334 127000 0.0169055 0.173417 0.809677 10
16 106.177 128000 0.0169141 0.173414 0.809672 18
16 107.003 129000 0.0168682 0.173434 0.809698 11
16 107.854 130000 0.0168308 0.173492 0.809677 12
16 108.706 131000 0.0167786 0.173565 0.809656 10
16 109.544 132000 0.0167045 0.173636 0.809659 7
16 110.383 133000 0.0166992 0.173639 0.809662 16
16 111.235 134000 0.0166791 0.173679 0.809642 14
16 112.034 135000 0.0167407 0.173556 0.809704 25
16 112.833 136000 0.01675 0.173471 0.809779 18
16 113.689 137000 0.016708 0.17354 0.809752 11
16 114.519 138000 0.0166812 0.173551 0.809768 13
16 115.392 139000 0.0166043 0.173683 0.809712 6
16 116.283 140000 0.0165286 0.173843 0.809629 6
16 117.109 141000 0.0165177 0.17383 0.809652 15
16 117.947 142000 0.0164789 0.173866 0.809655 11
16 118.781 143000 0.0164965 0.173839 0.809664 19
16 119.624 144000 0.0164931 0.173854 0.809653 16
16 120.428 145000 0.0165379 0.173745 0.809717 23
16 121.288 146000 0.0165137 0.173801 0.809685 13
16 122.114 147000 0.0165102 0.173782 0.809707 16
16 122.922 148000 0.0165878 0.173655 0.809757 28
16 123.73 149000 0.0165772 0.173617 0.809805 15
16 124.59 150000 0.0165667 0.17366 0.809773 15
16 125.402 151000 0.0165894 0.173596 0.809815 20
16 126.193 152000 0.0166382 0.173474 0.809888 24
16 126.962 153000 0.0166601 0.173346 0.809993 20
16 127.804 154000 0.0166883 0.173325 0.809987 21
16 128.63 155000 0.0166645 0.173329 0.810006 13
16 129.464 156000 0.016641 0.173346 0.810013 13
16 130.281 157000 0.0166561 0.173299 0.810045 19
16 131.128 158000 0.0166203 0.173348 0.810032 11
16 131.967 159000 0.0166038 0.173365 0.810031 14
16 132.796 160000 0.0166437 0.173313 0.810044 23
16 133.639 161000 0.0166025 0.17336 0.810037 10
16 134.482 162000 0.0165617 0.173407 0.810031 10
16 135.316 163000 0.0165644 0.173399 0.810037 17
16 136.111 164000 0.0165976 0.173311 0.810091 22
16 136.932 165000 0.0166121 0.173267 0.810121 19
16 137.732 166000 0.0166386 0.173187 0.810175 21
16 138.561 167000 0.0166228 0.173198 0.81018 14
16 139.387 168000 0.016631 0.173167 0.810202 18
16 140.217 169000 0.0166095 0.173183 0.810207 13
16 141.007 170000 0.0166118 0.173118 0.810271 17
16 141.837 171000 0.0166082 0.173105 0.810287 16
16 142.697 172000 0.016564 0.17318 0.810256 9
16 143.536 173000 0.0165376 0.173208 0.810254 12
16 144.396 174000 0.0165632 0.173213 0.810224 21
16 145.209 175000 0.0165486 0.173194 0.810257 14
16 146.03 176000 0.0165341 0.173187 0.810278 14
16 146.881 177000 0.0164915 0.173249 0.81026 9
16 147.733 178000 0.0165056 0.173253 0.810242 19
16 148.572 179000 0.0164804 0.173279 0.81024 12
16 149.414 180000 0.0164722 0.173294 0.810233 15
16 150.236 181000 0.0164475 0.173298 0.810254 12
16 151.061 182000 0.0164451 0.173286 0.810269 16
16 151.873 183000 0.0164426 0.173262 0.810295 16
16 152.716 184000 0.0164239 0.173283 0.810293 13
16 153.546 185000 0.0164541 0.173243 0.810303 22
16 154.389 186000 0.0164301 0.173274 0.810296 12
16 155.227 187000 0.0164278 0.173278 0.810294 16
16 156.022 188000 0.0164202 0.173239 0.81034 15
16 156.852 189000 0.0164074 0.173238 0.810354 14
16 157.699 190000 0.0164105 0.173247 0.810342 17
16 158.494 191000 0.0164555 0.173152 0.810393 25
16 159.337 192000 0.0164688 0.173146 0.810385 19
16 160.15 193000 0.0164715 0.173114 0.810415 17
16 160.958 194000 0.0164691 0.173082 0.810448 16
16 161.827 195000 0.0164154 0.173174 0.81041 6
16 162.674 196000 0.016398 0.173204 0.810398 13
16 163.512 197000 0.0163909 0.173213 0.810396 15
16 164.325 198000 0.0163737 0.173207 0.810419 13
16 165.155 199000 0.016397 0.173176 0.810427 21
16 165.997 200000 0.0164 0.173175 0.810425 17
16 166.853 201000 0.0163682 0.173229 0.810403 10
16 167.709 202000 0.0163465 0.173272 0.810381 12
16 168.526 203000 0.0163695 0.173227 0.810404 21
16 169.339 204000 0.0163529 0.173216 0.810431 13
16 170.212 205000 0.016322 0.173288 0.81039 10
16 171.016 206000 0.0163058 0.173267 0.810427 13
16 171.872 207000 0.0162899 0.173304 0.810406 13
16 172.745 208000 0.0162644 0.17337 0.810365 11
16 173.592 209000 0.0162344 0.173411 0.810354 10
16 174.422 210000 0.0162381 0.1734 0.810362 17
16 175.256 211000 0.016237 0.173398 0.810365 16
16 176.091 212000 0.0162264 0.173406 0.810368 14
16 176.955 213000 0.0161972 0.173465 0.810338 10
16 177.785 214000 0.0162009 0.173453 0.810346 17
16 178.628 215000 0.0162 0.173465 0.810335 16
16 179.436 216000 0.0162083 0.173421 0.81037 18
16 180.279 217000 0.0161935 0.173442 0.810364 13
16 181.104 218000 0.0161972 0.173431 0.810372 17
16 181.93 219000 0.01621 0.173402 0.810388 19
16 182.79 220000 0.0161773 0.173459 0.810364 9
16 183.62 221000 0.0161719 0.173462 0.810367 15
16 184.428 222000 0.0161802 0.173419 0.810401 18
16 185.232 223000 0.0162063 0.173359 0.810435 22
16 186.088 224000 0.0161964 0.173393 0.810411 14
16 186.909 225000 0.0162044 0.173364 0.810431 18
16 187.721 226000 0.0161858 0.173358 0.810456 12
16 188.546 227000 0.0161982 0.173335 0.810467 19
16 189.394 228000 0.0161754 0.173368 0.810456 11
16 190.232 229000 0.0161659 0.17338 0.810454 14
16 191.093 230000 0.0161652 0.173404 0.81043 16
16 191.953 231000 0.0161472 0.17345 0.810403 12
16 192.77 232000 0.0161509 0.173422 0.810427 17
16 193.613 233000 0.016133 0.173451 0.810416 12
16 194.503 234000 0.0160812 0.173551 0.810368 4
16 195.403 235000 0.0160213 0.173672 0.810306 2
16 196.259 236000 0.0159958 0.173716 0.810288 10
16 197.102 237000 0.0159747 0.173743 0.810283 11
16 197.893 238000 0.0160042 0.173668 0.810328 23
16 198.718 239000 0.0160209 0.17364 0.810339 20
16 199.561 240000 0.0160333 0.173633 0.810333 19
16 200.391 241000 0.0160041 0.173656 0.81034 9
16 201.286 242000 0.0159752 0.17374 0.810285 9
16 202.155 243000 0.0159465 0.173798 0.810255 9
16 202.985 244000 0.0159344 0.173807 0.810258 13
16 203.85 245000 0.0159306 0.173833 0.810237 15
16 204.675 246000 0.0159228 0.173829 0.810248 14
16 205.518 247000 0.0159069 0.17385 0.810243 12
16 206.378 248000 0.015879 0.173899 0.810222 9
16 207.204 249000 0.0158795 0.173888 0.810233 16
16 208.029 250000 0.015872 0.173884 0.810244 14
16 208.868 251000 0.0158685 0.173888 0.810243 15
16 209.685 252000 0.015881 0.173857 0.810262 19
16 210.571 253000 0.0158617 0.173921 0.810217 11
16 211.388 254000 0.0158543 0.173909 0.810236 14
16 212.218 255000 0.015851 0.173906 0.810243 15
16 213.043 256000 0.0158594 0.173887 0.810254 18
16 213.886 257000 0.0158482 0.173903 0.810249 13
16 214.724 258000 0.0158217 0.17393 0.810248 9
16 215.55 259000 0.0158263 0.173919 0.810255 17
16 216.397 260000 0.0158 0.173954 0.810246 9
16 217.236 261000 0.0158008 0.17395 0.810249 16
16 218.07 262000 0.0157939 0.173954 0.810252 14
16 218.891 263000 0.0158175 0.173916 0.810266 22
16 219.738 264000 0.0157879 0.173955 0.810258 8
16 220.586 265000 0.0157811 0.17397 0.810249 14
16 221.407 266000 0.0157932 0.173947 0.810259 19
16 222.241 267000 0.0158052 0.173929 0.810266 19
16 223.079 268000 0.0157836 0.173951 0.810265 10
16 223.887 269000 0.015803 0.173911 0.810286 21
16 224.743 270000 0.0158 0.17393 0.81027 15
16 225.56 271000 0.0158229 0.173889 0.810288 22
16 226.381 272000 0.0158272 0.173871 0.810301 17
16 227.237 273000 0.0158388 0.173872 0.810289 19
16 228.045 274000 0.015854 0.173832 0.810314 20
16 228.884 275000 0.0158509 0.17384 0.810309 15
16 229.731 276000 0.0158587 0.173837 0.810304 18
16 230.565 277000 0.0158412 0.173852 0.810307 11
16 231.408 278000 0.0158525 0.173845 0.810302 19
16 232.212 279000 0.0158674 0.173803 0.81033 20
16 233.041 280000 0.0158786 0.173786 0.810336 19
16 233.858 281000 0.0158719 0.173776 0.810352 14
16 234.67 282000 0.0158688 0.173762 0.810369 15
16 235.513 283000 0.015841 0.173792 0.810367 8
16 236.374 284000 0.0158134 0.173842 0.810345 8
16 237.243 285000 0.0157965 0.173881 0.810323 11
16 238.103 286000 0.0157657 0.173934 0.810301 7
16 238.981 287000 0.0157317 0.173997 0.810272 6
16 239.837 288000 0.0157222 0.174024 0.810253 13
16 240.693 289000 0.015692 0.174069 0.810239 7
16 241.54 290000 0.0156862 0.174079 0.810234 14
16 242.401 291000 0.0156735 0.17411 0.810216 12
16 243.287 292000 0.0156473 0.174175 0.810178 8
16 244.121 293000 0.0156314 0.174188 0.810181 11
16 244.969 294000 0.0156259 0.174201 0.810173 14
16 245.777 295000 0.0156407 0.174163 0.810197 20
16 246.624 296000 0.0156453 0.174166 0.810189 17
16 247.454 297000 0.0156599 0.174145 0.810195 20
16 248.253 298000 0.0156678 0.174107 0.810225 18
16 249.078 299000 0.0156823 0.174084 0.810234 20
16 249.873 300000 0.0157 0.174033 0.810267 21
16 250.747 301000 0.0156944 0.17407 0.810236 14
16 251.585 302000 0.0156788 0.174083 0.810238 11
16 252.437 303000 0.01567 0.174102 0.810228 13
16 253.293 304000 0.0156612 0.174128 0.810211 13
16 254.118 305000 0.015659 0.174121 0.81022 15
16 254.961 306000 0.0156503 0.174131 0.810219 13
16 255.787 307000 0.0156645 0.174107 0.810228 20
16 256.617 308000 0.0156623 0.174107 0.810231 15
16 257.416 309000 0.015657 0.174081 0.810262 14
16 258.267 310000 0.0156419 0.174106 0.810252 11
16 259.141 311000 0.0156174 0.174158 0.810225 8
16 259.997 312000 0.0156122 0.174176 0.810212 14
16 260.822 313000 0.0155942 0.174185 0.81022 10
16 261.678 314000 0.0155732 0.17422 0.810207 9
16 262.517 315000 0.0155714 0.174222 0.810206 15
16 263.347 316000 0.0155696 0.174218 0.810212 15
16 264.163 317000 0.0155741 0.174202 0.810224 17
16 265.011 318000 0.0155723 0.174208 0.81022 15
16 265.875 319000 0.0155643 0.174235 0.810201 13
16 266.705 320000 0.0155719 0.174222 0.810206 18
16 267.522 321000 0.0155794 0.174199 0.810221 18
16 268.365 322000 0.0155683 0.174214 0.810217 12
16 269.225 323000 0.0155728 0.174226 0.810201 17
16 270.038 324000 0.0155833 0.174201 0.810216 19
16 270.863 325000 0.0155877 0.174185 0.810228 17
16 271.662 326000 0.0155982 0.174147 0.810255 19
16 272.496 327000 0.0156055 0.174138 0.810257 18
16 273.296 328000 0.015625 0.174091 0.810284 22
16 274.125 329000 0.0156231 0.174088 0.810289 15
16 274.947 330000 0.0156333 0.17407 0.810297 19
16 275.807 331000 0.0156344 0.174082 0.810284 16
16 276.65 332000 0.0156295 0.17409 0.81028 14
16 277.449 333000 0.0156366 0.17406 0.810303 18
16 278.323 334000 0.0156437 0.174078 0.810278 18
16 279.161 335000 0.0156358 0.174084 0.810281 13
16 279.991 336000 0.0156399 0.174074 0.810286 17
16 280.821 337000 0.0156499 0.174059 0.810291 19
16 281.651 338000 0.0156538 0.174053 0.810293 17
16 282.463 339000 0.0156578 0.174032 0.81031 17
16 283.288 340000 0.0156676 0.174015 0.810318 19
16 284.14 341000 0.0156569 0.174032 0.810311 12
16 285.009 342000 0.0156404 0.17407 0.810289 10
16 285.843 343000 0.0156501 0.174058 0.810292 19
16 286.682 344000 0.0156424 0.17407 0.810288 13
16 287.507 345000 0.0156464 0.174055 0.810299 17
16 288.328 346000 0.015659 0.174032 0.810309 20
16 289.154 347000 0.0156513 0.174032 0.810317 13
16 289.966 348000 0.0156609 0.174006 0.810333 19
16 290.8 349000 0.015659 0.174009 0.810332 15
16 291.648 350000 0.0156571 0.174014 0.810329 15
16 292.482 351000 0.0156581 0.174011 0.81033 16
16 293.346 352000 0.0156676 0.17402 0.810312 19
16 294.185 353000 0.0156629 0.174025 0.810312 14
16 295.023 354000 0.0156667 0.174023 0.810311 17
16 295.871 355000 0.015662 0.174037 0.810301 14
16 296.692 356000 0.0156545 0.174031 0.810315 13
16 297.539 357000 0.0156583 0.174034 0.810308 17
16 298.378 358000 0.0156704 0.174022 0.810307 20
16 299.19 359000 0.0156741 0.174003 0.810323 17
16 300.042 360000 0.0156722 0.174014 0.810314 15
16 300.893 361000 0.0156676 0.174028 0.810305 14
16 301.727 362000 0.015663 0.17403 0.810307 14
16 302.566 363000 0.0156556 0.174039 0.810306 13
16 303.374 364000 0.0156648 0.174011 0.810324 19
16 304.182 365000 0.0156849 0.173973 0.810342 23
16 305.007 366000 0.0156967 0.173954 0.81035 20
16 305.828 367000 0.0156921 0.173948 0.81036 14
16 306.676 368000 0.0156793 0.173967 0.810353 11
16 307.51 369000 0.0156802 0.173965 0.810355 16
16 308.331 370000 0.0156811 0.173954 0.810365 16
16 309.178 371000 0.0156712 0.17397 0.810358 12
16 310.021 372000 0.0156586 0.173989 0.810352 11
16 310.873 373000 0.0156408 0.174013 0.810346 9
16 311.738 374000 0.0156364 0.174035 0.810329 14
16 312.554 375000 0.0156373 0.174021 0.810341 16
16 313.402 376000 0.0156356 0.174032 0.810332 15
16 314.21 377000 0.0156525 0.173995 0.810353 22
16 315.013 378000 0.0156534 0.173976 0.81037 16
16 315.821 379000 0.0156675 0.173942 0.810391 21
16 316.677 380000 0.0156684 0.173953 0.810379 16
16 317.52 381000 0.0156667 0.173958 0.810375 15
16 318.372 382000 0.015644 0.17399 0.810366 7
16 319.219 383000 0.0156345 0.174005 0.81036 12
16 320.079 384000 0.0156146 0.174042 0.810344 8
16 320.918 385000 0.0155948 0.17406 0.810345 8
16 321.783 386000 0.0155933 0.174078 0.810329 15
16 322.595 387000 0.0156098 0.174047 0.810344 22
16 323.447 388000 0.0156005 0.174067 0.810332 12
16 324.289 389000 0.0156093 0.174059 0.810332 19
16 325.089 390000 0.0156256 0.174021 0.810354 22
16 325.884 391000 0.0156317 0.17399 0.810379 18
16 326.726 392000 0.0156276 0.174 0.810372 14
16 327.556 393000 0.0156361 0.173985 0.810379 19
16 328.386 394000 0.0156447 0.173972 0.810383 19
16 329.225 395000 0.0156633 0.173954 0.810382 23
16 330.076 396000 0.0156515 0.173975 0.810374 11
16 330.928 397000 0.0156373 0.174 0.810363 10
16 331.714 398000 0.0156508 0.173955 0.810394 21
16 332.509 399000 0.0156591 0.173922 0.810419 19
16 333.286 400000 0.0156825 0.173868 0.81045 25
16 334.112 401000 0.0157057 0.173835 0.810459 25
16 334.92 402000 0.0157214 0.173803 0.810475 22
16 335.706 403000 0.015732 0.173764 0.810504 20
16 336.579 404000 0.0157228 0.173795 0.810483 12
16 337.396 405000 0.0157284 0.173778 0.810494 18
16 338.239 406000 0.0157291 0.173781 0.81049 16
16 339.056 407000 0.0157273 0.173771 0.810501 15
16 339.868 408000 0.0157451 0.17374 0.810515 23
16 340.68 409000 0.0157482 0.173724 0.810528 17
16 341.506 410000 0.0157512 0.173715 0.810534 17
16 342.327 411000 0.0157567 0.173701 0.810543 18
16 343.144 412000 0.0157597 0.173687 0.810553 17
16 343.969 413000 0.0157627 0.173678 0.810559 17
16 344.803 414000 0.0157681 0.173671 0.81056 18
16 345.624 415000 0.0157639 0.17367 0.810566 14
16 346.472 416000 0.0157692 0.173668 0.810562 18
16 347.297 417000 0.0157626 0.173669 0.810568 13
16 348.114 418000 0.0157775 0.173644 0.810579 22
16 348.935 419000 0.0157852 0.173628 0.810587 19
16 349.738 420000 0.0157952 0.1736 0.810605 20
16 350.564 421000 0.0158029 0.173587 0.81061 19
16 351.411 422000 0.0158128 0.173583 0.810604 20
16 352.25 423000 0.0158156 0.173584 0.8106 17
16 353.005 424000 0.0158443 0.173509 0.810646 28
16 353.835 425000 0.0158353 0.173515 0.810649 12
16 354.656 426000 0.0158427 0.1735 0.810657 19
16 355.499 427000 0.0158548 0.173492 0.810653 21
16 356.333 428000 0.0158528 0.173493 0.810654 15
16 357.185 429000 0.0158438 0.17351 0.810646 12
16 358.037 430000 0.0158279 0.173535 0.810637 9
16 358.858 431000 0.0158237 0.173534 0.810643 14
16 359.644 432000 0.0158449 0.173484 0.810671 25
16 360.465 433000 0.015843 0.173478 0.810679 15
16 361.303 434000 0.0158364 0.173486 0.810677 13
16 362.155 435000 0.0158322 0.173499 0.810669 14
16 363.002 436000 0.0158165 0.173521 0.810663 9
16 363.88 437000 0.0157941 0.173565 0.810641 6
16 364.723 438000 0.0157763 0.173587 0.810637 8
16 365.562 439000 0.0157699 0.173595 0.810636 13
16 366.409 440000 0.0157636 0.173609 0.810627 13
16 367.23 441000 0.0157619 0.173601 0.810637 15
16 368.068 442000 0.015767 0.173597 0.810636 18
16 368.876 443000 0.0157743 0.173576 0.81065 19
16 369.697 444000 0.0157815 0.173561 0.810658 19
16 370.558 445000 0.0157596 0.173598 0.810643 6
16 371.379 446000 0.0157646 0.173583 0.810652 18
16 372.2 447000 0.0157696 0.17357 0.81066 18
16 373.047 448000 0.0157746 0.173571 0.810654 18
16 373.908 449000 0.0157706 0.173588 0.810641 14
16 374.724 450000 0.0157756 0.173573 0.810651 18
16 375.572 451000 0.0157894 0.173568 0.810643 22
16 376.375 452000 0.0157942 0.173544 0.810662 18
16 377.183 453000 0.0157969 0.173528 0.810675 17
16 378.013 454000 0.015793 0.173531 0.810676 14
16 378.847 455000 0.0157912 0.17353 0.810679 15
16 379.677 456000 0.0157873 0.173531 0.810682 14
16 380.55 457000 0.0157746 0.173562 0.810663 10
16 381.402 458000 0.0157642 0.173581 0.810655 11
16 382.289 459000 0.015756 0.173614 0.81063 12
16 383.123 460000 0.015737 0.173633 0.81063 7
16 383.918 461000 0.0157527 0.173597 0.810651 23
16 384.769 462000 0.0157359 0.173623 0.810641 8
16 385.652 463000 0.0157171 0.173663 0.81062 7
16 386.503 464000 0.0157091 0.173679 0.810612 12
16 387.346 465000 0.0157032 0.173688 0.810609 13
16 388.18 466000 0.015706 0.173685 0.810609 17
16 389.01 467000 0.0156959 0.173692 0.810612 11
16 389.836 468000 0.0157115 0.173671 0.810618 23
16 390.639 469000 0.0157228 0.173644 0.810633 21
16 391.465 470000 0.0157213 0.17364 0.810638 15
16 392.259 471000 0.0157367 0.173607 0.810656 23
16 393.081 472000 0.0157458 0.173589 0.810665 20
16 393.897 473000 0.0157526 0.173575 0.810672 19
16 394.705 474000 0.0157532 0.173559 0.810688 16
16 395.566 475000 0.0157453 0.173581 0.810674 12
16 396.413 476000 0.0157416 0.173588 0.81067 14
16 397.26 477000 0.0157358 0.173602 0.810662 13
16 398.112 478000 0.0157469 0.173598 0.810655 21
16 398.924 479000 0.0157432 0.173589 0.810668 14
16 399.723 480000 0.0157542 0.17356 0.810685 21
16 400.549 481000 0.0157588 0.173551 0.81069 18
16 401.4 482000 0.0157469 0.173571 0.810683 10
16 402.261 483000 0.0157453 0.173584 0.810671 15
16 403.104 484000 0.0157273 0.173605 0.810667 7
16 403.938 485000 0.0157216 0.17361 0.810668 13
16 404.755 486000 0.0157181 0.173605 0.810677 14
16 405.558 487000 0.0157187 0.173589 0.810692 16
16 406.375 488000 0.0157254 0.173574 0.810701 19
16 407.174 489000 0.0157485 0.173536 0.810716 27
16 407.995 490000 0.0157429 0.173535 0.810722 13
16 408.825 491000 0.0157373 0.173536 0.810727 13
16 409.633 492000 0.0157419 0.173518 0.81074 18
16 410.52 493000 0.0157282 0.173556 0.810716 9
16 411.349 494000 0.0157267 0.173555 0.810719 15
16 412.201 495000 0.0157293 0.17356 0.810711 17
16 413 496000 0.0157359 0.173536 0.810728 19
16 413.804 497000 0.0157304 0.173527 0.810742 13
16 414.634 498000 0.015739 0.173516 0.810745 20
16 415.477 499000 0.0157415 0.173517 0.810741 17
16 416.337 500000 0.015724 0.173548 0.810728 7
16 417.215 501000 0.0157086 0.173581 0.810711 8
16 418.023 502000 0.0157191 0.173558 0.810723 21
16 418.818 503000 0.0157237 0.173535 0.810742 18
16 419.639 504000 0.0157302 0.173522 0.810748 19
16 420.473 505000 0.0157327 0.173519 0.810749 17
16 421.316 506000 0.0157352 0.17352 0.810745 17
16 422.154 507000 0.0157318 0.173525 0.810744 14
16 422.997 508000 0.0157323 0.173528 0.81074 16
16 423.792 509000 0.0157505 0.173491 0.810758 25
16 424.591 510000 0.0157667 0.173459 0.810775 24
16 425.395 511000 0.0157847 0.173427 0.810789 25
16 426.234 512000 0.0157773 0.173436 0.810787 12
16 427.063 513000 0.0157778 0.173433 0.810789 16
16 427.884 514000 0.015786 0.173418 0.810796 20
16 428.758 515000 0.0157709 0.17345 0.810779 8
16 429.583 516000 0.0157771 0.17344 0.810783 19
16 430.418 517000 0.015766 0.173451 0.810783 10
16 431.269 518000 0.0157703 0.173454 0.810776 18
16 432.082 519000 0.0157765 0.173437 0.810786 19
16 432.916 520000 0.0157692 0.173444 0.810787 12
16 433.772 521000 0.0157793 0.173443 0.810777 21
16 434.61 522000 0.0157739 0.17345 0.810776 13
16 435.466 523000 0.0157648 0.173468 0.810767 11
16 436.314 524000 0.0157615 0.173479 0.81076 14
16 437.143 525000 0.0157543 0.173482 0.810764 12
16 437.991 526000 0.015751 0.17349 0.810759 14
16 438.799 527000 0.0157552 0.173474 0.81077 18
16 439.641 528000 0.01575 0.173485 0.810765 13
16 440.48 529000 0.0157561 0.173478 0.810766 19
16 441.271 530000 0.0157717 0.173443 0.810785 24
16 442.131 531000 0.0157684 0.173458 0.810774 14
16 442.969 532000 0.0157556 0.173472 0.810773 9
16 443.856 533000 0.0157336 0.173516 0.81075 4
16 444.708 534000 0.0157191 0.173537 0.810743 8
16 445.607 535000 0.0156953 0.173589 0.810716 3
16 446.468 536000 0.0156791 0.173616 0.810705 7
16 447.341 537000 0.0156536 0.173659 0.810687 2
16 448.236 538000 0.0156245 0.173714 0.810662 0
16 449.136 539000 0.0155955 0.17377 0.810635 0
16 450.023 540000 0.0155667 0.17382 0.810613 0
16 450.918 541000 0.0155379 0.173872 0.81059 0
16 451.809 542000 0.0155092 0.173924 0.810566 0
16 452.7 543000 0.0154807 0.173978 0.810541 0
16 453.591 544000 0.0154522 0.174028 0.81052 0
16 454.504 545000 0.0154239 0.174088 0.810488 0
16 455.377 546000 0.0153956 0.174132 0.810473 0
16 456.285 547000 0.0153675 0.17419 0.810442 0
16 457.172 548000 0.0153394 0.174239 0.810422 0
16 458.063 549000 0.0153115 0.17429 0.810399 0
16 458.958 550000 0.0152836 0.174342 0.810375 0
16 459.854 551000 0.0152559 0.174396 0.810348 0
16 460.749 552000 0.0152283 0.174446 0.810326 0
16 461.64 553000 0.0152007 0.174497 0.810302 0
16 462.531 554000 0.0151733 0.174545 0.810282 0
16 463.426 555000 0.0151459 0.174596 0.810258 0
16 464.313 556000 0.0151187 0.174644 0.810237 0
16 465.221 557000 0.0150916 0.1747 0.810208 0
16 466.094 558000 0.0150645 0.174744 0.810192 0
16 467.003 559000 0.0150376 0.174798 0.810165 0
16 467.889 560000 0.0150107 0.174845 0.810145 0
16 468.789 561000 0.014984 0.174897 0.810119 0
16 469.671 562000 0.0149573 0.174943 0.8101 0
16 470.571 563000 0.0149307 0.174993 0.810076 0
16 471.466 564000 0.0149043 0.175043 0.810053 0
16 472.353 565000 0.0148779 0.175088 0.810034 0
16 473.248 566000 0.0148516 0.17514 0.810009 0
16 474.143 567000 0.0148254 0.175187 0.809988 0
16 475.021 568000 0.0147993 0.175229 0.809972 0
16 475.934 569000 0.0147733 0.175285 0.809942 0
16 476.821 570000 0.0147474 0.17533 0.809923 0
16 477.716 571000 0.0147215 0.175378 0.8099 0
16 478.611 572000 0.0146958 0.175427 0.809878 0
16 479.506 573000 0.0146702 0.175475 0.809855 0
16 480.389 574000 0.0146446 0.175519 0.809836 0
16 481.284 575000 0.0146191 0.175567 0.809814 0
16 482.188 576000 0.0145938 0.175616 0.80979 0
16 483.066 577000 0.0145685 0.175659 0.809773 0
16 483.97 578000 0.0145433 0.175708 0.809749 0
16 484.865 579000 0.0145181 0.175755 0.809727 0
16 485.743 580000 0.0144931 0.175795 0.809712 0
16 486.647 581000 0.0144682 0.175845 0.809687 0
16 487.547 582000 0.0144433 0.175893 0.809663 0
16 488.438 583000 0.0144185 0.175938 0.809643 0
16 489.333 584000 0.0143938 0.175985 0.809622 0
16 490.219 585000 0.0143692 0.176029 0.809602 0
16 491.11 586000 0.0143447 0.176072 0.809584 0
16 492.001 587000 0.0143203 0.176118 0.809562 0
16 492.91 588000 0.0142959 0.176167 0.809537 0
16 493.788 589000 0.0142716 0.176205 0.809523 0
16 494.696 590000 0.0142475 0.176256 0.809497 0
16 495.578 591000 0.0142234 0.176296 0.809481 0
16 496.469 592000 0.0141993 0.17634 0.809461 0
16 497.364 593000 0.0141754 0.176384 0.80944 0
16 498.264 594000 0.0141515 0.176433 0.809416 0
16 499.159 595000 0.0141277 0.176476 0.809397 0
