8 0.369921 1000 0.056 0.201 0.743 56
8 0.810455 2000 0.036 0.163 0.801 16
8 1.27935 3000 0.0266667 0.148667 0.824667 8
8 1.73416 4000 0.02125 0.1395 0.83925 5
8 2.23985 5000 0.018 0.1352 0.8468 5
8 2.71466 6000 0.0155 0.131167 0.853333 3
8 3.20502 7000 0.0132857 0.129571 0.857143 0
8 3.69046 8000 0.01225 0.127 0.86075 5
8 4.18911 9000 0.011 0.125889 0.863111 1
8 4.6918 10000 0.0101 0.1247 0.8652 2
8 5.17457 11000 0.00936364 0.123091 0.867545 2
8 5.68129 12000 0.00858333 0.122333 0.869083 0
8 6.18365 13000 0.00792308 0.121615 0.870462 0
8 6.69038 14000 0.00735714 0.121071 0.871571 0
8 7.16654 15000 0.00686667 0.120133 0.873 0
8 7.67763 16000 0.0064375 0.119813 0.87375 0
8 8.17999 17000 0.00605882 0.119412 0.874529 0
8 8.68234 18000 0.00572222 0.119056 0.875222 0
8 9.1716 19000 0.00542105 0.118579 0.876 0
8 9.6696 20000 0.00515 0.11825 0.8766 0
8 10.172 21000 0.00490476 0.118048 0.877048 0
8 10.6743 22000 0.00468182 0.117773 0.877545 0
8 11.181 23000 0.00447826 0.117609 0.877913 0
8 11.679 24000 0.00429167 0.117375 0.878333 0
8 12.1814 25000 0.00412 0.1172 0.87868 0
8 12.6794 26000 0.00396154 0.117 0.879038 0
8 13.1905 27000 0.00381481 0.116963 0.879222 0
8 13.6797 28000 0.00367857 0.116679 0.879643 0
8 14.1865 29000 0.00355172 0.116586 0.879862 0
8 14.6932 30000 0.00343333 0.1165 0.880067 0
8 15.2086 31000 0.00332258 0.116484 0.880194 0
8 15.6935 32000 0.00321875 0.11625 0.880531 0
8 16.2002 33000 0.00312121 0.116182 0.880697 0
8 16.7026 34000 0.00302941 0.116088 0.880882 0
8 17.2137 35000 0.00294286 0.116057 0.881 0
8 17.6942 36000 0.00286111 0.115833 0.881306 0
8 18.2053 37000 0.00278378 0.115811 0.881405 0
8 18.7033 38000 0.00271053 0.115711 0.881579 0
8 19.21 39000 0.00264103 0.115667 0.881692 0
8 19.6906 40000 0.002575 0.115475 0.88195 0
8 20.1973 41000 0.0025122 0.115439 0.882049 0
8 20.6996 42000 0.00245238 0.115381 0.882167 0
8 21.202 43000 0.00239535 0.115326 0.882279 0
8 21.6913 44000 0.00234091 0.115205 0.882455 0
8 22.1893 45000 0.00228889 0.115156 0.882556 0
8 22.7003 46000 0.00223913 0.11513 0.88263 0
8 23.1983 47000 0.00219149 0.115064 0.882745 0
8 23.7094 48000 0.00214583 0.115062 0.882792 0
8 24.1987 49000 0.00210204 0.114959 0.882939 0
8 24.7054 50000 0.00206 0.11494 0.883 0
8 25.2034 51000 0.00201961 0.114882 0.883098 0
8 25.7189 52000 0.00198077 0.114904 0.883115 0
8 26.2081 53000 0.0019434 0.114811 0.883245 0
8 26.7192 54000 0.00190741 0.114815 0.883278 0
8 27.2216 55000 0.00187273 0.1148 0.883327 0
8 27.7327 56000 0.00183929 0.114804 0.883357 0
8 28.2132 57000 0.00180702 0.114667 0.883526 0
8 28.7243 58000 0.00177586 0.11469 0.883534 0
8 29.231 59000 0.00174576 0.114661 0.883593 0
8 29.7334 60000 0.00171667 0.114633 0.88365 0
8 30.2139 61000 0.00168852 0.114525 0.883787 0
8 30.725 62000 0.00166129 0.114532 0.883806 0
8 31.223 63000 0.00163492 0.114492 0.883873 0
8 31.7297 64000 0.00160937 0.114484 0.883906 0
8 32.2146 65000 0.00158462 0.1144 0.884015 0
8 32.7169 66000 0.00156061 0.114379 0.884061 0
8 33.2193 67000 0.00153731 0.114358 0.884104 0
8 33.7217 68000 0.00151471 0.114338 0.884147 0
8 34.2196 69000 0.00149275 0.114304 0.884203 0
8 34.7176 70000 0.00147143 0.114271 0.884257 0
8 35.2244 71000 0.0014507 0.114268 0.884282 0
8 35.7267 72000 0.00143056 0.11425 0.884319 0
8 36.2334 73000 0.00141096 0.114247 0.884342 0
8 36.7183 74000 0.00139189 0.114176 0.884432 0
8 37.2294 75000 0.00137333 0.1142 0.884427 0
8 37.7318 76000 0.00135526 0.114171 0.884474 0
8 38.2429 77000 0.00133766 0.114195 0.884468 0
8 38.7321 78000 0.00132051 0.114128 0.884551 0
8 39.2432 79000 0.0013038 0.114139 0.884557 0
8 39.75 80000 0.0012875 0.114138 0.884575 0
8 40.2567 81000 0.0012716 0.114136 0.884593 0
8 40.7416 82000 0.0012561 0.114073 0.884671 0
8 41.2483 83000 0.00124096 0.114072 0.884687 0
8 41.7507 84000 0.00122619 0.11406 0.884714 0
8 42.2574 85000 0.00121176 0.114059 0.884729 0
8 42.7335 86000 0.00119767 0.113977 0.884826 0
8 43.2446 87000 0.00118391 0.113989 0.884828 0
8 43.747 88000 0.00117045 0.113977 0.884852 0
8 44.2493 89000 0.0011573 0.113966 0.884876 0
8 44.7386 90000 0.00114444 0.113922 0.884933 0
8 45.2366 91000 0.00113187 0.113901 0.884967 0
8 45.739 92000 0.00111957 0.113902 0.884978 0
8 46.2413 93000 0.00110753 0.113882 0.885011 0
8 46.748 94000 0.00109574 0.113883 0.885021 0
8 47.246 95000 0.00108421 0.113863 0.885053 0
8 47.7484 96000 0.00107292 0.113854 0.885073 0
8 48.2464 97000 0.00106186 0.113835 0.885103 0
8 48.7575 98000 0.00105102 0.113857 0.885092 0
8 49.2467 99000 0.0010404 0.113808 0.885152 0
8 49.7535 100000 0.00103 0.11381 0.88516 0
8 50.2602 101000 0.0010198 0.113812 0.885168 0
8 50.7756 102000 0.0010098 0.113833 0.885157 0
8 51.2605 103000 0.001 0.113786 0.885214 0
8 51.7672 104000 0.000990385 0.113788 0.885221 0
8 52.2696 105000 0.000980952 0.113781 0.885238 0
8 52.7807 106000 0.000971698 0.113792 0.885236 0
8 53.2612 107000 0.000962617 0.113738 0.885299 0
8 53.7723 108000 0.000953704 0.11375 0.885296 0
8 54.2703 109000 0.000944954 0.113734 0.885321 0
8 54.777 110000 0.000936364 0.113736 0.885327 0
8 55.2576 111000 0.000927928 0.113685 0.885387 0
8 55.7643 112000 0.000919643 0.113687 0.885393 0
8 56.2666 113000 0.000911504 0.113681 0.885407 0
8 56.769 114000 0.000903509 0.113675 0.885421 0
8 57.2583 115000 0.000895652 0.113643 0.885461 0
8 57.7563 116000 0.000887931 0.113638 0.885474 0
8 58.2673 117000 0.000880342 0.113641 0.885479 0
8 58.7653 118000 0.000872881 0.113627 0.8855 0
8 59.2764 119000 0.000865546 0.113639 0.885496 0
8 59.7657 120000 0.000858333 0.113608 0.885533 0
8 60.2724 121000 0.00085124 0.113612 0.885537 0
8 60.7704 122000 0.000844262 0.113598 0.885557 0
8 61.2859 123000 0.000837398 0.113618 0.885545 0
8 61.7751 124000 0.000830645 0.113589 0.885581 0
8 62.2862 125000 0.000824 0.1136 0.885576 0
8 62.7886 126000 0.00081746 0.113603 0.885579 0
8 63.2997 127000 0.000811024 0.113614 0.885575 0
8 63.7802 128000 0.000804687 0.113562 0.885633 0
8 64.2913 129000 0.00079845 0.113581 0.88562 0
8 64.798 130000 0.000792308 0.113577 0.885631 0
8 65.3004 131000 0.00078626 0.113573 0.885641 0
8 65.7809 132000 0.000780303 0.11353 0.885689 0
8 66.292 133000 0.000774436 0.113541 0.885684 0
8 66.79 134000 0.000768657 0.11353 0.885701 0
8 67.2967 135000 0.000762963 0.113533 0.885704 0
8 67.7816 136000 0.000757353 0.1135 0.885743 0
8 68.2839 137000 0.000751825 0.113496 0.885752 0
8 68.7863 138000 0.000746377 0.113493 0.885761 0
8 69.2887 139000 0.000741007 0.113489 0.88577 0
8 69.7866 140000 0.000735714 0.113479 0.885786 0
8 70.2846 141000 0.000730496 0.113468 0.885801 0
8 70.7914 142000 0.000725352 0.113472 0.885803 0
8 71.2937 143000 0.00072028 0.113469 0.885811 0
8 71.8004 144000 0.000715278 0.113472 0.885813 0
8 72.2853 145000 0.000710345 0.113441 0.885848 0
8 72.7964 146000 0.000705479 0.113459 0.885836 0
8 73.2988 147000 0.00070068 0.113449 0.88585 0
8 73.8099 148000 0.000695946 0.113466 0.885838 0
8 74.2991 149000 0.000691275 0.113436 0.885872 0
8 74.8102 150000 0.000686667 0.113447 0.885867 0
8 75.317 151000 0.000682119 0.11345 0.885868 0
8 75.8237 152000 0.000677632 0.113454 0.885868 0
8 76.3086 153000 0.000673203 0.113425 0.885902 0
8 76.8153 154000 0.000668831 0.113429 0.885903 0
8 77.3177 155000 0.000664516 0.113426 0.88591 0
8 77.8244 156000 0.000660256 0.113429 0.88591 0
8 78.3005 157000 0.000656051 0.113389 0.885955 0
8 78.8116 158000 0.000651899 0.113399 0.885949 0
8 79.314 159000 0.000647799 0.113396 0.885956 0
8 79.8163 160000 0.00064375 0.113394 0.885962 0
8 80.3056 161000 0.000639752 0.113373 0.885988 0
8 80.8036 162000 0.000635802 0.113364 0.886 0
8 81.306 163000 0.000631902 0.113368 0.886 0
8 81.8083 164000 0.000628049 0.11336 0.886012 0
8 82.315 165000 0.000624242 0.113364 0.886012 0
8 82.813 166000 0.000620482 0.113355 0.886024 0
8 83.3154 167000 0.000616766 0.113353 0.88603 0
8 83.8134 168000 0.000613095 0.113345 0.886042 0
8 84.3245 169000 0.000609467 0.113361 0.88603 0
8 84.8137 170000 0.000605882 0.113335 0.886059 0
8 85.3205 171000 0.000602339 0.113339 0.886058 0
8 85.8272 172000 0.000598837 0.113343 0.886058 0
8 86.3426 173000 0.000595376 0.113358 0.886046 0
8 86.8275 174000 0.000591954 0.113333 0.886075 0
8 87.3342 175000 0.000588571 0.113337 0.886074 0
8 87.8366 176000 0.000585227 0.113335 0.88608 0
8 88.3477 177000 0.000581921 0.113345 0.886073 0
8 88.8282 178000 0.000578652 0.113315 0.886107 0
8 89.3393 179000 0.000575419 0.113324 0.886101 0
8 89.8373 180000 0.000572222 0.113317 0.886111 0
8 90.344 181000 0.000569061 0.11332 0.88611 0
8 90.8246 182000 0.000565934 0.113291 0.886143 0
8 91.3313 183000 0.000562842 0.113295 0.886142 0
8 91.8336 184000 0.000559783 0.113293 0.886147 0
8 92.336 185000 0.000556757 0.113292 0.886151 0
8 92.8253 186000 0.000553763 0.113274 0.886172 0
8 93.3233 187000 0.000550802 0.113273 0.886176 0
8 93.8343 188000 0.000547872 0.113277 0.886176 0
8 94.3323 189000 0.000544974 0.11327 0.886185 0
8 94.8434 190000 0.000542105 0.113279 0.886179 0
8 95.3327 191000 0.000539267 0.113262 0.886199 0
8 95.8394 192000 0.000536458 0.113266 0.886198 0
8 96.3374 193000 0.000533679 0.113259 0.886207 0
8 96.8529 194000 0.000530928 0.113273 0.886196 0
8 97.3421 195000 0.000528205 0.113256 0.886215 0
8 97.8532 196000 0.00052551 0.113265 0.886209 0
8 98.3556 197000 0.000522843 0.113269 0.886208 0
8 98.8667 198000 0.000520202 0.113278 0.886202 0
8 99.3472 199000 0.000517588 0.113246 0.886236 0
8 99.8583 200000 0.000515 0.11326 0.886225 0
8 100.365 201000 0.000512438 0.113259 0.886229 0
8 100.867 202000 0.000509901 0.113257 0.886233 0
8 101.348 203000 0.000507389 0.113232 0.886261 0
8 101.859 204000 0.000504902 0.11324 0.886255 0
8 102.357 205000 0.000502439 0.113234 0.886263 0
8 102.864 206000 0.0005 0.113238 0.886262 0
8 103.349 207000 0.000497585 0.113217 0.886285 0
8 103.851 208000 0.000495192 0.113216 0.886288 0
8 104.353 209000 0.000492823 0.113215 0.886292 0
8 104.856 210000 0.000490476 0.113214 0.886295 0
8 105.354 211000 0.000488152 0.113209 0.886303 0
8 105.852 212000 0.000485849 0.113203 0.886311 0
8 106.358 213000 0.000483568 0.113207 0.88631 0
8 106.861 214000 0.000481308 0.113206 0.886313 0
8 107.367 215000 0.00047907 0.113209 0.886312 0
8 107.852 216000 0.000476852 0.11319 0.886333 0
8 108.363 217000 0.000474654 0.113203 0.886323 0
8 108.866 218000 0.000472477 0.113197 0.88633 0
8 109.377 219000 0.00047032 0.11321 0.88632 0
8 109.866 220000 0.000468182 0.113191 0.886341 0
8 110.377 221000 0.000466063 0.113199 0.886335 0
8 110.884 222000 0.000463964 0.113203 0.886333 0
8 111.391 223000 0.000461883 0.113206 0.886332 0
8 111.876 224000 0.000459821 0.113187 0.886353 0
8 112.382 225000 0.000457778 0.113191 0.886351 0
8 112.885 226000 0.000455752 0.11319 0.886354 0
8 113.391 227000 0.000453744 0.113194 0.886352 0
8 113.868 228000 0.000451754 0.113167 0.886382 0
8 114.379 229000 0.000449782 0.113175 0.886376 0
8 114.881 230000 0.000447826 0.113174 0.886378 0
8 115.383 231000 0.000445887 0.113173 0.886381 0
8 115.873 232000 0.000443966 0.113159 0.886397 0
8 116.371 233000 0.00044206 0.113155 0.886403 0
8 116.873 234000 0.000440171 0.113158 0.886402 0
8 117.375 235000 0.000438298 0.113153 0.886409 0
8 117.882 236000 0.000436441 0.113157 0.886407 0
8 118.38 237000 0.000434599 0.113152 0.886414 0
8 118.882 238000 0.000432773 0.113151 0.886416 0
8 119.38 239000 0.000430962 0.113146 0.886423 0
8 119.891 240000 0.000429167 0.113158 0.886413 0
8 120.381 241000 0.000427386 0.113141 0.886432 0
8 120.887 242000 0.00042562 0.113145 0.88643 0
8 121.394 243000 0.000423868 0.113148 0.886428 0
8 121.91 244000 0.000422131 0.11316 0.886418 0
8 122.395 245000 0.000420408 0.113143 0.886437 0
8 122.901 246000 0.000418699 0.113146 0.886435 0
8 123.404 247000 0.000417004 0.113146 0.886437 0
8 123.915 248000 0.000415323 0.113153 0.886431 0
8 124.395 249000 0.000413655 0.113133 0.886454 0
8 124.906 250000 0.000412 0.11314 0.886448 0
8 125.404 251000 0.000410359 0.113135 0.886454 0
8 125.911 252000 0.00040873 0.113139 0.886452 0
8 126.392 253000 0.000407115 0.113119 0.886474 0
8 126.898 254000 0.000405512 0.113122 0.886472 0
8 127.401 255000 0.000403922 0.113122 0.886475 0
8 127.903 256000 0.000402344 0.113121 0.886477 0
8 128.392 257000 0.000400778 0.113109 0.88649 0
8 128.89 258000 0.000399225 0.113109 0.886492 0
8 129.401 259000 0.000397683 0.113112 0.88649 0
8 129.899 260000 0.000396154 0.113108 0.886496 0
8 130.41 261000 0.000394636 0.113115 0.88649 0
8 130.9 262000 0.00039313 0.113103 0.886504 0
8 131.406 263000 0.000391635 0.113106 0.886502 0
8 131.904 264000 0.000390152 0.113102 0.886508 0
8 132.42 265000 0.000388679 0.113113 0.886498 0
8 132.909 266000 0.000387218 0.113102 0.886511 0
8 133.42 267000 0.000385768 0.113109 0.886506 0
8 133.923 268000 0.000384328 0.113112 0.886504 0
8 134.434 269000 0.0003829 0.113119 0.886498 0
8 134.914 270000 0.000381481 0.113096 0.886522 0
8 135.425 271000 0.000380074 0.113107 0.886513 0
8 135.932 272000 0.000378676 0.113107 0.886515 0
8 136.434 273000 0.000377289 0.113106 0.886516 0
8 136.915 274000 0.000375912 0.113088 0.886536 0
8 137.426 275000 0.000374545 0.113095 0.886531 0
8 137.924 276000 0.000373188 0.113091 0.886536 0
8 138.431 277000 0.000371841 0.113094 0.886534 0
8 138.916 278000 0.000370504 0.113079 0.88655 0
8 139.418 279000 0.000369176 0.113079 0.886552 0
8 139.92 280000 0.000367857 0.113079 0.886554 0
8 140.423 281000 0.000366548 0.113078 0.886555 0
8 140.921 282000 0.000365248 0.113074 0.88656 0
8 141.419 283000 0.000363958 0.113071 0.886565 0
8 141.925 284000 0.000362676 0.113074 0.886563 0
8 142.428 285000 0.000361404 0.113074 0.886565 0
8 142.934 286000 0.00036014 0.113077 0.886563 0
8 143.419 287000 0.000358885 0.113063 0.886578 0
8 143.93 288000 0.000357639 0.113073 0.886569 0
8 144.433 289000 0.000356401 0.113069 0.886574 0
8 144.944 290000 0.000355172 0.113079 0.886566 0
8 145.433 291000 0.000353952 0.113065 0.886581 0
8 145.944 292000 0.00035274 0.113072 0.886575 0
8 146.451 293000 0.000351536 0.113075 0.886573 0
8 146.958 294000 0.00035034 0.113078 0.886571 0
8 147.443 295000 0.000349153 0.113064 0.886586 0
8 147.949 296000 0.000347973 0.113068 0.886584 0
8 148.452 297000 0.000346801 0.113067 0.886586 0
8 148.958 298000 0.000345638 0.11307 0.886584 0
8 149.435 299000 0.000344482 0.11305 0.886605 0
8 149.946 300000 0.000343333 0.113057 0.8866 0
8 150.448 301000 0.000342193 0.113056 0.886601 0
8 150.95 302000 0.00034106 0.113056 0.886603 0
8 151.44 303000 0.000339934 0.113046 0.886614 0
8 151.938 304000 0.000338816 0.113043 0.886618 0
8 152.44 305000 0.000337705 0.113046 0.886616 0
8 152.942 306000 0.000336601 0.113042 0.886621 0
8 153.449 307000 0.000335505 0.113046 0.886619 0
8 153.947 308000 0.000334416 0.113042 0.886623 0
8 154.449 309000 0.000333333 0.113042 0.886625 0
8 154.947 310000 0.000332258 0.113039 0.886629 0
8 155.458 311000 0.00033119 0.113048 0.886621 0
8 155.948 312000 0.000330128 0.113035 0.886635 0
8 156.454 313000 0.000329073 0.113038 0.886633 0
8 156.961 314000 0.000328025 0.113041 0.886631 0
8 157.477 315000 0.000326984 0.113051 0.886622 0
8 157.962 316000 0.000325949 0.113038 0.886636 0
8 158.468 317000 0.000324921 0.113041 0.886634 0
8 158.971 318000 0.000323899 0.113041 0.886635 0
8 159.482 319000 0.000322884 0.113047 0.88663 0
8 159.962 320000 0.000321875 0.113031 0.886647 0
8 160.473 321000 0.000320872 0.113037 0.886642 0
8 160.971 322000 0.000319876 0.113034 0.886646 0
8 161.478 323000 0.000318885 0.113037 0.886644 0
8 161.959 324000 0.000317901 0.113022 0.88666 0
8 162.465 325000 0.000316923 0.113025 0.886658 0
8 162.968 326000 0.000315951 0.113025 0.88666 0
8 163.47 327000 0.000314985 0.113024 0.886661 0
8 163.959 328000 0.000314024 0.113015 0.886671 0
8 164.457 329000 0.00031307 0.113015 0.886672 0
8 164.968 330000 0.000312121 0.113018 0.88667 0
8 165.466 331000 0.000311178 0.113015 0.886674 0
8 165.977 332000 0.000310241 0.113021 0.886669 0
8 166.467 333000 0.000309309 0.113012 0.886679 0
8 166.973 334000 0.000308383 0.113015 0.886677 0
8 167.471 335000 0.000307463 0.113012 0.886681 0
8 167.987 336000 0.000306548 0.113021 0.886673 0
8 168.476 337000 0.000305638 0.113012 0.886682 0
8 168.987 338000 0.000304734 0.113018 0.886678 0
8 169.49 339000 0.000303835 0.113021 0.886676 0
8 170.001 340000 0.000302941 0.113026 0.886671 0
8 170.481 341000 0.000302053 0.113009 0.886689 0
8 170.992 342000 0.00030117 0.113018 0.886681 0
8 171.499 343000 0.000300292 0.113017 0.886682 0
8 172.001 344000 0.000299419 0.113017 0.886683 0
8 172.482 345000 0.000298551 0.113003 0.886699 0
8 172.993 346000 0.000297688 0.113009 0.886694 0
8 173.491 347000 0.00029683 0.113006 0.886697 0
8 173.998 348000 0.000295977 0.113009 0.886695 0
8 174.483 349000 0.000295129 0.112997 0.886708 0
8 174.985 350000 0.000294286 0.112997 0.886709 0
8 175.487 351000 0.000293447 0.112997 0.886709 0
8 175.99 352000 0.000292614 0.112997 0.88671 0
8 176.488 353000 0.000291785 0.112994 0.886714 0
8 176.986 354000 0.00029096 0.112992 0.886718 0
8 177.492 355000 0.000290141 0.112994 0.886715 0
8 177.995 356000 0.000289326 0.112994 0.886716 0
8 178.501 357000 0.000288515 0.112997 0.886714 0
8 178.986 358000 0.000287709 0.112986 0.886726 0
8 179.497 359000 0.000286908 0.112994 0.886719 0
8 180 360000 0.000286111 0.112992 0.886722 0
8 180.511 361000 0.000285319 0.113 0.886715 0
8 181 362000 0.00028453 0.112989 0.886727 0
8 181.511 363000 0.000283747 0.112994 0.886722 0
8 182.018 364000 0.000282967 0.112997 0.88672 0
8 182.525 365000 0.000282192 0.113 0.886718 0
8 183.01 366000 0.000281421 0.112989 0.88673 0
8 183.516 367000 0.000280654 0.112992 0.886728 0
8 184.019 368000 0.000279891 0.112992 0.886728 0
8 184.525 369000 0.000279133 0.112995 0.886726 0
8 185.002 370000 0.000278378 0.112978 0.886743 0
8 185.513 371000 0.000277628 0.112984 0.886739 0
8 186.015 372000 0.000276882 0.112984 0.886739 0
8 186.517 373000 0.000276139 0.112984 0.88674 0
8 187.007 374000 0.000275401 0.112976 0.886749 0
8 187.505 375000 0.000274667 0.112973 0.886752 0
8 188.007 376000 0.000273936 0.112976 0.88675 0
8 188.509 377000 0.00027321 0.112973 0.886753 0
8 189.016 378000 0.000272487 0.112976 0.886751 0
8 189.514 379000 0.000271768 0.112974 0.886755 0
8 190.016 380000 0.000271053 0.112974 0.886755 0
8 190.514 381000 0.000270341 0.112971 0.886759 0
8 191.025 382000 0.000269634 0.112979 0.886751 0
8 191.515 383000 0.00026893 0.112969 0.886762 0
8 192.021 384000 0.000268229 0.112971 0.88676 0
8 192.528 385000 0.000267532 0.112974 0.886758 0
8 193.044 386000 0.000266839 0.112982 0.886751 0
8 193.529 387000 0.00026615 0.112972 0.886762 0
8 194.035 388000 0.000265464 0.112974 0.88676 0
8 194.538 389000 0.000264781 0.112974 0.886761 0
8 195.049 390000 0.000264103 0.112979 0.886756 0
8 195.529 391000 0.000263427 0.112967 0.88677 0
8 196.04 392000 0.000262755 0.112972 0.886765 0
8 196.538 393000 0.000262087 0.112969 0.886768 0
8 197.045 394000 0.000261421 0.112972 0.886766 0
8 197.526 395000 0.000260759 0.112959 0.88678 0
8 198.032 396000 0.000260101 0.112962 0.886778 0
8 198.535 397000 0.000259446 0.112962 0.886778 0
8 199.037 398000 0.000258794 0.112962 0.886779 0
8 199.526 399000 0.000258145 0.112955 0.886787 0
8 200.024 400000 0.0002575 0.112955 0.886787 0
8 200.535 401000 0.000256858 0.112958 0.886786 0
8 201.033 402000 0.000256219 0.112955 0.886789 0
8 201.544 403000 0.000255583 0.11296 0.886784 0
8 202.034 404000 0.00025495 0.112953 0.886792 0
8 202.54 405000 0.000254321 0.112956 0.88679 0
8 203.038 406000 0.000253695 0.112953 0.886793 0
8 203.554 407000 0.000253071 0.112961 0.886786 0
8 204.043 408000 0.000252451 0.112953 0.886794 0
8 204.554 409000 0.000251834 0.112958 0.88679 0
8 205.057 410000 0.00025122 0.112961 0.886788 0
8 205.568 411000 0.000250608 0.112966 0.886783 0
8 206.048 412000 0.00025 0.112951 0.886799 0
8 206.559 413000 0.000249395 0.112959 0.886792 0
8 207.066 414000 0.000248792 0.112959 0.886792 0
8 207.568 415000 0.000248193 0.112959 0.886793 0
8 208.049 416000 0.000247596 0.112947 0.886805 0
8 208.56 417000 0.000247002 0.112952 0.886801 0
8 209.058 418000 0.000246411 0.11295 0.886804 0
8 209.565 419000 0.000245823 0.112952 0.886802 0
8 210.05 420000 0.000245238 0.112943 0.886812 0
8 210.552 421000 0.000244656 0.112943 0.886812 0
8 211.054 422000 0.000244076 0.112943 0.886813 0
8 211.557 423000 0.000243499 0.112943 0.886813 0
8 212.055 424000 0.000242925 0.112941 0.886816 0
8 212.553 425000 0.000242353 0.112939 0.886819 0
8 213.059 426000 0.000241784 0.112941 0.886817 0
8 213.562 427000 0.000241218 0.112941 0.886817 0
8 214.068 428000 0.000240654 0.112944 0.886815 0
8 214.553 429000 0.000240093 0.112935 0.886825 0
8 215.064 430000 0.000239535 0.112942 0.886819 0
8 215.567 431000 0.000238979 0.11294 0.886821 0
8 216.078 432000 0.000238426 0.112947 0.886815 0
8 216.567 433000 0.000237875 0.112938 0.886824 0
8 217.078 434000 0.000237327 0.112942 0.88682 0
8 217.585 435000 0.000236782 0.112945 0.886818 0
8 218.092 436000 0.000236239 0.112947 0.886817 0
8 218.577 437000 0.000235698 0.112938 0.886826 0
8 219.083 438000 0.00023516 0.112941 0.886824 0
8 219.586 439000 0.000234624 0.112941 0.886825 0
8 220.092 440000 0.000234091 0.112943 0.886823 0
8 220.569 441000 0.00023356 0.11293 0.886837 0
8 221.08 442000 0.000233032 0.112934 0.886833 0
8 221.582 443000 0.000232506 0.112935 0.886833 0
8 222.084 444000 0.000231982 0.112935 0.886833 0
8 222.574 445000 0.000231461 0.112928 0.88684 0
8 223.072 446000 0.000230942 0.112926 0.886843 0
8 223.574 447000 0.000230425 0.112928 0.886841 0
8 224.076 448000 0.000229911 0.112926 0.886844 0
8 224.583 449000 0.000229399 0.112929 0.886842 0
8 225.081 450000 0.000228889 0.112927 0.886844 0
8 225.583 451000 0.000228381 0.112927 0.886845 0
8 226.081 452000 0.000227876 0.112925 0.886847 0
8 226.592 453000 0.000227373 0.112932 0.886841 0
8 227.082 454000 0.000226872 0.112923 0.88685 0
8 227.588 455000 0.000226374 0.112925 0.886848 0
8 228.095 456000 0.000225877 0.112928 0.886846 0
8 228.611 457000 0.000225383 0.112934 0.88684 0
8 229.096 458000 0.000224891 0.112926 0.886849 0
8 229.602 459000 0.000224401 0.112928 0.886847 0
8 230.105 460000 0.000223913 0.112928 0.886848 0
8 230.616 461000 0.000223427 0.112933 0.886844 0
8 231.096 462000 0.000222944 0.112922 0.886855 0
8 231.607 463000 0.000222462 0.112927 0.886851 0
8 232.105 464000 0.000221983 0.112925 0.886853 0
8 232.612 465000 0.000221505 0.112927 0.886852 0
8 233.093 466000 0.00022103 0.112916 0.886863 0
8 233.599 467000 0.000220557 0.112919 0.886861 0
8 234.102 468000 0.000220085 0.112919 0.886861 0
8 234.604 469000 0.000219616 0.112919 0.886861 0
8 235.093 470000 0.000219149 0.112913 0.886868 0
8 235.591 471000 0.000218684 0.112913 0.886868 0
8 236.102 472000 0.00021822 0.112915 0.886867 0
8 236.6 473000 0.000217759 0.112913 0.886869 0
8 237.111 474000 0.0002173 0.112918 0.886865 0
8 237.601 475000 0.000216842 0.112912 0.886872 0
8 238.107 476000 0.000216387 0.112914 0.88687 0
8 238.605 477000 0.000215933 0.112912 0.886872 0
8 239.121 478000 0.000215481 0.112918 0.886866 0
8 239.61 479000 0.000215031 0.112912 0.886873 0
8 240.121 480000 0.000214583 0.112917 0.886869 0
8 240.624 481000 0.000214137 0.112919 0.886867 0
8 241.135 482000 0.000213693 0.112923 0.886863 0
8 241.615 483000 0.000213251 0.112911 0.886876 0
8 242.126 484000 0.00021281 0.112917 0.88687 0
8 242.633 485000 0.000212371 0.112918 0.88687 0
8 243.135 486000 0.000211934 0.112918 0.88687 0
8 243.616 487000 0.000211499 0.112908 0.886881 0
8 244.127 488000 0.000211066 0.112912 0.886877 0
8 244.625 489000 0.000210634 0.11291 0.886879 0
8 245.132 490000 0.000210204 0.112912 0.886878 0
8 245.617 491000 0.000209776 0.112904 0.886886 0
8 246.119 492000 0.00020935 0.112904 0.886886 0
8 246.621 493000 0.000208925 0.112905 0.886886 0
8 247.124 494000 0.000208502 0.112905 0.886887 0
8 247.622 495000 0.000208081 0.112903 0.886889 0
8 248.12 496000 0.000207661 0.112901 0.886891 0
8 248.626 497000 0.000207243 0.112903 0.886889 0
8 249.129 498000 0.000206827 0.112904 0.88689 0
8 249.635 499000 0.000206413 0.112906 0.886888 0
8 250.12 500000 0.000206 0.112898 0.886896 0
8 250.631 501000 0.000205589 0.112904 0.88689 0
8 251.134 502000 0.000205179 0.112902 0.886892 0
8 251.645 503000 0.000204771 0.112909 0.886887 0
8 252.134 504000 0.000204365 0.112901 0.886895 0
8 252.645 505000 0.00020396 0.112905 0.886891 0
8 253.152 506000 0.000203557 0.112907 0.886889 0
8 253.659 507000 0.000203156 0.112909 0.886888 0
8 254.144 508000 0.000202756 0.112902 0.886896 0
8 254.65 509000 0.000202358 0.112904 0.886894 0
8 255.153 510000 0.000201961 0.112904 0.886894 0
8 255.659 511000 0.000201566 0.112906 0.886892 0
8 256.136 512000 0.000201172 0.112895 0.886904 0
8 256.647 513000 0.00020078 0.112899 0.886901 0
8 257.149 514000 0.000200389 0.112899 0.886901 0
8 257.651 515000 0.0002 0.112899 0.886901 0
8 258.141 516000 0.000199612 0.112893 0.886907 0
8 258.639 517000 0.000199226 0.112892 0.886909 0
8 259.141 518000 0.000198842 0.112894 0.886907 0
8 259.643 519000 0.000198459 0.112892 0.886909 0
8 260.15 520000 0.000198077 0.112894 0.886908 0
8 260.648 521000 0.000197697 0.112893 0.88691 0
8 261.15 522000 0.000197318 0.112893 0.88691 0
8 261.648 523000 0.000196941 0.112891 0.886912 0
8 262.159 524000 0.000196565 0.112897 0.886906 0
8 262.649 525000 0.00019619 0.11289 0.886914 0
8 263.155 526000 0.000195817 0.112892 0.886913 0
8 263.662 527000 0.000195446 0.112894 0.886911 0
8 264.178 528000 0.000195076 0.1129 0.886905 0
8 264.663 529000 0.000194707 0.112892 0.886913 0
8 265.169 530000 0.00019434 0.112894 0.886911 0
8 265.672 531000 0.000193974 0.112895 0.886911 0
8 266.183 532000 0.000193609 0.112898 0.886908 0
8 266.663 533000 0.000193246 0.112889 0.886917 0
8 267.174 534000 0.000192884 0.112893 0.886914 0
8 267.672 535000 0.000192523 0.112892 0.886916 0
8 268.179 536000 0.000192164 0.112894 0.886914 0
8 268.66 537000 0.000191806 0.112885 0.886924 0
8 269.166 538000 0.00019145 0.112887 0.886922 0
8 269.669 539000 0.000191095 0.112887 0.886922 0
8 270.171 540000 0.000190741 0.112887 0.886922 0
8 270.66 541000 0.000190388 0.112882 0.886928 0
8 271.158 542000 0.000190037 0.112882 0.886928 0
8 271.669 543000 0.000189687 0.112884 0.886926 0
8 272.167 544000 0.000189338 0.112882 0.886928 0
8 272.678 545000 0.000188991 0.112886 0.886925 0
8 273.168 546000 0.000188645 0.112881 0.88693 0
8 273.674 547000 0.0001883 0.112883 0.886929 0
8 274.172 548000 0.000187956 0.112881 0.886931 0
8 274.688 549000 0.000187614 0.112887 0.886925 0
8 275.177 550000 0.000187273 0.112882 0.886931 0
8 275.688 551000 0.000186933 0.112886 0.886927 0
8 276.191 552000 0.000186594 0.112888 0.886926 0
8 276.702 553000 0.000186257 0.112892 0.886922 0
8 277.182 554000 0.000185921 0.112881 0.886933 0
8 277.693 555000 0.000185586 0.112886 0.886928 0
8 278.2 556000 0.000185252 0.112887 0.886928 0
8 278.702 557000 0.000184919 0.112887 0.886928 0
8 279.183 558000 0.000184588 0.112878 0.886937 0
8 279.694 559000 0.000184258 0.112882 0.886934 0
8 280.192 560000 0.000183929 0.11288 0.886936 0
8 280.699 561000 0.000183601 0.112882 0.886934 0
8 281.184 562000 0.000183274 0.112875 0.886941 0
8 281.686 563000 0.000182948 0.112876 0.886941 0
8 282.188 564000 0.000182624 0.112876 0.886941 0
8 282.691 565000 0.000182301 0.112876 0.886942 0
8 283.189 566000 0.000181979 0.112875 0.886943 0
8 283.687 567000 0.000181658 0.112873 0.886945 0
8 284.193 568000 0.000181338 0.112875 0.886944 0
8 284.696 569000 0.000181019 0.112875 0.886944 0
8 285.202 570000 0.000180702 0.112877 0.886942 0
8 285.687 571000 0.000180385 0.11287 0.886949 0
8 286.198 572000 0.00018007 0.112876 0.886944 0
8 286.701 573000 0.000179756 0.112874 0.886946 0
8 287.212 574000 0.000179443 0.11288 0.886941 0
8 287.701 575000 0.00017913 0.112873 0.886948 0
8 288.212 576000 0.000178819 0.112877 0.886944 0
8 288.719 577000 0.00017851 0.112879 0.886943 0
8 289.226 578000 0.000178201 0.112881 0.886941 0
8 289.711 579000 0.000177893 0.112874 0.886948 0
8 290.217 580000 0.000177586 0.112876 0.886947 0
8 290.72 581000 0.000177281 0.112876 0.886947 0
8 291.226 582000 0.000176976 0.112878 0.886945 0
8 291.703 583000 0.000176672 0.112868 0.886955 0
8 292.214 584000 0.00017637 0.112872 0.886952 0
8 292.716 585000 0.000176068 0.112872 0.886952 0
8 293.218 586000 0.000175768 0.112872 0.886952 0
8 293.708 587000 0.000175468 0.112867 0.886957 0
8 294.206 588000 0.00017517 0.112866 0.886959 0
8 294.708 589000 0.000174873 0.112868 0.886958 0
8 295.21 590000 0.000174576 0.112866 0.886959 0
8 295.717 591000 0.000174281 0.112868 0.886958 0
8 296.215 592000 0.000173986 0.112867 0.886959 0
8 296.717 593000 0.000173693 0.112867 0.88696 0
8 297.215 594000 0.000173401 0.112865 0.886961 0
8 297.726 595000 0.000173109 0.112871 0.886956 0
8 298.216 596000 0.000172819 0.112864 0.886963 0
8 298.722 597000 0.000172529 0.112866 0.886961 0
8 299.229 598000 0.000172241 0.112868 0.88696 0
8 299.745 599000 0.000171953 0.112873 0.886955 0
8 300.23 600000 0.000171667 0.112867 0.886962 0
8 300.736 601000 0.000171381 0.112869 0.88696 0
8 301.239 602000 0.000171096 0.112869 0.88696 0
8 301.75 603000 0.000170813 0.112872 0.886957 0
8 302.23 604000 0.00017053 0.112864 0.886965 0
8 302.741 605000 0.000170248 0.112868 0.886962 0
8 303.239 606000 0.000169967 0.112866 0.886964 0
8 303.746 607000 0.000169687 0.112868 0.886962 0
8 304.227 608000 0.000169408 0.11286 0.88697 0
8 304.733 609000 0.00016913 0.112862 0.886969 0
8 305.236 610000 0.000168852 0.112862 0.886969 0
8 305.738 611000 0.000168576 0.112863 0.886969 0
8 306.227 612000 0.000168301 0.112858 0.886974 0
8 306.725 613000 0.000168026 0.112858 0.886974 0
8 307.236 614000 0.000167752 0.11286 0.886972 0
8 307.734 615000 0.00016748 0.112859 0.886974 0
8 308.245 616000 0.000167208 0.112862 0.886971 0
8 308.735 617000 0.000166937 0.112857 0.886976 0
8 309.241 618000 0.000166667 0.112859 0.886974 0
8 309.739 619000 0.000166397 0.112858 0.886976 0
8 310.255 620000 0.000166129 0.112863 0.886971 0
8 310.744 621000 0.000165862 0.112858 0.886976 0
8 311.255 622000 0.000165595 0.112862 0.886973 0
8 311.758 623000 0.000165329 0.112864 0.886971 0
8 312.269 624000 0.000165064 0.112867 0.886968 0
8 312.749 625000 0.0001648 0.112858 0.886978 0
8 313.26 626000 0.000164537 0.112863 0.886973 0
8 313.767 627000 0.000164274 0.112863 0.886973 0
8 314.269 628000 0.000164013 0.112863 0.886973 0
8 314.75 629000 0.000163752 0.112855 0.886981 0
8 315.261 630000 0.000163492 0.112859 0.886978 0
8 315.759 631000 0.000163233 0.112857 0.886979 0
8 316.266 632000 0.000162975 0.112859 0.886978 0
8 316.751 633000 0.000162717 0.112853 0.886984 0
8 317.253 634000 0.000162461 0.112853 0.886984 0
8 317.755 635000 0.000162205 0.112854 0.886984 0
8 318.258 636000 0.00016195 0.112854 0.886984 0
8 318.756 637000 0.000161695 0.112852 0.886986 0
8 319.254 638000 0.000161442 0.112851 0.886987 0
8 319.76 639000 0.000161189 0.112853 0.886986 0
8 320.263 640000 0.000160938 0.112853 0.886986 0
8 320.769 641000 0.000160686 0.112855 0.886984 0
8 321.254 642000 0.000160436 0.112849 0.886991 0
8 321.765 643000 0.000160187 0.112854 0.886986 0
8 322.268 644000 0.000159938 0.112852 0.886988 0
8 322.779 645000 0.00015969 0.112857 0.886983 0
8 323.268 646000 0.000159443 0.112851 0.886989 0
8 323.779 647000 0.000159196 0.112855 0.886986 0
8 324.286 648000 0.000158951 0.112856 0.886985 0
8 324.793 649000 0.000158706 0.112858 0.886983 0
8 325.278 650000 0.000158462 0.112852 0.886989 0
8 325.784 651000 0.000158218 0.112854 0.886988 0
8 326.287 652000 0.000157975 0.112854 0.886988 0
8 326.793 653000 0.000157734 0.112856 0.886986 0
8 327.27 654000 0.000157492 0.112847 0.886995 0
8 327.781 655000 0.000157252 0.11285 0.886992 0
8 328.283 656000 0.000157012 0.112851 0.886992 0
8 328.785 657000 0.000156773 0.112851 0.886992 0
8 329.275 658000 0.000156535 0.112847 0.886997 0
8 329.773 659000 0.000156297 0.112845 0.886998 0
8 330.275 660000 0.000156061 0.112847 0.886997 0
8 330.777 661000 0.000155825 0.112846 0.886998 0
8 331.284 662000 0.000155589 0.112847 0.886997 0
8 331.782 663000 0.000155354 0.112846 0.886998 0
8 332.284 664000 0.00015512 0.112846 0.886998 0
8 332.782 665000 0.000154887 0.112845 0.887 0
8 333.293 666000 0.000154655 0.11285 0.886995 0
8 333.783 667000 0.000154423 0.112844 0.887001 0
8 334.289 668000 0.000154192 0.112846 0.887 0
8 334.796 669000 0.000153961 0.112848 0.886999 0
8 335.312 670000 0.000153731 0.112852 0.886994 0
8 335.797 671000 0.000153502 0.112846 0.887 0
8 336.303 672000 0.000153274 0.112848 0.886999 0
8 336.806 673000 0.000153046 0.112848 0.886999 0
8 337.317 674000 0.000152819 0.112852 0.886996 0
8 337.797 675000 0.000152593 0.112844 0.887003 0
8 338.308 676000 0.000152367 0.112848 0.887 0
8 338.806 677000 0.000152142 0.112846 0.887001 0
8 339.313 678000 0.000151917 0.112848 0.887 0
8 339.794 679000 0.000151694 0.112841 0.887007 0
8 340.3 680000 0.000151471 0.112843 0.887006 0
8 340.803 681000 0.000151248 0.112843 0.887006 0
8 341.305 682000 0.000151026 0.112843 0.887006 0
8 341.794 683000 0.000150805 0.112839 0.88701 0
8 342.292 684000 0.000150585 0.112839 0.88701 0
8 342.803 685000 0.000150365 0.112841 0.887009 0
8 343.301 686000 0.000150146 0.11284 0.88701 0
8 343.812 687000 0.000149927 0.112843 0.887007 0
8 344.302 688000 0.000149709 0.112839 0.887012 0
8 344.808 689000 0.000149492 0.11284 0.88701 0
8 345.306 690000 0.000149275 0.112839 0.887012 0
8 345.822 691000 0.000149059 0.112844 0.887007 0
8 346.311 692000 0.000148844 0.11284 0.887012 0
8 346.822 693000 0.000148629 0.112843 0.887009 0
8 347.325 694000 0.000148415 0.112844 0.887007 0
8 347.836 695000 0.000148201 0.112847 0.887004 0
8 348.316 696000 0.000147989 0.112839 0.887013 0
8 348.827 697000 0.000147776 0.112844 0.887009 0
8 349.334 698000 0.000147564 0.112844 0.887009 0
8 349.836 699000 0.000147353 0.112844 0.887009 0
8 350.317 700000 0.000147143 0.112837 0.887016 0
8 350.828 701000 0.000146933 0.11284 0.887013 0
8 351.326 702000 0.000146724 0.112839 0.887014 0
8 351.833 703000 0.000146515 0.112841 0.887013 0
8 352.318 704000 0.000146307 0.112835 0.887018 0
8 352.82 705000 0.000146099 0.112835 0.887018 0
8 353.322 706000 0.000145892 0.112836 0.887018 0
8 353.825 707000 0.000145686 0.112836 0.887018 0
8 354.323 708000 0.00014548 0.112835 0.88702 0
8 354.821 709000 0.000145275 0.112834 0.887021 0
8 355.327 710000 0.00014507 0.112835 0.88702 0
8 355.83 711000 0.000144866 0.112835 0.88702 0
8 356.336 712000 0.000144663 0.112837 0.887018 0
8 356.821 713000 0.00014446 0.112832 0.887024 0
8 357.332 714000 0.000144258 0.112836 0.88702 0
8 357.835 715000 0.000144056 0.112835 0.887021 0
8 358.346 716000 0.000143855 0.112839 0.887017 0
8 358.835 717000 0.000143654 0.112834 0.887022 0
8 359.346 718000 0.000143454 0.112837 0.887019 0
8 359.853 719000 0.000143255 0.112839 0.887018 0
8 360.36 720000 0.000143056 0.11284 0.887017 0
8 360.845 721000 0.000142857 0.112835 0.887022 0
8 361.351 722000 0.000142659 0.112837 0.887021 0
8 361.854 723000 0.000142462 0.112837 0.887021 0
8 362.36 724000 0.000142265 0.112838 0.887019 0
8 362.837 725000 0.000142069 0.11283 0.887028 0
8 363.348 726000 0.000141873 0.112833 0.887025 0
8 363.85 727000 0.000141678 0.112834 0.887025 0
8 364.352 728000 0.000141484 0.112834 0.887025 0
8 364.842 729000 0.000141289 0.11283 0.887029 0
8 365.34 730000 0.000141096 0.112829 0.88703 0
8 365.842 731000 0.000140903 0.11283 0.887029 0
8 366.344 732000 0.00014071 0.112829 0.88703 0
8 366.851 733000 0.000140518 0.112831 0.887029 0
8 367.349 734000 0.000140327 0.11283 0.88703 0
8 367.851 735000 0.000140136 0.11283 0.88703 0
8 368.349 736000 0.000139946 0.112829 0.887031 0
8 368.86 737000 0.000139756 0.112833 0.887027 0
8 369.35 738000 0.000139566 0.112828 0.887033 0
8 369.856 739000 0.000139378 0.112829 0.887031 0
8 370.363 740000 0.000139189 0.112831 0.88703 0
8 370.879 741000 0.000139001 0.112835 0.887026 0
8 371.364 742000 0.000138814 0.11283 0.887031 0
8 371.87 743000 0.000138627 0.112832 0.88703 0
8 372.373 744000 0.000138441 0.112832 0.88703 0
8 372.884 745000 0.000138255 0.112835 0.887027 0
8 373.364 746000 0.00013807 0.112828 0.887034 0
8 373.875 747000 0.000137885 0.112831 0.887031 0
8 374.373 748000 0.000137701 0.11283 0.887032 0
8 374.88 749000 0.000137517 0.112832 0.887031 0
8 375.361 750000 0.000137333 0.112825 0.887037 0
8 375.867 751000 0.00013715 0.112827 0.887036 0
8 376.37 752000 0.000136968 0.112827 0.887036 0
8 376.872 753000 0.000136786 0.112827 0.887036 0
8 377.361 754000 0.000136605 0.112824 0.88704 0
8 377.859 755000 0.000136424 0.112824 0.88704 0
8 378.37 756000 0.000136243 0.112825 0.887038 0
8 378.868 757000 0.000136063 0.112824 0.88704 0
8 379.379 758000 0.000135884 0.112827 0.887037 0
8 379.869 759000 0.000135705 0.112823 0.887041 0
8 380.375 760000 0.000135526 0.112825 0.887039 0
8 380.873 761000 0.000135348 0.112824 0.887041 0
8 381.389 762000 0.000135171 0.112828 0.887037 0
8 381.878 763000 0.000134993 0.112824 0.887041 0
8 382.389 764000 0.000134817 0.112827 0.887038 0
8 382.892 765000 0.000134641 0.112829 0.887037 0
8 383.403 766000 0.000134465 0.112832 0.887034 0
8 383.883 767000 0.000134289 0.112824 0.887042 0
8 384.394 768000 0.000134115 0.112828 0.887038 0
8 384.901 769000 0.00013394 0.112828 0.887038 0
8 385.403 770000 0.000133766 0.112829 0.887038 0
8 385.884 771000 0.000133593 0.112822 0.887044 0
8 386.395 772000 0.00013342 0.112825 0.887041 0
8 386.893 773000 0.000133247 0.112824 0.887043 0
8 387.4 774000 0.000133075 0.112826 0.887041 0
8 387.885 775000 0.000132903 0.112821 0.887046 0
8 388.387 776000 0.000132732 0.112821 0.887046 0
8 388.889 777000 0.000132561 0.112821 0.887046 0
8 389.392 778000 0.000132391 0.112821 0.887046 0
8 389.89 779000 0.000132221 0.11282 0.887047 0
8 390.388 780000 0.000132051 0.112819 0.887049 0
8 390.894 781000 0.000131882 0.112821 0.887047 0
8 391.397 782000 0.000131714 0.112821 0.887047 0
8 391.903 783000 0.000131545 0.112822 0.887046 0
8 392.388 784000 0.000131378 0.112818 0.887051 0
8 392.899 785000 0.00013121 0.112822 0.887047 0
8 393.402 786000 0.000131043 0.112821 0.887048 0
8 393.913 787000 0.000130877 0.112825 0.887044 0
8 394.402 788000 0.000130711 0.11282 0.887049 0
8 394.913 789000 0.000130545 0.112823 0.887047 0
8 395.42 790000 0.00013038 0.112824 0.887046 0
8 395.927 791000 0.000130215 0.112826 0.887044 0
8 396.412 792000 0.000130051 0.112821 0.887049 0
8 396.918 793000 0.000129887 0.112822 0.887048 0
8 397.421 794000 0.000129723 0.112822 0.887048 0
8 397.927 795000 0.00012956 0.112824 0.887047 0
8 398.404 796000 0.000129397 0.112817 0.887054 0
8 398.915 797000 0.000129235 0.112819 0.887051 0
8 399.417 798000 0.000129073 0.11282 0.887051 0
8 399.919 799000 0.000128911 0.11282 0.887051 0
8 400.409 800000 0.00012875 0.112816 0.887055 0
8 400.907 801000 0.000128589 0.112815 0.887056 0
8 401.409 802000 0.000128429 0.112817 0.887055 0
8 401.911 803000 0.000128269 0.112816 0.887056 0
8 402.418 804000 0.000128109 0.112817 0.887055 0
8 402.916 805000 0.00012795 0.112816 0.887056 0
8 403.418 806000 0.000127792 0.112816 0.887056 0
8 403.916 807000 0.000127633 0.112815 0.887057 0
8 404.427 808000 0.000127475 0.112819 0.887053 0
8 404.917 809000 0.000127318 0.112815 0.887058 0
8 405.423 810000 0.00012716 0.112816 0.887057 0
8 405.93 811000 0.000127004 0.112818 0.887055 0
8 406.446 812000 0.000126847 0.112821 0.887052 0
8 406.931 813000 0.000126691 0.112817 0.887057 0
8 407.437 814000 0.000126536 0.112818 0.887055 0
8 407.94 815000 0.00012638 0.112818 0.887055 0
8 408.451 816000 0.000126225 0.112821 0.887053 0
8 408.931 817000 0.000126071 0.112815 0.887059 0
8 409.442 818000 0.000125917 0.112818 0.887056 0
8 409.94 819000 0.000125763 0.112817 0.887057 0
8 410.447 820000 0.00012561 0.112818 0.887056 0
8 410.928 821000 0.000125457 0.112812 0.887062 0
8 411.434 822000 0.000125304 0.112814 0.887061 0
8 411.937 823000 0.000125152 0.112814 0.887061 0
8 412.439 824000 0.000125 0.112814 0.887061 0
8 412.928 825000 0.000124848 0.112811 0.887064 0
8 413.426 826000 0.000124697 0.112811 0.887064 0
8 413.937 827000 0.000124547 0.112813 0.887063 0
8 414.435 828000 0.000124396 0.112812 0.887064 0
8 414.946 829000 0.000124246 0.112814 0.887062 0
8 415.436 830000 0.000124096 0.112811 0.887065 0
8 415.942 831000 0.000123947 0.112812 0.887064 0
8 416.44 832000 0.000123798 0.112811 0.887065 0
8 416.956 833000 0.000123649 0.112815 0.887061 0
8 417.445 834000 0.000123501 0.112812 0.887065 0
8 417.956 835000 0.000123353 0.112814 0.887062 0
8 418.459 836000 0.000123206 0.112816 0.887061 0
8 418.97 837000 0.000123059 0.112818 0.887059 0
8 419.45 838000 0.000122912 0.112811 0.887066 0
8 419.961 839000 0.000122765 0.112815 0.887062 0
8 420.468 840000 0.000122619 0.112815 0.887062 0
8 420.97 841000 0.000122473 0.112816 0.887062 0
8 421.451 842000 0.000122328 0.11281 0.887068 0
8 421.962 843000 0.000122183 0.112813 0.887065 0
8 422.46 844000 0.000122038 0.112812 0.887066 0
8 422.967 845000 0.000121893 0.112813 0.887065 0
8 423.452 846000 0.000121749 0.112809 0.88707 0
8 423.954 847000 0.000121606 0.112809 0.88707 0
8 424.456 848000 0.000121462 0.112809 0.88707 0
8 424.959 849000 0.000121319 0.112809 0.887069 0
8 425.457 850000 0.000121176 0.112808 0.887071 0
8 425.955 851000 0.000121034 0.112807 0.887072 0
8 426.461 852000 0.000120892 0.112809 0.88707 0
8 426.964 853000 0.00012075 0.112809 0.88707 0
8 427.47 854000 0.000120609 0.11281 0.887069 0
8 427.955 855000 0.000120468 0.112806 0.887074 0
8 428.466 856000 0.000120327 0.11281 0.88707 0
8 428.969 857000 0.000120187 0.112809 0.887071 0
8 429.48 858000 0.000120047 0.112812 0.887068 0
8 429.969 859000 0.000119907 0.112808 0.887072 0
8 430.48 860000 0.000119767 0.11281 0.88707 0
8 430.987 861000 0.000119628 0.112812 0.887069 0
8 431.494 862000 0.00011949 0.112813 0.887067 0
8 431.979 863000 0.000119351 0.112809 0.887072 0
8 432.485 864000 0.000119213 0.11281 0.887071 0
8 432.988 865000 0.000119075 0.11281 0.887071 0
8 433.494 866000 0.000118938 0.112812 0.887069 0
8 433.971 867000 0.0001188 0.112805 0.887076 0
8 434.482 868000 0.000118664 0.112808 0.887074 0
8 434.984 869000 0.000118527 0.112808 0.887074 0
8 435.486 870000 0.000118391 0.112808 0.887074 0
8 435.976 871000 0.000118255 0.112805 0.887077 0
8 436.474 872000 0.000118119 0.112804 0.887078 0
8 436.976 873000 0.000117984 0.112805 0.887077 0
8 437.478 874000 0.000117849 0.112804 0.887078 0
8 437.985 875000 0.000117714 0.112806 0.887077 0
8 438.483 876000 0.00011758 0.112805 0.887078 0
8 438.985 877000 0.000117446 0.112805 0.887078 0
8 439.483 878000 0.000117312 0.112804 0.887079 0
8 439.994 879000 0.000117179 0.112808 0.887075 0
8 440.484 880000 0.000117045 0.112803 0.88708 0
8 440.99 881000 0.000116913 0.112805 0.887078 0
8 441.497 882000 0.00011678 0.112806 0.887077 0
8 442.013 883000 0.000116648 0.11281 0.887074 0
8 442.498 884000 0.000116516 0.112805 0.887078 0
8 443.004 885000 0.000116384 0.112807 0.887077 0
8 443.507 886000 0.000116253 0.112807 0.887077 0
8 444.018 887000 0.000116122 0.112809 0.887074 0
8 444.498 888000 0.000115991 0.112804 0.88708 0
8 445.009 889000 0.000115861 0.112807 0.887078 0
8 445.507 890000 0.00011573 0.112806 0.887079 0
8 446.014 891000 0.0001156 0.112807 0.887077 0
8 446.495 892000 0.000115471 0.112802 0.887083 0
8 447.001 893000 0.000115342 0.112803 0.887082 0
8 447.504 894000 0.000115213 0.112803 0.887082 0
8 448.006 895000 0.000115084 0.112803 0.887082 0
8 448.495 896000 0.000114955 0.1128 0.887085 0
8 448.993 897000 0.000114827 0.1128 0.887085 0
8 449.504 898000 0.000114699 0.112802 0.887084 0
8 450.002 899000 0.000114572 0.112801 0.887085 0
8 450.513 900000 0.000114444 0.112803 0.887082 0
8 451.003 901000 0.000114317 0.1128 0.887085 0
8 451.509 902000 0.000114191 0.112802 0.887084 0
8 452.007 903000 0.000114064 0.112801 0.887085 0
8 452.523 904000 0.000113938 0.112804 0.887082 0
8 453.012 905000 0.000113812 0.112801 0.887085 0
8 453.523 906000 0.000113687 0.112804 0.887083 0
8 454.026 907000 0.000113561 0.112805 0.887082 0
8 454.537 908000 0.000113436 0.112807 0.887079 0
8 455.017 909000 0.000113311 0.112801 0.887086 0
8 455.528 910000 0.000113187 0.112804 0.887082 0
8 456.035 911000 0.000113063 0.112805 0.887082 0
8 456.537 912000 0.000112939 0.112805 0.887082 0
8 457.018 913000 0.000112815 0.1128 0.887088 0
8 457.529 914000 0.000112691 0.112802 0.887085 0
8 458.027 915000 0.000112568 0.112801 0.887086 0
8 458.534 916000 0.000112445 0.112802 0.887085 0
8 459.019 917000 0.000112323 0.112798 0.887089 0
8 459.521 918000 0.0001122 0.112798 0.887089 0
8 460.023 919000 0.000112078 0.112799 0.887089 0
8 460.526 920000 0.000111957 0.112799 0.887089 0
8 461.024 921000 0.000111835 0.112798 0.88709 0
8 461.522 922000 0.000111714 0.112797 0.887091 0
8 462.028 923000 0.000111593 0.112798 0.88709 0
8 462.531 924000 0.000111472 0.112799 0.88709 0
8 463.037 925000 0.000111351 0.1128 0.887089 0
8 463.522 926000 0.000111231 0.112796 0.887093 0
8 464.033 927000 0.000111111 0.112799 0.88709 0
8 464.536 928000 0.000110991 0.112798 0.887091 0
8 465.047 929000 0.000110872 0.112802 0.887087 0
8 465.536 930000 0.000110753 0.112798 0.887091 0
8 466.047 931000 0.000110634 0.1128 0.887089 0
8 466.554 932000 0.000110515 0.112802 0.887088 0
8 467.061 933000 0.000110397 0.112803 0.887087 0
8 467.546 934000 0.000110278 0.112799 0.887091 0
8 468.052 935000 0.00011016 0.1128 0.88709 0
8 468.555 936000 0.000110043 0.1128 0.88709 0
8 469.061 937000 0.000109925 0.112801 0.887089 0
8 469.538 938000 0.000109808 0.112795 0.887095 0
8 470.049 939000 0.000109691 0.112798 0.887093 0
8 470.551 940000 0.000109574 0.112798 0.887093 0
8 471.053 941000 0.000109458 0.112798 0.887092 0
8 471.543 942000 0.000109342 0.112795 0.887096 0
8 472.041 943000 0.000109226 0.112794 0.887097 0
8 472.543 944000 0.00010911 0.112796 0.887095 0
8 473.045 945000 0.000108995 0.112795 0.887096 0
8 473.552 946000 0.000108879 0.112796 0.887095 0
8 474.05 947000 0.000108765 0.112795 0.887096 0
8 474.552 948000 0.00010865 0.112795 0.887096 0
8 475.05 949000 0.000108535 0.112795 0.887097 0
8 475.561 950000 0.000108421 0.112798 0.887094 0
8 476.051 951000 0.000108307 0.112794 0.887098 0
8 476.557 952000 0.000108193 0.112795 0.887097 0
8 477.064 953000 0.00010808 0.112796 0.887095 0
8 477.58 954000 0.000107966 0.1128 0.887092 0
8 478.065 955000 0.000107853 0.112796 0.887096 0
8 478.571 956000 0.000107741 0.112797 0.887095 0
8 479.074 957000 0.000107628 0.112797 0.887095 0
8 479.585 958000 0.000107516 0.1128 0.887093 0
8 480.065 959000 0.000107404 0.112795 0.887098 0
8 480.576 960000 0.000107292 0.112797 0.887096 0
8 481.074 961000 0.00010718 0.112796 0.887097 0
8 481.581 962000 0.000107069 0.112797 0.887096 0
8 482.062 963000 0.000106957 0.112792 0.887101 0
8 482.568 964000 0.000106846 0.112794 0.8871 0
8 483.071 965000 0.000106736 0.112794 0.887099 0
8 483.573 966000 0.000106625 0.112794 0.887099 0
8 484.062 967000 0.000106515 0.112791 0.887102 0
8 484.56 968000 0.000106405 0.112791 0.887102 0
8 485.071 969000 0.000106295 0.112793 0.887101 0
8 485.569 970000 0.000106186 0.112792 0.887102 0
8 486.08 971000 0.000106076 0.112794 0.8871 0
8 486.57 972000 0.000105967 0.112791 0.887103 0
8 487.076 973000 0.000105858 0.112792 0.887102 0
8 487.574 974000 0.000105749 0.112792 0.887103 0
8 488.09 975000 0.000105641 0.112795 0.887099 0
8 488.579 976000 0.000105533 0.112792 0.887102 0
8 489.09 977000 0.000105425 0.112794 0.8871 0
8 489.593 978000 0.000105317 0.112796 0.887099 0
8 490.104 979000 0.000105209 0.112798 0.887097 0
8 490.584 980000 0.000105102 0.112792 0.887103 0
8 491.095 981000 0.000104995 0.112795 0.8871 0
8 491.602 982000 0.000104888 0.112795 0.8871 0
8 492.104 983000 0.000104781 0.112796 0.8871 0
8 492.585 984000 0.000104675 0.112791 0.887105 0
8 493.096 985000 0.000104569 0.112793 0.887103 0
8 493.594 986000 0.000104462 0.112792 0.887103 0
8 494.101 987000 0.000104357 0.112793 0.887102 0
8 494.586 988000 0.000104251 0.112789 0.887106 0
8 495.088 989000 0.000104146 0.11279 0.887106 0
8 495.59 990000 0.00010404 0.11279 0.887106 0
8 496.093 991000 0.000103935 0.11279 0.887106 0
8 496.591 992000 0.000103831 0.112789 0.887107 0
8 497.089 993000 0.000103726 0.112789 0.887108 0
8 497.595 994000 0.000103622 0.11279 0.887107 0
8 498.098 995000 0.000103518 0.11279 0.887107 0
8 498.604 996000 0.000103414 0.112791 0.887105 0
8 499.089 997000 0.00010331 0.112787 0.887109 0
8 499.6 998000 0.000103206 0.112791 0.887106 0
