32 0.763803 1000 0.188 0.212 0.6 188
32 1.92656 2000 0.1345 0.222 0.6435 81
32 3.16659 3000 0.111667 0.222667 0.665667 66
32 4.45057 4000 0.10275 0.2215 0.67575 76
32 5.72571 5000 0.095 0.2222 0.6828 64
32 7.01832 6000 0.088 0.225333 0.686667 53
32 8.25416 7000 0.0844286 0.224286 0.691286 63
32 9.5293 8000 0.0815 0.224875 0.693625 61
32 10.787 9000 0.0786667 0.225556 0.695778 56
32 12.0752 10000 0.0763 0.2267 0.697 55
32 13.3242 11000 0.0753636 0.225909 0.698727 66
32 14.5644 12000 0.075 0.224667 0.700333 71
32 15.8089 13000 0.0743077 0.224077 0.701615 66
32 17.0623 14000 0.0727857 0.224643 0.702571 53
32 18.3461 15000 0.0722667 0.224867 0.702867 65
32 19.5907 16000 0.07175 0.224438 0.703812 64
32 20.8702 17000 0.0712941 0.224588 0.704118 64
32 22.1017 18000 0.0710556 0.224 0.704944 67
32 23.3812 19000 0.0706842 0.224105 0.705211 64
32 24.6825 20000 0.0699 0.22495 0.70515 55
32 25.9751 21000 0.0693333 0.225476 0.70519 58
32 27.2721 22000 0.0685455 0.226318 0.705136 52
32 28.5603 23000 0.0685217 0.226261 0.705217 68
32 29.7918 24000 0.0677917 0.226375 0.705833 51
32 31.1063 25000 0.0672 0.22712 0.70568 53
32 32.3727 26000 0.0668846 0.227192 0.705923 59
32 33.674 27000 0.0660741 0.228074 0.705852 45
32 34.9448 28000 0.0658214 0.228143 0.706036 59
32 36.2374 29000 0.0656897 0.228276 0.706034 62
32 37.5125 30000 0.0660333 0.227833 0.706133 76
32 38.8051 31000 0.0656774 0.228161 0.706161 55
32 40.0322 32000 0.0659375 0.227437 0.706625 74
32 41.2594 33000 0.0661515 0.226788 0.707061 73
32 42.4908 34000 0.0662941 0.226294 0.707412 71
32 43.7747 35000 0.0660286 0.226514 0.707457 57
32 44.9975 36000 0.0660556 0.226111 0.707833 67
32 46.2595 37000 0.0661351 0.225892 0.707973 69
32 47.5565 38000 0.0658158 0.226263 0.707921 54
32 48.8185 39000 0.0656923 0.226256 0.708051 61
32 50.1024 40000 0.0658 0.226175 0.708025 70
32 51.3339 41000 0.0657561 0.225902 0.708341 64
32 52.6134 42000 0.0656905 0.225952 0.708357 63
32 53.9234 43000 0.0654651 0.226326 0.708209 56
32 55.2029 44000 0.0652045 0.226568 0.708227 54
32 56.4999 45000 0.065 0.226867 0.708133 56
32 57.7576 46000 0.0647826 0.226935 0.708283 55
32 59.0284 47000 0.0645957 0.227064 0.70834 56
32 60.286 48000 0.0646667 0.226875 0.708458 68
32 61.5874 49000 0.0644286 0.227204 0.708367 53
32 62.8451 50000 0.06448 0.22704 0.70848 67
32 64.1289 51000 0.0642941 0.227255 0.708451 55
32 65.4521 52000 0.0640769 0.227635 0.708288 53
32 66.7054 53000 0.0641887 0.227415 0.708396 70
32 67.9587 54000 0.0640556 0.227426 0.708519 57
32 69.2208 55000 0.0639091 0.227473 0.708618 56
32 70.4522 56000 0.0639821 0.227214 0.708804 68
32 71.7405 57000 0.0639123 0.227298 0.708789 60
32 73.0025 58000 0.0637586 0.227379 0.708862 55
32 74.3126 59000 0.063661 0.227593 0.708746 58
32 75.5921 60000 0.0634333 0.227817 0.70875 50
32 76.841 61000 0.0635738 0.227574 0.708852 72
32 78.0987 62000 0.0635323 0.227516 0.708952 61
32 79.3651 63000 0.0635873 0.227413 0.709 67
32 80.6359 64000 0.0635625 0.227422 0.709016 62
32 81.9285 65000 0.0634308 0.2276 0.708969 55
32 83.2124 66000 0.0633788 0.227667 0.708955 60
32 84.4526 67000 0.0633134 0.227582 0.709104 59
32 85.6972 68000 0.0633529 0.227426 0.709221 66
32 86.9374 69000 0.0633478 0.227304 0.709348 63
32 88.2081 70000 0.0631143 0.227514 0.709371 47
32 89.4571 71000 0.0631972 0.227338 0.709465 69
32 90.7279 72000 0.0631111 0.227417 0.709472 57
32 92.0074 73000 0.0630137 0.227507 0.709479 56
32 93.2956 74000 0.0630405 0.227514 0.709446 65
32 94.5533 75000 0.0629733 0.22752 0.709507 58
32 95.8677 76000 0.0629211 0.227684 0.709395 59
32 97.1385 77000 0.0629221 0.227662 0.709416 63
32 98.3918 78000 0.0629872 0.227538 0.709474 68
32 99.6757 79000 0.0628734 0.227658 0.709468 54
32 100.968 80000 0.062825 0.227763 0.709413 59
32 102.243 81000 0.0626296 0.227938 0.709432 47
32 103.505 82000 0.0625488 0.227976 0.709476 56
32 104.763 83000 0.0625663 0.227916 0.709518 64
32 106.038 84000 0.0625952 0.227881 0.709524 65
32 107.318 85000 0.0624824 0.228 0.709518 53
32 108.575 86000 0.0623721 0.228047 0.709581 53
32 109.833 87000 0.0623333 0.228034 0.709632 59
32 111.174 88000 0.0621364 0.228409 0.709455 45
32 112.493 89000 0.062191 0.228461 0.709348 67
32 113.742 90000 0.0622444 0.228322 0.709433 67
32 114.96 91000 0.0621538 0.228264 0.709582 54
32 116.235 92000 0.0621522 0.228261 0.709587 62
32 117.497 93000 0.0621398 0.228237 0.709624 61
32 118.768 94000 0.0621489 0.228223 0.709628 63
32 120.008 95000 0.0621158 0.228158 0.709726 59
32 121.301 96000 0.0621458 0.228167 0.709688 65
32 122.598 97000 0.0622268 0.228134 0.709639 70
32 123.873 98000 0.0621735 0.228194 0.709633 57
32 125.148 99000 0.0621212 0.228232 0.709646 57
32 126.423 100000 0.06217 0.22818 0.70965 67
32 127.711 101000 0.0620693 0.228317 0.709614 52
32 128.995 102000 0.0620294 0.228373 0.709598 58
32 130.292 103000 0.0620485 0.228398 0.709553 64
32 131.524 104000 0.0620288 0.228317 0.709654 60
32 132.812 105000 0.0620762 0.228286 0.709638 67
32 134.056 106000 0.0620849 0.228208 0.709708 63
32 135.349 107000 0.0620841 0.228252 0.709664 62
32 136.633 108000 0.0620648 0.228278 0.709657 60
32 137.93 109000 0.062 0.228394 0.709606 55
32 139.24 110000 0.0619364 0.228527 0.709536 55
32 140.506 111000 0.0619459 0.228486 0.709568 63
32 141.825 112000 0.0619286 0.228589 0.709482 60
32 143.087 113000 0.0618407 0.228646 0.709513 52
32 144.34 114000 0.0618421 0.228596 0.709561 62
32 145.629 115000 0.061913 0.228557 0.70953 70
32 146.913 116000 0.0618707 0.228612 0.709517 57
32 148.162 117000 0.061906 0.228521 0.709573 66
32 149.489 118000 0.0618559 0.228661 0.709483 56
32 150.79 119000 0.0617983 0.228773 0.709429 55
32 152.07 120000 0.0617083 0.228858 0.709433 51
32 153.315 121000 0.0617521 0.228752 0.709496 67
32 154.611 122000 0.0617213 0.22882 0.709459 58
32 155.891 123000 0.0617398 0.228805 0.709455 64
32 157.201 124000 0.0616774 0.228935 0.709387 54
32 158.481 125000 0.061632 0.228976 0.709392 56
32 159.769 126000 0.0616111 0.229016 0.709373 59
32 161.048 127000 0.0617165 0.228913 0.70937 75
32 162.328 128000 0.0616953 0.228937 0.709367 59
32 163.529 129000 0.0616899 0.228806 0.709504 61
32 164.795 130000 0.0616846 0.228792 0.709523 61
32 166.057 131000 0.061687 0.228763 0.70955 62
32 167.345 132000 0.0616742 0.228795 0.70953 60
32 168.599 133000 0.0616015 0.228827 0.709571 52
32 169.861 134000 0.0616418 0.228769 0.70959 67
32 171.166 135000 0.0615704 0.228881 0.709548 52
32 172.398 136000 0.0616029 0.228772 0.709625 66
32 173.712 137000 0.0615255 0.22892 0.709555 51
32 175.018 138000 0.0614783 0.229007 0.709514 55
32 176.319 139000 0.0614532 0.229072 0.709475 58
32 177.586 140000 0.06145 0.229057 0.709493 61
32 178.809 141000 0.0615106 0.228908 0.709582 70
32 180.084 142000 0.0615704 0.228852 0.709577 70
32 181.35 143000 0.0615524 0.228846 0.709601 59
32 182.621 144000 0.0615069 0.228882 0.709611 55
32 183.887 145000 0.0615034 0.228869 0.709628 61
32 185.149 146000 0.0614521 0.228897 0.709651 54
32 186.403 147000 0.061415 0.228898 0.709687 56
32 187.717 148000 0.0614189 0.228953 0.709628 62
32 188.988 149000 0.0613893 0.228973 0.709638 57
32 190.272 150000 0.06132 0.229053 0.709627 51
32 191.512 151000 0.061298 0.229026 0.709675 58
32 192.8 152000 0.06125 0.229086 0.709664 54
32 194.053 153000 0.0612353 0.229065 0.709699 59
32 195.337 154000 0.0612273 0.229091 0.709682 60
32 196.595 155000 0.0612323 0.229052 0.709716 62
32 197.805 156000 0.0613205 0.228865 0.709814 75
32 199.067 157000 0.0613312 0.228834 0.709834 63
32 200.246 158000 0.0613987 0.228633 0.709968 72
32 201.565 159000 0.0613899 0.228698 0.709912 60
32 202.831 160000 0.06125 0.228831 0.709919 39
32 204.141 161000 0.0611925 0.228938 0.70987 52
32 205.46 162000 0.0612037 0.228981 0.709815 63
32 206.726 163000 0.0611656 0.229012 0.709822 55
32 208.006 164000 0.061189 0.228988 0.709823 65
32 209.277 165000 0.0612182 0.228958 0.709824 66
32 210.53 166000 0.0612108 0.228928 0.709861 60
32 211.818 167000 0.0611737 0.228988 0.709838 55
32 213.102 168000 0.0611786 0.228988 0.709833 62
32 214.386 169000 0.0611302 0.229053 0.709817 53
32 215.674 170000 0.0610765 0.229124 0.7098 52
32 216.984 171000 0.0610234 0.229216 0.70976 52
32 218.211 172000 0.0610872 0.229087 0.709826 72
32 219.473 173000 0.0611098 0.229052 0.709838 65
32 220.74 174000 0.0610805 0.229069 0.709851 56
32 221.997 175000 0.0611429 0.228977 0.70988 72
32 223.233 176000 0.061108 0.22896 0.709932 55
32 224.495 177000 0.0611243 0.228927 0.709949 64
32 225.753 178000 0.0611124 0.228916 0.709972 59
32 227.028 179000 0.0610894 0.228944 0.709966 57
32 228.29 180000 0.0611222 0.228894 0.709983 67
32 229.539 181000 0.0611105 0.228873 0.710017 59
32 230.827 182000 0.0610604 0.228934 0.710005 52
32 232.12 183000 0.0610219 0.228995 0.709984 54
32 233.421 184000 0.0609402 0.229114 0.709946 46
32 234.718 185000 0.0609081 0.229168 0.709924 55
32 236.011 186000 0.0608656 0.229231 0.709903 53
32 237.312 187000 0.0608396 0.229294 0.709866 56
32 238.596 188000 0.0608138 0.229324 0.709862 56
32 239.884 189000 0.060836 0.229317 0.709847 65
32 241.159 190000 0.0608632 0.229295 0.709842 66
32 242.413 191000 0.0608534 0.229272 0.709874 59
32 243.679 192000 0.060849 0.229266 0.709885 60
32 244.972 193000 0.0607876 0.229352 0.70986 49
32 246.251 194000 0.060799 0.229345 0.709856 63
32 247.548 195000 0.0608154 0.229349 0.709836 64
32 248.775 196000 0.0608112 0.229296 0.709893 60
32 250.085 197000 0.0608122 0.22934 0.709848 61
32 251.391 198000 0.0607778 0.229404 0.709818 54
32 252.697 199000 0.0607739 0.229447 0.709779 60
32 253.968 200000 0.06073 0.22948 0.70979 52
32 255.291 201000 0.0606965 0.229572 0.709731 54
32 256.54 202000 0.0606436 0.229594 0.709762 50
32 257.837 203000 0.0606355 0.229621 0.709744 59
32 259.125 204000 0.0606324 0.229637 0.70973 60
32 260.4 205000 0.060639 0.229629 0.709732 62
32 261.666 206000 0.0606262 0.229631 0.709743 58
32 262.924 207000 0.0606377 0.229599 0.709763 63
32 264.191 208000 0.060649 0.229577 0.709774 63
32 265.474 209000 0.0606555 0.229584 0.709761 62
32 266.793 210000 0.0605714 0.22971 0.709719 43
32 268.077 211000 0.0606493 0.22964 0.709711 77
32 269.326 212000 0.0606038 0.229656 0.709741 51
32 270.632 213000 0.0605775 0.229714 0.709709 55
32 271.85 214000 0.0605748 0.229659 0.709766 60
32 273.134 215000 0.0606279 0.229614 0.709758 72
32 274.409 216000 0.0606204 0.229616 0.709764 59
32 275.71 217000 0.0606359 0.229627 0.709737 64
32 277.016 218000 0.0606468 0.229651 0.709702 63
32 278.3 219000 0.0606575 0.229648 0.709694 63
32 279.571 220000 0.0606455 0.229655 0.7097 58
32 280.833 221000 0.0606652 0.22962 0.709715 65
32 282.13 222000 0.0606216 0.22968 0.709698 51
32 283.401 223000 0.0606233 0.229673 0.709704 61
32 284.632 224000 0.0605982 0.229656 0.709746 55
32 285.92 225000 0.0605689 0.229693 0.709738 54
32 287.191 226000 0.0606327 0.229624 0.709743 75
32 288.466 227000 0.060674 0.229581 0.709744 70
32 289.724 228000 0.0606667 0.229575 0.709759 59
32 291.003 229000 0.0606812 0.229563 0.709755 64
32 292.322 230000 0.0606087 0.229678 0.709713 44
32 293.576 231000 0.0606277 0.229632 0.70974 65
32 294.838 232000 0.0605991 0.229651 0.70975 54
32 296.078 233000 0.0605966 0.229614 0.70979 60
32 297.388 234000 0.0605556 0.229688 0.709756 51
32 298.672 235000 0.0605532 0.229698 0.709749 60
32 299.929 236000 0.060572 0.229661 0.709767 65
32 301.148 237000 0.0605865 0.229591 0.709823 64
32 302.419 238000 0.0605798 0.229592 0.709828 59
32 303.663 239000 0.0605774 0.229565 0.709858 60
32 304.921 240000 0.0605917 0.229538 0.709871 64
32 306.17 241000 0.0605975 0.229502 0.7099 62
32 307.471 242000 0.0605826 0.229541 0.709876 57
32 308.738 243000 0.060572 0.229543 0.709885 58
32 310.017 244000 0.0605779 0.229545 0.709877 62
32 311.288 245000 0.0605755 0.229539 0.709886 60
32 312.572 246000 0.0605691 0.229553 0.709878 59
32 313.825 247000 0.0605547 0.229547 0.709899 57
32 315.1 248000 0.0605887 0.229512 0.709899 69
32 316.345 249000 0.0605542 0.229522 0.709924 52
32 317.611 250000 0.060548 0.229516 0.709936 59
32 318.869 251000 0.0605339 0.229514 0.709952 57
32 320.122 252000 0.0604921 0.229536 0.709972 50
32 321.397 253000 0.0604783 0.229553 0.709968 57
32 322.716 254000 0.0604803 0.229587 0.709933 61
32 323.974 255000 0.0604706 0.22958 0.709949 58
32 325.258 256000 0.0604727 0.229586 0.709941 61
32 326.515 257000 0.0604553 0.229588 0.709957 56
32 327.83 258000 0.060438 0.22964 0.709922 56
32 329.135 259000 0.0604131 0.229695 0.709892 54
32 330.393 260000 0.0604231 0.229665 0.709912 63
32 331.673 261000 0.0604674 0.229628 0.709904 72
32 332.948 262000 0.0604656 0.22963 0.709905 60
32 334.232 263000 0.0605171 0.229582 0.709901 74
32 335.524 264000 0.0605379 0.22958 0.709883 66
32 336.795 265000 0.0605396 0.22957 0.709891 61
32 338.083 266000 0.0605038 0.22962 0.709876 51
32 339.389 267000 0.0604906 0.229655 0.709854 57
32 340.625 268000 0.0604701 0.229642 0.709888 55
32 341.935 269000 0.0604758 0.229665 0.709859 62
32 343.184 270000 0.0604741 0.229644 0.709881 60
32 344.428 271000 0.0604576 0.229638 0.709904 56
32 345.673 272000 0.0604669 0.229603 0.70993 63
32 346.939 273000 0.0604799 0.229579 0.709941 64
32 348.149 274000 0.0605328 0.229474 0.709993 75
32 349.49 275000 0.06048 0.229578 0.709942 46
32 350.769 276000 0.060471 0.229591 0.709938 58
32 352.044 277000 0.0604549 0.229606 0.709939 56
32 353.324 278000 0.0604281 0.229637 0.709935 53
32 354.629 279000 0.0604014 0.229692 0.709907 53
32 355.944 280000 0.0603571 0.229764 0.709879 48
32 357.202 281000 0.0603594 0.229747 0.709893 61
32 358.485 282000 0.0603369 0.229777 0.709887 54
32 359.791 283000 0.0603392 0.229802 0.709859 61
32 361.018 284000 0.0603556 0.229746 0.709898 65
32 362.311 285000 0.0604 0.229712 0.709888 73
32 363.52 286000 0.0604301 0.229633 0.709937 69
32 364.822 287000 0.060439 0.229641 0.70992 63
32 366.08 288000 0.0604549 0.229611 0.709934 65
32 367.368 289000 0.0604429 0.229633 0.709924 57
32 368.665 290000 0.0604448 0.229648 0.709907 61
32 369.953 291000 0.0604227 0.229684 0.709893 54
32 371.215 292000 0.0604247 0.229668 0.709908 61
32 372.477 293000 0.0604198 0.229662 0.709918 59
32 373.713 294000 0.0604388 0.229612 0.709949 66
32 374.997 295000 0.0604373 0.229624 0.709939 60
32 376.311 296000 0.0604358 0.229652 0.709912 60
32 377.521 297000 0.0604781 0.229559 0.709963 73
32 378.84 298000 0.0604732 0.229597 0.70993 59
32 380.075 299000 0.0604816 0.229559 0.70996 63
32 381.359 300000 0.0604767 0.22957 0.709953 59
32 382.608 301000 0.0604784 0.229548 0.709973 61
32 383.822 302000 0.0605265 0.229454 0.71002 75
32 385.119 303000 0.0604917 0.229505 0.710003 50
32 386.399 304000 0.0604803 0.22952 0.71 57
32 387.691 305000 0.0604852 0.229528 0.709987 62
32 388.975 306000 0.0604902 0.229533 0.709977 62
32 390.229 307000 0.0605081 0.229498 0.709993 66
32 391.495 308000 0.060474 0.229523 0.710003 50
32 392.779 309000 0.0604563 0.229547 0.709997 55
32 394.067 310000 0.0604452 0.229568 0.709987 57
32 395.338 311000 0.0604373 0.229572 0.70999 58
32 396.604 312000 0.0604647 0.229538 0.709997 69
32 397.875 313000 0.0604537 0.229546 0.71 57
32 399.141 314000 0.060449 0.229548 0.710003 59
32 400.351 315000 0.0605175 0.229429 0.710054 82
32 401.631 316000 0.0605285 0.229421 0.710051 64
32 402.871 317000 0.0605142 0.229413 0.710073 56
32 404.124 318000 0.0605157 0.229393 0.710091 61
32 405.43 319000 0.0605047 0.229429 0.710066 57
32 406.679 320000 0.0605125 0.2294 0.710087 63
32 407.958 321000 0.0605202 0.229396 0.710084 63
32 409.268 322000 0.0605186 0.229422 0.710059 60
32 410.565 323000 0.060483 0.229477 0.71004 49
32 411.88 324000 0.0604691 0.229515 0.710015 56
32 413.155 325000 0.0604738 0.229514 0.710012 62
32 414.408 326000 0.0604847 0.229485 0.710031 64
32 415.683 327000 0.0604862 0.229483 0.710031 61
32 416.897 328000 0.0605244 0.229405 0.71007 73
32 418.212 329000 0.0605167 0.229438 0.710046 58
32 419.509 330000 0.0605091 0.229461 0.71003 58
32 420.797 331000 0.0604985 0.229483 0.710018 57
32 422.037 332000 0.0605241 0.229431 0.710045 69
32 423.304 333000 0.0605285 0.22942 0.710051 62
32 424.596 334000 0.0605 0.229461 0.710039 51
32 425.845 335000 0.0605045 0.229439 0.710057 62
32 427.112 336000 0.0604911 0.229446 0.710063 56
32 428.361 337000 0.0604896 0.22943 0.71008 60
32 429.609 338000 0.0604911 0.229411 0.710098 61
32 430.885 339000 0.060469 0.229434 0.710097 53
32 432.155 340000 0.0604529 0.229447 0.7101 55
32 433.417 341000 0.0604692 0.229425 0.710106 66
32 434.706 342000 0.0604386 0.229465 0.710096 50
32 436.016 343000 0.0604169 0.229507 0.710076 53
32 437.295 344000 0.0604012 0.229529 0.71007 55
32 438.527 345000 0.0604464 0.229452 0.710101 76
32 439.806 346000 0.0604769 0.229425 0.710098 71
32 441.025 347000 0.0604467 0.229418 0.710135 50
32 442.291 348000 0.0604454 0.229417 0.710138 60
32 443.501 349000 0.060467 0.229352 0.710181 68
32 444.767 350000 0.0604657 0.229349 0.710186 60
32 446.003 351000 0.0604615 0.229328 0.710211 59
32 447.33 352000 0.0604403 0.229381 0.710179 53
32 448.592 353000 0.0604674 0.229346 0.710187 70
32 449.815 354000 0.0605028 0.229277 0.71022 73
32 451.095 355000 0.0604592 0.229324 0.710217 45
32 452.309 356000 0.0604944 0.22925 0.710256 73
32 453.619 357000 0.060479 0.229291 0.71023 55
32 454.863 358000 0.0604721 0.229277 0.710251 58
32 456.173 359000 0.0604624 0.229309 0.710228 57
32 457.453 360000 0.0604694 0.229306 0.710225 63
32 458.763 361000 0.0604598 0.229338 0.710202 57
32 460.008 362000 0.0604669 0.229312 0.710221 63
32 461.305 363000 0.0604738 0.22932 0.710207 63
32 462.588 364000 0.0604863 0.229313 0.710201 65
32 463.842 365000 0.0605123 0.229274 0.710214 70
32 465.06 366000 0.0605328 0.229219 0.710249 68
32 466.305 367000 0.0605395 0.229196 0.710264 63
32 467.597 368000 0.060519 0.229226 0.710255 53
32 468.868 369000 0.0605095 0.229233 0.710257 57
32 470.169 370000 0.0605108 0.229251 0.710238 61
32 471.414 371000 0.0605445 0.229199 0.710256 73
32 472.659 372000 0.0605672 0.229159 0.710274 69
32 473.921 373000 0.0605576 0.229158 0.710284 57
32 475.218 374000 0.0605588 0.229171 0.71027 61
32 476.51 375000 0.0605387 0.229203 0.710259 53
32 477.803 376000 0.0605319 0.229221 0.710247 58
32 479.074 377000 0.0605199 0.229233 0.710247 56
32 480.323 378000 0.0605476 0.22919 0.710262 71
32 481.606 379000 0.060533 0.229208 0.710259 55
32 482.868 380000 0.0605553 0.229179 0.710266 69
32 484.152 381000 0.0605564 0.229186 0.710257 61
32 485.449 382000 0.0605445 0.229209 0.710246 56
32 486.729 383000 0.0605431 0.229214 0.710243 60
32 487.978 384000 0.0605443 0.229198 0.710258 61
32 489.262 385000 0.0605506 0.229197 0.710252 63
32 490.541 386000 0.060544 0.22921 0.710246 58
32 491.799 387000 0.0605504 0.229194 0.710256 63
32 493.065 388000 0.060567 0.22917 0.710263 67
32 494.349 389000 0.0605835 0.229159 0.710257 67
32 495.607 390000 0.0606 0.229136 0.710264 67
32 496.921 391000 0.060578 0.229179 0.710243 52
32 498.17 392000 0.0605893 0.229156 0.710255 65
32 499.476 393000 0.0605802 0.229181 0.710239 57
