32 0.414665 1000 0.168 0.223 0.609 168
32 1.06507 2000 0.107 0.2255 0.6675 46
32 1.77534 3000 0.0816667 0.217667 0.700667 31
32 2.53162 4000 0.06775 0.21075 0.7215 26
32 3.29407 5000 0.0588 0.2068 0.7344 23
32 4.0753 6000 0.0523333 0.2025 0.745167 20
32 4.91123 7000 0.048 0.199714 0.752286 22
32 5.70285 8000 0.04475 0.195625 0.759625 22
32 6.51798 9000 0.0414444 0.193333 0.765222 15
32 7.3199 10000 0.0398 0.1901 0.7701 25
32 8.13694 11000 0.0375455 0.188545 0.773909 15
32 8.97357 12000 0.036 0.18725 0.77675 19
32 9.7839 13000 0.0346923 0.185615 0.779692 19
32 10.5788 14000 0.0334286 0.184 0.782571 17
32 11.4086 15000 0.0324667 0.183 0.784533 19
32 12.1947 16000 0.0315625 0.181562 0.786875 18
32 13.0464 17000 0.0304706 0.181471 0.788059 13
32 13.8936 18000 0.0296111 0.181222 0.789167 15
32 14.7278 19000 0.0288947 0.180789 0.790316 16
32 15.5533 20000 0.02855 0.18 0.79145 22
32 16.3962 21000 0.0279048 0.17981 0.792286 15
32 17.2085 22000 0.0273182 0.179318 0.793364 15
32 18.0601 23000 0.0268261 0.179217 0.793957 16
32 18.8812 24000 0.02625 0.178958 0.794792 13
32 19.7198 25000 0.026 0.17864 0.79536 20
32 20.5321 26000 0.0256923 0.178154 0.796154 18
32 21.3445 27000 0.0252593 0.177815 0.796926 14
32 22.1699 28000 0.0250714 0.177464 0.797464 20
32 22.9822 29000 0.0249655 0.176897 0.798138 22
32 23.7771 30000 0.0247667 0.176367 0.798867 19
32 24.5982 31000 0.0245806 0.176065 0.799355 19
32 25.3974 32000 0.0243438 0.175687 0.799969 17
32 26.2272 33000 0.0241212 0.175545 0.800333 17
32 27.0571 34000 0.0238529 0.175471 0.800676 15
32 27.865 35000 0.0238286 0.175029 0.801143 23
32 28.7123 36000 0.0235833 0.175111 0.801306 15
32 29.5203 37000 0.0232703 0.174973 0.801757 12
32 30.3676 38000 0.0231579 0.174921 0.801921 19
32 31.2061 39000 0.0228205 0.175077 0.802103 10
32 32.0359 40000 0.022625 0.175 0.802375 15
32 32.8701 41000 0.0224634 0.174951 0.802585 16
32 33.6868 42000 0.0223571 0.174762 0.802881 18
32 34.5166 43000 0.0223023 0.174628 0.80307 20
32 35.3246 44000 0.0220909 0.1745 0.803409 13
32 36.1675 45000 0.0218 0.174689 0.803511 9
32 37.0104 46000 0.0216739 0.174674 0.803652 16
32 37.8708 47000 0.0215106 0.174809 0.803681 14
32 38.6875 48000 0.0213542 0.174729 0.803917 14
32 39.5391 49000 0.0211224 0.174898 0.80398 10
32 40.3253 50000 0.0211 0.17456 0.80434 20
32 41.1507 51000 0.021098 0.174412 0.80449 21
32 41.9761 52000 0.0209808 0.174346 0.804673 15
32 42.8103 53000 0.0209434 0.174264 0.804792 19
32 43.6445 54000 0.0209259 0.174167 0.804907 20
32 44.435 55000 0.0208182 0.173982 0.8052 15
32 45.2823 56000 0.0208393 0.173911 0.80525 22
32 46.0553 57000 0.0209298 0.173474 0.805596 26
32 46.8546 58000 0.0208793 0.173293 0.805828 18
32 47.6844 59000 0.0208136 0.173254 0.805932 17
32 48.5142 60000 0.0207333 0.173233 0.806033 16
32 49.344 61000 0.0206393 0.17323 0.806131 15
32 50.152 62000 0.0205968 0.173113 0.80629 18
32 50.9992 63000 0.0204762 0.17319 0.806333 13
32 51.8421 64000 0.0205156 0.173109 0.806375 23
32 52.6851 65000 0.0204154 0.173169 0.806415 14
32 53.528 66000 0.0202879 0.173258 0.806455 12
32 54.3316 67000 0.0202985 0.17309 0.806612 21
32 55.1352 68000 0.0202794 0.172926 0.806794 19
32 55.9475 69000 0.0202899 0.172783 0.806928 21
32 56.7904 70000 0.0203 0.172757 0.806943 21
32 57.5897 71000 0.0203099 0.172577 0.807113 21
32 58.3846 72000 0.0203472 0.172347 0.807306 23
32 59.2056 73000 0.0203014 0.172301 0.807397 17
32 60.018 74000 0.0202838 0.172203 0.807514 19
32 60.8478 75000 0.0202 0.17224 0.80756 14
32 61.7169 76000 0.0200395 0.172447 0.807513 8
32 62.5292 77000 0.019961 0.172429 0.80761 14
32 63.3328 78000 0.0199231 0.172321 0.807756 17
32 64.1801 79000 0.0198101 0.17243 0.807759 11
32 65.0492 80000 0.01975 0.17255 0.8077 15
32 65.8528 81000 0.0197037 0.172469 0.807827 16
32 66.6783 82000 0.0196951 0.172427 0.807878 19
32 67.4775 83000 0.0196867 0.172289 0.808024 19
32 68.2855 84000 0.0196667 0.172202 0.808131 18
32 69.1153 85000 0.0196588 0.172165 0.808176 19
32 69.9407 86000 0.0196512 0.172116 0.808233 19
32 70.7749 87000 0.0197011 0.172034 0.808264 24
32 71.5698 88000 0.0197159 0.171886 0.808398 21
32 72.3778 89000 0.0196067 0.171899 0.808494 10
32 73.212 90000 0.0195778 0.1719 0.808522 17
32 74.0374 91000 0.0195385 0.17189 0.808571 16
32 74.8454 92000 0.0195543 0.171793 0.808652 21
32 75.6926 93000 0.0194301 0.171925 0.808645 8
32 76.5094 94000 0.0194574 0.171819 0.808723 22
32 77.361 95000 0.0194105 0.171895 0.808695 15
32 78.1908 96000 0.0193125 0.171948 0.80874 10
32 79.025 97000 0.0192784 0.171959 0.808763 16
32 79.8199 98000 0.0192755 0.171857 0.808867 19
32 80.6584 99000 0.0191313 0.17199 0.808879 5
32 81.5275 100000 0.01906 0.17212 0.80882 12
32 82.3398 101000 0.0190099 0.172099 0.808891 14
32 83.1609 102000 0.0190392 0.17201 0.808951 22
32 83.9602 103000 0.0190777 0.171874 0.809049 23
32 84.7812 104000 0.0190673 0.171837 0.809096 18
32 85.6154 105000 0.0190476 0.171838 0.809114 17
32 86.4103 106000 0.019066 0.171717 0.809217 21
32 87.2794 107000 0.0190187 0.171822 0.809159 14
32 88.1267 108000 0.0189259 0.171935 0.809139 9
32 88.987 109000 0.018844 0.172046 0.80911 10
32 89.8081 110000 0.0188455 0.172009 0.809145 19
32 90.6117 111000 0.0188198 0.171946 0.809234 16
32 91.4634 112000 0.0187679 0.172018 0.809214 13
32 92.2932 113000 0.0187522 0.172009 0.809239 17
32 93.1273 114000 0.0187105 0.172035 0.809254 14
32 93.9397 115000 0.0186783 0.172017 0.809304 15
32 94.7695 116000 0.0186552 0.172009 0.809336 16
32 95.6168 117000 0.0186154 0.172068 0.809316 14
32 96.4466 118000 0.0185932 0.172068 0.809339 16
32 97.2677 119000 0.0185546 0.172059 0.809387 14
32 98.08 120000 0.0185 0.172058 0.809442 12
32 98.9142 121000 0.0184711 0.172074 0.809455 15
32 99.7352 122000 0.0184836 0.172025 0.809492 20
32 100.587 123000 0.0184634 0.172065 0.809472 16
32 101.434 124000 0.018379 0.172161 0.80946 8
32 102.268 125000 0.018344 0.172184 0.809472 14
32 103.098 126000 0.0183333 0.172175 0.809492 17
32 103.95 127000 0.0182913 0.172244 0.809465 13
32 104.775 128000 0.0182734 0.172227 0.8095 16
32 105.57 129000 0.0182868 0.17214 0.809574 20
32 106.413 130000 0.0182538 0.172169 0.809577 14
32 107.243 131000 0.0182137 0.172191 0.809595 13
32 108.077 132000 0.0181818 0.172212 0.809606 14
32 108.868 133000 0.018188 0.172128 0.809684 19
32 109.654 134000 0.018209 0.172007 0.809784 21
32 110.453 135000 0.0182148 0.171933 0.809852 19
32 111.265 136000 0.0181912 0.171912 0.809897 15
32 112.113 137000 0.0181679 0.171949 0.809883 15
32 112.912 138000 0.0181522 0.171899 0.809949 16
32 113.755 139000 0.0181151 0.17195 0.809935 13
32 114.58 140000 0.0180929 0.17195 0.809957 15
32 115.414 141000 0.0181064 0.171922 0.809972 20
32 116.227 142000 0.0181056 0.17188 0.810014 18
32 117.043 143000 0.0181119 0.171839 0.810049 19
32 117.86 144000 0.0181389 0.171778 0.810083 22
32 118.646 145000 0.0181724 0.171662 0.810166 23
32 119.419 146000 0.0181712 0.171562 0.810267 18
32 120.249 147000 0.0181565 0.171565 0.810279 16
32 121.061 148000 0.0181824 0.1715 0.810318 22
32 121.856 149000 0.0181812 0.171436 0.810383 18
32 122.647 150000 0.0182067 0.17134 0.810453 22
32 123.459 151000 0.0182252 0.171285 0.81049 21
32 124.302 152000 0.0182632 0.171257 0.81048 24
32 125.101 153000 0.0183007 0.17117 0.810529 24
32 125.887 154000 0.0182987 0.171091 0.81061 18
32 126.722 155000 0.0182645 0.171123 0.810613 13
32 127.551 156000 0.0182756 0.171103 0.810622 20
32 128.372 157000 0.0182866 0.17107 0.810643 20
32 129.185 158000 0.0182785 0.171044 0.810677 17
32 130.023 159000 0.0182516 0.171075 0.810673 14
32 130.84 160000 0.01825 0.17105 0.8107 18
32 131.67 161000 0.0182671 0.171031 0.810702 21
32 132.482 162000 0.0182531 0.171006 0.810741 16
32 133.308 163000 0.0182393 0.171012 0.810748 16
32 134.168 164000 0.0182134 0.171067 0.81072 14
32 135.007 165000 0.0182121 0.171073 0.810715 18
32 135.832 166000 0.0181867 0.171084 0.810729 14
32 136.636 167000 0.0181557 0.171078 0.810766 13
32 137.487 168000 0.0181845 0.171065 0.81075 23
32 138.317 169000 0.0181657 0.171083 0.810751 15
32 139.169 170000 0.0181765 0.171088 0.810735 20
32 140.003 171000 0.0181404 0.171129 0.810731 12
32 140.828 172000 0.0181453 0.171105 0.81075 19
32 141.684 173000 0.0181156 0.171162 0.810723 13
32 142.514 174000 0.0181437 0.171126 0.81073 23
32 143.344 175000 0.0181486 0.171114 0.810737 19
32 144.174 176000 0.0181136 0.171142 0.810744 12
32 145.012 177000 0.018096 0.171169 0.810734 15
32 145.846 178000 0.0180674 0.171197 0.810736 13
32 146.702 179000 0.0180615 0.171223 0.810715 17
32 147.519 180000 0.0180278 0.171233 0.810739 12
32 148.366 181000 0.0179779 0.171298 0.810724 9
32 149.218 182000 0.0179505 0.171352 0.810698 13
32 150.044 183000 0.0179672 0.171317 0.810716 21
32 150.882 184000 0.0179837 0.171304 0.810712 21
32 151.668 185000 0.0180108 0.171216 0.810773 23
32 152.516 186000 0.0179677 0.17128 0.810753 10
32 153.35 187000 0.0179519 0.171289 0.810759 15
32 154.158 188000 0.0179787 0.171229 0.810793 23
32 154.987 189000 0.0179683 0.171233 0.810799 16
32 155.839 190000 0.0179474 0.171274 0.810779 14
32 156.682 191000 0.0179267 0.171309 0.810764 14
32 157.521 192000 0.0179062 0.171333 0.81076 14
32 158.359 193000 0.0179637 0.17128 0.810756 29
32 159.15 194000 0.0179485 0.171237 0.810814 15
32 160.006 195000 0.0179333 0.171277 0.81079 15
32 160.879 196000 0.0179133 0.171342 0.810745 14
32 161.696 197000 0.0178934 0.17134 0.810766 14
32 162.521 198000 0.0178687 0.171354 0.810778 13
32 163.351 199000 0.0178794 0.171337 0.810784 20
32 164.159 200000 0.01788 0.171305 0.810815 18
32 165.002 201000 0.0178905 0.171303 0.810806 20
32 165.836 202000 0.0178861 0.171307 0.810807 17
32 166.67 203000 0.0178374 0.17136 0.810803 8
32 167.491 204000 0.0178725 0.171304 0.810824 25
32 168.317 205000 0.0178585 0.171307 0.810834 15
32 169.16 206000 0.0178495 0.17133 0.81082 16
32 169.994 207000 0.0178357 0.171338 0.810826 15
32 170.815 208000 0.0178269 0.171337 0.810837 16
32 171.645 209000 0.0178086 0.171349 0.810842 14
32 172.448 210000 0.017819 0.1713 0.810881 20
32 173.261 211000 0.0178389 0.171256 0.810905 22
32 174.06 212000 0.0178538 0.171203 0.810943 21
32 174.85 213000 0.0178732 0.171136 0.810991 22
32 175.672 214000 0.0178551 0.17114 0.811005 14
32 176.493 215000 0.0178605 0.171121 0.811019 19
32 177.314 216000 0.0178611 0.171106 0.811032 18
32 178.126 217000 0.0178571 0.171088 0.811055 17
32 178.93 218000 0.0178991 0.171014 0.811087 27
32 179.738 219000 0.0179041 0.170982 0.811114 19
32 180.598 220000 0.0178909 0.171023 0.811086 15
32 181.41 221000 0.0178688 0.171023 0.811109 13
32 182.223 222000 0.0178694 0.171 0.811131 18
32 183.031 223000 0.0178834 0.17096 0.811157 21
32 183.895 224000 0.0178705 0.171004 0.811125 15
32 184.716 225000 0.0178578 0.171004 0.811138 15
32 185.529 226000 0.0178451 0.170996 0.811159 15
32 186.359 227000 0.0178502 0.170987 0.811163 19
32 187.18 228000 0.017864 0.170961 0.811175 21
32 188.023 229000 0.0178865 0.170948 0.811166 23
32 188.839 230000 0.017887 0.17093 0.811183 18
32 189.66 231000 0.0178874 0.170918 0.811195 18
32 190.49 232000 0.017875 0.170927 0.811198 15
32 191.303 233000 0.0178627 0.170918 0.811219 15
32 192.145 234000 0.0178718 0.170919 0.811209 20
32 192.949 235000 0.0178894 0.170872 0.811238 22
32 193.796 236000 0.0178771 0.170898 0.811225 15
32 194.622 237000 0.0178354 0.170932 0.811232 8
32 195.482 238000 0.0178151 0.170979 0.811206 13
32 196.338 239000 0.0178075 0.171008 0.811184 16
32 197.164 240000 0.0177833 0.171025 0.811192 12
32 197.998 241000 0.0177759 0.171037 0.811187 16
32 198.806 242000 0.0177645 0.171021 0.811215 15
32 199.653 243000 0.0177695 0.171029 0.811202 19
32 200.457 244000 0.0177459 0.171025 0.81123 12
32 201.273 245000 0.0177469 0.171008 0.811245 18
32 202.103 246000 0.017748 0.171004 0.811248 18
32 202.942 247000 0.0177409 0.171016 0.811243 16
32 203.767 248000 0.0177621 0.170988 0.81125 23
32 204.566 249000 0.0177671 0.170952 0.811281 19
32 205.392 250000 0.017744 0.170968 0.811288 12
32 206.239 251000 0.017745 0.17098 0.811275 18
32 207.021 252000 0.0177579 0.170921 0.811321 21
32 207.846 253000 0.0177312 0.170941 0.811328 11
32 208.694 254000 0.0177165 0.170969 0.811315 14
32 209.545 255000 0.017702 0.171 0.811298 14
32 210.384 256000 0.0176875 0.17102 0.811293 14
32 211.218 257000 0.0176809 0.171027 0.811292 16
32 212.056 258000 0.0176744 0.171043 0.811283 16
32 212.891 259000 0.0176718 0.171042 0.811286 17
32 213.712 260000 0.0176615 0.171042 0.811296 15
32 214.528 261000 0.017659 0.171031 0.81131 17
32 215.35 262000 0.0176489 0.171031 0.811321 15
32 216.21 263000 0.017635 0.171068 0.811297 14
32 217.044 264000 0.0176212 0.171083 0.811295 14
32 217.878 265000 0.0176189 0.171087 0.811294 17
32 218.726 266000 0.0176128 0.171105 0.811282 16
32 219.542 267000 0.0176067 0.171097 0.811296 16
32 220.385 268000 0.0176045 0.171108 0.811287 17
32 221.206 269000 0.0175874 0.171119 0.811294 13
32 222.04 270000 0.0175741 0.171133 0.811293 14
32 222.87 271000 0.017572 0.171129 0.811299 17
32 223.678 272000 0.0175625 0.171118 0.81132 15
32 224.504 273000 0.0175604 0.171114 0.811326 17
32 225.303 274000 0.0175876 0.171058 0.811354 25
32 226.089 275000 0.0176 0.171007 0.811393 21
32 226.91 276000 0.0176087 0.170989 0.811402 20
32 227.736 277000 0.0176101 0.170982 0.811408 18
32 228.552 278000 0.0176115 0.170968 0.811421 18
32 229.382 279000 0.0175914 0.170986 0.811423 12
32 230.186 280000 0.0176071 0.170946 0.811446 22
32 231.002 281000 0.0176014 0.17094 0.811459 16
32 231.858 282000 0.0175567 0.171004 0.81144 5
32 232.688 283000 0.0175583 0.171 0.811442 18
32 233.549 284000 0.0175387 0.171042 0.811419 12
32 234.396 285000 0.0175123 0.171081 0.811407 10
32 235.278 286000 0.017479 0.171154 0.811367 8
32 236.103 287000 0.0174913 0.171139 0.811369 21
32 236.968 288000 0.0174653 0.171187 0.811347 10
32 237.781 289000 0.0174879 0.171152 0.81136 24
32 238.628 290000 0.0174621 0.171186 0.811352 10
32 239.497 291000 0.0174433 0.171237 0.81132 12
32 240.327 292000 0.0174418 0.171233 0.811325 17
32 241.135 293000 0.0174471 0.171208 0.811345 19
32 241.938 294000 0.0174592 0.171173 0.811367 21
32 242.729 295000 0.0174881 0.171112 0.8114 26
32 243.559 296000 0.0175 0.171098 0.811402 21
32 244.358 297000 0.0175084 0.171064 0.811428 20
32 245.192 298000 0.0175201 0.171054 0.811426 21
32 245.987 299000 0.0175117 0.171037 0.811452 15
32 246.808 300000 0.01749 0.171047 0.811463 11
32 247.677 301000 0.0174751 0.17109 0.811435 13
32 248.503 302000 0.0174801 0.171079 0.81144 19
32 249.337 303000 0.0174752 0.171086 0.811439 16
32 250.18 304000 0.0174605 0.171109 0.811431 13
32 250.983 305000 0.0174525 0.171098 0.811449 15
32 251.848 306000 0.017451 0.171121 0.811428 17
32 252.652 307000 0.0174691 0.171081 0.81145 23
32 253.473 308000 0.0174838 0.171058 0.811458 22
32 254.294 309000 0.0174725 0.171061 0.811466 14
32 255.119 310000 0.0174839 0.171045 0.811471 21
32 255.936 311000 0.0174984 0.171023 0.811479 22
32 256.77 312000 0.0174776 0.171042 0.811481 11
32 257.622 313000 0.0174505 0.171083 0.811466 9
32 258.447 314000 0.0174331 0.171099 0.811468 12
32 259.308 315000 0.017419 0.17113 0.811451 13
32 260.159 316000 0.0173956 0.171168 0.811437 10
32 260.998 317000 0.0173849 0.171183 0.811432 14
32 261.827 318000 0.0173742 0.171192 0.811434 14
32 262.631 319000 0.0173918 0.171154 0.811455 23
32 263.435 320000 0.0174031 0.171122 0.811475 21
32 264.269 321000 0.0174019 0.171125 0.811474 17
32 265.055 322000 0.0174286 0.171068 0.811503 26
32 265.85 323000 0.0174396 0.171028 0.811533 21
32 266.671 324000 0.0174537 0.171006 0.81154 22
32 267.466 325000 0.0174523 0.170985 0.811563 17
32 268.339 326000 0.0174509 0.171012 0.811537 17
32 269.125 327000 0.0174648 0.170966 0.811569 22
32 269.947 328000 0.0174512 0.170973 0.811576 13
32 270.798 329000 0.0174255 0.171015 0.811559 9
32 271.645 330000 0.0174273 0.171021 0.811552 18
32 272.48 331000 0.0174471 0.171003 0.81155 24
32 273.279 332000 0.0174608 0.170967 0.811572 22
32 274.061 333000 0.0174595 0.170937 0.811604 17
32 274.908 334000 0.0174521 0.170952 0.811596 15
32 275.746 335000 0.0174478 0.170961 0.811591 16
32 276.611 336000 0.0174435 0.170988 0.811568 16
32 277.441 337000 0.0174362 0.170994 0.81157 15
32 278.28 338000 0.0174112 0.171024 0.811565 9
32 279.092 339000 0.017413 0.171009 0.811578 18
32 279.904 340000 0.0174176 0.170991 0.811591 19
32 280.738 341000 0.0174018 0.171009 0.811589 12
32 281.564 342000 0.0174064 0.171 0.811594 19
32 282.372 343000 0.0174082 0.170983 0.811609 18
32 283.184 344000 0.0174099 0.170968 0.811622 18
32 283.983 345000 0.0174377 0.170919 0.811643 27
32 284.783 346000 0.0174624 0.170873 0.811665 26
32 285.608 347000 0.0174553 0.170876 0.811669 15
32 286.425 348000 0.0174598 0.170865 0.811675 19
32 287.272 349000 0.0174556 0.170877 0.811668 16
32 288.106 350000 0.0174571 0.170877 0.811666 18
32 288.91 351000 0.0174644 0.170852 0.811684 20
32 289.735 352000 0.0174773 0.170835 0.811688 22
32 290.556 353000 0.0174618 0.170844 0.811694 12
32 291.382 354000 0.0174661 0.170839 0.811695 19
32 292.229 355000 0.017462 0.170854 0.811685 16
32 293.081 356000 0.0174522 0.170876 0.811671 14
32 293.928 357000 0.0174594 0.170877 0.811664 20
32 294.727 358000 0.0174581 0.170858 0.811684 17
32 295.588 359000 0.0174596 0.170875 0.811666 18
32 296.431 360000 0.0174583 0.170883 0.811658 17
32 297.247 361000 0.0174765 0.170859 0.811665 24
32 298.047 362000 0.0174724 0.17084 0.811688 16
32 298.903 363000 0.0174573 0.170871 0.811672 12
32 299.767 364000 0.0174368 0.170915 0.811648 10
32 300.588 365000 0.0174219 0.170921 0.811658 12
32 301.409 366000 0.0174126 0.170923 0.811664 14
32 302.244 367000 0.0174196 0.170918 0.811662 20
32 303.06 368000 0.0174239 0.170905 0.811671 19
32 303.908 369000 0.0174309 0.170908 0.811661 20
32 304.729 370000 0.0174297 0.170903 0.811668 17
32 305.541 371000 0.0174259 0.170895 0.811679 16
32 306.353 372000 0.0174274 0.170884 0.811688 18
32 307.17 373000 0.017437 0.170863 0.8117 21
32 308.026 374000 0.0174278 0.170888 0.811684 14
32 308.843 375000 0.017416 0.170891 0.811693 13
32 309.703 376000 0.0174122 0.170912 0.811676 16
32 310.546 377000 0.0174085 0.170923 0.811668 16
32 311.398 378000 0.0173968 0.170947 0.811656 13
32 312.223 379000 0.0173958 0.170945 0.81166 17
32 313.04 380000 0.0173895 0.170942 0.811668 15
32 313.874 381000 0.0173858 0.170948 0.811667 16
32 314.695 382000 0.0173743 0.170955 0.81167 13
32 315.529 383000 0.0173655 0.170963 0.811671 14
32 316.355 384000 0.0173646 0.170964 0.811672 17
32 317.18 385000 0.0173662 0.170956 0.811678 18
32 318.023 386000 0.0173886 0.17094 0.811671 26
32 318.835 387000 0.0173773 0.170941 0.811682 13
32 319.67 388000 0.0173737 0.170946 0.81168 16
32 320.499 389000 0.0173933 0.170925 0.811681 25
32 321.299 390000 0.0174308 0.170869 0.8117 32
32 322.111 391000 0.0174425 0.170847 0.811711 22
32 322.923 392000 0.0174515 0.170829 0.811719 21
32 323.723 393000 0.0174733 0.170786 0.81174 26
32 324.531 394000 0.0174721 0.170774 0.811754 17
32 325.308 395000 0.0174709 0.170744 0.811785 17
32 326.133 396000 0.0174596 0.170755 0.811785 13
32 326.976 397000 0.0174635 0.170756 0.811781 19
32 327.776 398000 0.0174724 0.170729 0.811799 21
32 328.584 399000 0.0174812 0.170707 0.811812 21
32 329.4 400000 0.017475 0.170705 0.81182 15
32 330.178 401000 0.0174913 0.170658 0.81185 24
32 330.999 402000 0.0174975 0.170647 0.811856 20
32 331.811 403000 0.0175087 0.170628 0.811864 22
32 332.637 404000 0.017505 0.170626 0.811869 16
32 333.449 405000 0.0175012 0.17062 0.811879 16
32 334.296 406000 0.0174901 0.17064 0.811869 13
32 335.113 407000 0.0174939 0.170629 0.811877 19
32 335.943 408000 0.0174828 0.170642 0.811875 13
32 336.764 409000 0.0174841 0.170633 0.811883 18
32 337.559 410000 0.0174829 0.170615 0.811902 17
32 338.384 411000 0.0174939 0.170601 0.811905 22
32 339.183 412000 0.0175024 0.170575 0.811922 21
32 340 413000 0.0174915 0.170579 0.81193 13
32 340.856 414000 0.0174879 0.170597 0.811915 16
32 341.69 415000 0.0174675 0.170619 0.811913 9
32 342.503 416000 0.0174663 0.170611 0.811923 17
32 343.324 417000 0.01747 0.170602 0.811928 19
32 344.158 418000 0.0174785 0.170598 0.811923 21
32 344.957 419000 0.0174749 0.170585 0.81194 16
32 345.774 420000 0.0174667 0.170583 0.81195 14
32 346.612 421000 0.0174727 0.170582 0.811945 20
32 347.42 422000 0.0174645 0.170578 0.811957 14
32 348.246 423000 0.0174704 0.17057 0.81196 20
32 349.032 424000 0.0174811 0.170538 0.811981 22
32 349.866 425000 0.0174729 0.170546 0.811981 14
32 350.67 426000 0.0174859 0.170519 0.811995 23
32 351.495 427000 0.0174895 0.170513 0.811998 19
32 352.307 428000 0.0174953 0.170498 0.812007 20
32 353.085 429000 0.0175058 0.170459 0.812035 22
32 353.897 430000 0.0175116 0.170444 0.812044 20
32 354.762 431000 0.0174988 0.170476 0.812026 12
32 355.6 432000 0.0174931 0.170486 0.812021 15
32 356.439 433000 0.0174804 0.170503 0.812016 12
32 357.273 434000 0.0174724 0.170516 0.812012 14
32 358.09 435000 0.0174736 0.170506 0.812021 18
32 358.92 436000 0.0174817 0.170498 0.812021 21
32 359.741 437000 0.0174828 0.170492 0.812025 18
32 360.549 438000 0.0174817 0.170482 0.812037 17
32 361.365 439000 0.017492 0.170465 0.812043 22
32 362.195 440000 0.0174955 0.170461 0.812043 19
32 363.008 441000 0.0174943 0.170454 0.812052 17
32 363.824 442000 0.0174842 0.170457 0.812059 13
32 364.68 443000 0.0174718 0.170483 0.812045 12
32 365.528 444000 0.017464 0.1705 0.812036 14
32 366.384 445000 0.0174449 0.170533 0.812022 9
32 367.2 446000 0.0174417 0.170529 0.812029 16
32 368.069 447000 0.0174318 0.170559 0.812009 13
32 368.917 448000 0.0174308 0.170571 0.811998 17
32 369.738 449000 0.0174321 0.170563 0.812004 18
32 370.598 450000 0.0174089 0.170604 0.811987 7
32 371.389 451000 0.0174169 0.170574 0.812009 21
32 372.192 452000 0.0174071 0.170571 0.812022 13
32 373.044 453000 0.017404 0.170585 0.812011 16
32 373.843 454000 0.0174075 0.170566 0.812026 19
32 374.664 455000 0.0174044 0.170565 0.812031 16
32 375.477 456000 0.0174057 0.170555 0.812039 18
32 376.324 457000 0.0173917 0.170578 0.812031 11
32 377.175 458000 0.0173821 0.170598 0.81202 13
32 377.975 459000 0.0173922 0.170573 0.812035 22
32 378.765 460000 0.0173913 0.170554 0.812054 17
32 379.595 461000 0.0173774 0.17057 0.812052 11
32 380.42 462000 0.0173983 0.170545 0.812056 27
32 381.194 463000 0.0174104 0.170505 0.812084 23
32 382.028 464000 0.0174159 0.170502 0.812082 20
32 382.866 465000 0.0174237 0.170499 0.812077 21
32 383.67 466000 0.0174249 0.170485 0.81209 18
32 384.495 467000 0.0174111 0.170497 0.812092 11
32 385.321 468000 0.017406 0.1705 0.812094 15
32 386.172 469000 0.0174051 0.170512 0.812083 17
32 386.993 470000 0.0174128 0.1705 0.812087 21
32 387.788 471000 0.0174098 0.170486 0.812104 16
32 388.596 472000 0.0174153 0.17047 0.812114 20
32 389.448 473000 0.0173996 0.170497 0.812104 10
32 390.252 474000 0.017403 0.170481 0.812116 19
32 391.077 475000 0.0173958 0.170488 0.812116 14
32 391.924 476000 0.0173887 0.170502 0.812109 14
32 392.772 477000 0.0173774 0.170522 0.812101 12
32 393.641 478000 0.0173724 0.170546 0.812082 15
32 394.427 479000 0.0173737 0.170526 0.8121 18
32 395.257 480000 0.0173833 0.170515 0.812102 22
32 396.038 481000 0.0173825 0.170493 0.812125 17
32 396.864 482000 0.0173776 0.170496 0.812127 15
32 397.707 483000 0.017381 0.170501 0.812118 19
32 398.563 484000 0.0173946 0.170498 0.812107 24
32 399.366 485000 0.0174103 0.17047 0.81212 25
32 400.161 486000 0.0174115 0.170455 0.812134 18
32 400.978 487000 0.0174107 0.170448 0.812142 17
32 401.834 488000 0.0174098 0.170461 0.812129 17
32 402.664 489000 0.0174131 0.170458 0.812129 19
32 403.485 490000 0.0174102 0.170457 0.812133 16
32 404.319 491000 0.017389 0.170481 0.81213 7
32 405.179 492000 0.017372 0.170514 0.812114 9
32 406.053 493000 0.0173732 0.170531 0.812095 18
32 406.874 494000 0.0173745 0.170526 0.812099 18
32 407.704 495000 0.0173616 0.170539 0.812099 11
32 408.529 496000 0.0173609 0.170538 0.812101 17
32 409.346 497000 0.0173521 0.170541 0.812107 13
32 410.18 498000 0.0173514 0.170544 0.812104 17
32 411.023 499000 0.0173507 0.170551 0.812098 17
32 411.848 500000 0.017348 0.170552 0.8121 16
32 412.691 501000 0.0173413 0.170565 0.812094 14
32 413.525 502000 0.0173347 0.170574 0.812092 14
32 414.32 503000 0.017336 0.170559 0.812105 18
32 415.189 504000 0.0173413 0.170569 0.812089 20
32 415.989 505000 0.0173366 0.17056 0.812103 15
32 416.801 506000 0.0173261 0.170565 0.812109 12
32 417.635 507000 0.0173333 0.170558 0.812108 21
32 418.465 508000 0.0173169 0.170575 0.812108 9
32 419.325 509000 0.0173104 0.170595 0.812094 14
32 420.129 510000 0.0173176 0.170578 0.812104 21
32 420.92 511000 0.017317 0.17056 0.812123 17
32 421.745 512000 0.0173281 0.170547 0.812125 23
32 422.575 513000 0.0173177 0.170559 0.812123 12
32 423.405 514000 0.0173074 0.170568 0.812125 12
32 424.252 515000 0.017299 0.170586 0.812115 13
32 425.025 516000 0.0172965 0.170564 0.81214 16
32 425.894 517000 0.0172901 0.170588 0.812122 14
32 426.711 518000 0.0172954 0.170577 0.812127 20
32 427.558 519000 0.0172948 0.170584 0.812121 17
32 428.366 520000 0.0172904 0.170579 0.812131 15
32 429.2 521000 0.0172841 0.170587 0.812129 14
32 430.03 522000 0.0172778 0.170594 0.812128 14
32 430.86 523000 0.0172696 0.170604 0.812126 13
32 431.685 524000 0.0172691 0.170601 0.81213 17
32 432.502 525000 0.0172819 0.170583 0.812135 24
32 433.275 526000 0.0172757 0.170565 0.81216 14
32 434.131 527000 0.017277 0.170575 0.812148 18
32 434.965 528000 0.0172708 0.170583 0.812146 14
32 435.795 529000 0.0172665 0.17059 0.812144 15
32 436.612 530000 0.0172774 0.170572 0.812151 23
32 437.428 531000 0.0172919 0.170552 0.812156 25
32 438.214 532000 0.0172932 0.170534 0.812173 18
32 439.009 533000 0.0172983 0.170512 0.812189 20
32 439.822 534000 0.0172996 0.170506 0.812195 18
32 440.643 535000 0.0173009 0.170499 0.8122 18
32 441.433 536000 0.0173022 0.170483 0.812215 18
32 442.281 537000 0.0172868 0.170505 0.812209 9
32 443.145 538000 0.0172751 0.170532 0.812193 11
32 443.984 539000 0.0172653 0.170545 0.812189 12
32 444.805 540000 0.0172611 0.170546 0.812193 15
32 445.622 541000 0.0172569 0.170545 0.812198 15
32 446.421 542000 0.0172528 0.170537 0.81221 15
32 447.264 543000 0.017256 0.17054 0.812204 19
32 448.12 544000 0.0172445 0.170563 0.812193 11
32 448.967 545000 0.0172477 0.170567 0.812185 19
32 449.806 546000 0.0172454 0.170573 0.812181 16
32 450.618 547000 0.0172468 0.170565 0.812188 18
32 451.452 548000 0.0172536 0.17056 0.812186 21
32 452.251 549000 0.0172623 0.170539 0.812199 22
32 453.042 550000 0.0172564 0.170529 0.812215 14
32 453.863 551000 0.0172632 0.170519 0.812218 21
32 454.702 552000 0.0172572 0.170529 0.812214 14
32 455.509 553000 0.0172532 0.170524 0.812222 15
32 456.37 554000 0.0172401 0.170551 0.812209 10
32 457.195 555000 0.0172378 0.170551 0.812211 16
32 458.016 556000 0.0172302 0.170556 0.812214 13
32 458.855 557000 0.0172388 0.170551 0.81221 22
32 459.654 558000 0.0172473 0.17053 0.812222 22
32 460.458 559000 0.0172469 0.170521 0.812233 17
32 461.266 560000 0.0172589 0.1705 0.812241 24
32 462.113 561000 0.017246 0.17052 0.812234 10
32 462.973 562000 0.0172313 0.170548 0.812221 9
32 463.816 563000 0.0172185 0.170567 0.812215 10
32 464.677 564000 0.0172057 0.170592 0.812202 10
32 465.528 565000 0.0171965 0.170611 0.812193 12
32 466.341 566000 0.0171979 0.170602 0.8122 18
32 467.166 567000 0.0171975 0.170601 0.812201 17
32 467.987 568000 0.0172042 0.170592 0.812204 21
32 468.83 569000 0.0172021 0.170599 0.812199 16
32 469.66 570000 0.0172035 0.170598 0.812198 18
32 470.49 571000 0.0172102 0.170592 0.812198 21
32 471.319 572000 0.017208 0.170594 0.812198 16
32 472.127 573000 0.0172059 0.170588 0.812206 16
32 472.935 574000 0.0172143 0.170571 0.812214 22
32 473.77 575000 0.0172174 0.17057 0.812212 19
32 474.595 576000 0.0172135 0.170573 0.812214 15
32 475.421 577000 0.0172166 0.170568 0.812215 19
32 476.263 578000 0.0172059 0.170587 0.812208 11
32 477.093 579000 0.0172159 0.170575 0.812209 23
32 477.936 580000 0.0172121 0.170584 0.812203 15
32 478.77 581000 0.01721 0.170589 0.812201 16
32 479.609 582000 0.0172113 0.170591 0.812198 18
32 480.43 583000 0.0172041 0.170595 0.812201 13
32 481.26 584000 0.0171986 0.170601 0.8122 14
32 482.094 585000 0.0172017 0.170602 0.812197 19
32 482.911 586000 0.0171928 0.170604 0.812203 12
32 483.762 587000 0.0171942 0.170613 0.812193 18
32 484.614 588000 0.017199 0.170616 0.812185 20
32 485.413 589000 0.0171935 0.17061 0.812197 14
32 486.243 590000 0.0171966 0.170607 0.812197 19
32 487.055 591000 0.0171963 0.170601 0.812203 17
32 487.898 592000 0.0171892 0.170613 0.812198 13
32 488.706 593000 0.0171922 0.170602 0.812206 19
32 489.553 594000 0.0171919 0.170609 0.812199 17
32 490.357 595000 0.0171882 0.170603 0.812208 15
32 491.217 596000 0.0171879 0.170616 0.812196 17
32 492.065 597000 0.0171792 0.170631 0.812189 12
32 492.908 598000 0.0171722 0.170644 0.812184 13
32 493.751 599000 0.0171553 0.170668 0.812177 7
32 494.58 600000 0.0171567 0.170665 0.812178 18
32 495.423 601000 0.0171631 0.170664 0.812173 21
32 496.257 602000 0.0171561 0.170673 0.812171 13
32 497.092 603000 0.0171542 0.170677 0.812169 16
32 497.917 604000 0.0171606 0.170669 0.812171 21
32 498.716 605000 0.0171587 0.17066 0.812182 16
32 499.507 606000 0.017165 0.170639 0.812196 21
32 500.341 607000 0.0171664 0.170639 0.812194 18
32 501.166 608000 0.0171661 0.17064 0.812194 17
32 502.001 609000 0.0171691 0.170637 0.812194 19
32 502.83 610000 0.0171689 0.170639 0.812192 17
32 503.621 611000 0.0171735 0.170619 0.812208 20
32 504.438 612000 0.0171846 0.170603 0.812212 24
32 505.228 613000 0.0171909 0.170582 0.812227 21
32 506.027 614000 0.0171873 0.170575 0.812238 15
32 506.896 615000 0.0171805 0.170597 0.812223 13
32 507.731 616000 0.0171705 0.170609 0.812221 11
32 508.552 617000 0.0171637 0.170614 0.812222 13
32 509.386 618000 0.0171618 0.170617 0.812222 16
32 510.159 619000 0.0171648 0.170593 0.812242 19
32 510.989 620000 0.0171597 0.170598 0.812242 14
32 511.814 621000 0.0171514 0.170605 0.812243 12
32 512.661 622000 0.0171447 0.170619 0.812236 13
32 513.504 623000 0.0171396 0.170629 0.812231 14
32 514.304 624000 0.0171346 0.170623 0.812242 14
32 515.138 625000 0.0171408 0.170621 0.812238 21
32 515.954 626000 0.0171438 0.170612 0.812244 19
32 516.776 627000 0.0171419 0.170612 0.812246 16
32 517.597 628000 0.0171481 0.170602 0.81225 21
32 518.413 629000 0.0171447 0.170603 0.812253 15
32 519.23 630000 0.0171476 0.170594 0.812259 19
32 520.038 631000 0.017149 0.170585 0.812266 18
32 520.863 632000 0.0171519 0.170582 0.812266 19
32 521.741 633000 0.0171374 0.170615 0.812248 8
32 522.567 634000 0.0171246 0.170626 0.812249 9
32 523.418 635000 0.0171213 0.170636 0.812243 15
32 524.253 636000 0.0171179 0.170642 0.812241 15
32 525.069 637000 0.0171177 0.170637 0.812245 17
32 525.895 638000 0.0171129 0.170641 0.812246 14
32 526.676 639000 0.0171158 0.170623 0.812261 19
32 527.515 640000 0.0171141 0.170628 0.812258 16
32 528.323 641000 0.0171232 0.17061 0.812267 23
32 529.114 642000 0.0171231 0.170597 0.81228 17
32 529.939 643000 0.0171244 0.170594 0.812281 18
32 530.791 644000 0.0171134 0.170613 0.812273 10
32 531.625 645000 0.0171085 0.17062 0.812271 14
32 532.459 646000 0.0171053 0.170625 0.812269 15
32 533.276 647000 0.017102 0.170624 0.812274 15
32 534.14 648000 0.0171003 0.170639 0.812261 16
32 534.992 649000 0.0170971 0.17065 0.812253 15
32 535.804 650000 0.0170938 0.170648 0.812258 15
32 536.63 651000 0.0170891 0.170651 0.81226 14
32 537.46 652000 0.0170844 0.170658 0.812258 14
32 538.268 653000 0.0170842 0.170651 0.812265 17
32 539.124 654000 0.017078 0.170665 0.812257 13
32 539.932 655000 0.0170824 0.170653 0.812264 20
32 540.744 656000 0.0170884 0.170642 0.81227 21
32 541.574 657000 0.0170913 0.170641 0.812268 19
32 542.412 658000 0.0170973 0.170637 0.812266 21
32 543.233 659000 0.0171002 0.170633 0.812267 19
32 544.063 660000 0.0170985 0.170633 0.812268 16
32 544.867 661000 0.0170998 0.170625 0.812275 18
32 545.675 662000 0.0170952 0.170621 0.812284 14
32 546.513 663000 0.0170875 0.170632 0.812281 12
32 547.361 664000 0.0170753 0.170651 0.812274 9
32 548.203 665000 0.0170737 0.170657 0.812269 16
32 549.02 666000 0.0170766 0.17065 0.812273 19
32 549.841 667000 0.017084 0.17064 0.812276 22
32 550.68 668000 0.0170808 0.170647 0.812272 15
32 551.501 669000 0.0170852 0.17064 0.812275 20
32 552.331 670000 0.0170776 0.170648 0.812275 12
32 553.16 671000 0.017079 0.170647 0.812274 18
32 553.951 672000 0.0170938 0.170619 0.812287 27
32 554.829 673000 0.0170802 0.170649 0.81227 8
32 555.654 674000 0.0170801 0.170648 0.812272 17
32 556.502 675000 0.0170741 0.170661 0.812265 13
32 557.31 676000 0.017071 0.170657 0.812272 15
32 558.148 677000 0.0170709 0.17066 0.812269 17
32 558.982 678000 0.0170693 0.170664 0.812267 16
32 559.838 679000 0.0170677 0.170675 0.812258 16
32 560.646 680000 0.0170618 0.170675 0.812263 13
32 561.502 681000 0.0170587 0.170686 0.812256 15
32 562.332 682000 0.0170543 0.170691 0.812255 14
32 563.175 683000 0.017041 0.170709 0.81225 8
32 564.044 684000 0.0170322 0.170731 0.812237 11
32 564.852 685000 0.0170409 0.170715 0.812244 23
32 565.643 686000 0.017051 0.170692 0.812257 24
32 566.459 687000 0.0170568 0.170683 0.812261 21
32 567.276 688000 0.017048 0.170689 0.812263 11
32 568.119 689000 0.0170493 0.170691 0.81226 18
32 568.953 690000 0.0170478 0.170694 0.812258 16
32 569.792 691000 0.0170478 0.170699 0.812253 17
32 570.6 692000 0.0170491 0.170689 0.812262 18
32 571.416 693000 0.0170447 0.17069 0.812266 14
32 572.255 694000 0.0170432 0.170696 0.812261 16
32 573.072 695000 0.0170331 0.170702 0.812265 10
32 573.901 696000 0.017033 0.170701 0.812266 17
32 574.744 697000 0.0170201 0.17072 0.81226 8
32 575.609 698000 0.0170115 0.170739 0.812249 11
32 576.456 699000 0.0170014 0.170755 0.812243 10
32 577.286 700000 0.0169957 0.170761 0.812243 13
32 578.125 701000 0.0169957 0.170765 0.81224 17
32 578.941 702000 0.0169843 0.170772 0.812244 9
32 579.758 703000 0.0169787 0.170774 0.812248 13
32 580.588 704000 0.0169759 0.170777 0.812247 15
32 581.435 705000 0.0169745 0.170784 0.812241 16
32 582.256 706000 0.0169773 0.17078 0.812242 19
32 583.09 707000 0.0169745 0.170784 0.812242 15
32 583.881 708000 0.0169718 0.170774 0.812254 15
32 584.684 709000 0.0169718 0.170767 0.812261 17
32 585.545 710000 0.0169648 0.170783 0.812252 12
32 586.375 711000 0.0169634 0.170785 0.812252 16
32 587.187 712000 0.0169593 0.170784 0.812257 14
32 588.021 713000 0.0169593 0.170785 0.812255 17
32 588.868 714000 0.0169496 0.170801 0.812249 10
32 589.69 715000 0.0169469 0.170801 0.812252 15
32 590.546 716000 0.0169427 0.170814 0.812243 14
32 591.362 717000 0.01694 0.170815 0.812245 15
32 592.188 718000 0.0169373 0.170815 0.812248 15
32 593 719000 0.0169291 0.170818 0.812253 11
32 593.852 720000 0.0169292 0.170825 0.812246 17
32 594.681 721000 0.016939 0.170816 0.812245 24
32 595.485 722000 0.0169363 0.17081 0.812253 15
32 596.28 723000 0.0169419 0.170794 0.812264 21
32 597.132 724000 0.0169309 0.170812 0.812257 9
32 597.974 725000 0.016931 0.170818 0.812251 17
32 598.809 726000 0.0169298 0.17082 0.812251 16
32 599.625 727000 0.0169298 0.170816 0.812254 17
32 600.473 728000 0.016919 0.170832 0.812249 9
32 601.324 729000 0.0169108 0.170848 0.812241 11
32 602.158 730000 0.0169041 0.170858 0.812238 12
32 602.971 731000 0.016907 0.170848 0.812245 19
32 603.788 732000 0.016918 0.170833 0.812249 25
32 604.63 733000 0.0169141 0.170842 0.812244 14
32 605.447 734000 0.0169223 0.17083 0.812248 23
32 606.246 735000 0.0169347 0.170808 0.812257 26
32 607.024 736000 0.016947 0.170781 0.812272 26
32 607.814 737000 0.0169512 0.170765 0.812284 20
32 608.683 738000 0.0169444 0.170783 0.812272 12
32 609.478 739000 0.0169513 0.170766 0.812283 22
32 610.317 740000 0.0169595 0.170761 0.81228 23
32 611.134 741000 0.0169609 0.170756 0.812283 18
32 611.981 742000 0.0169609 0.170763 0.812276 17
32 612.876 743000 0.0169556 0.170787 0.812257 13
32 613.662 744000 0.0169556 0.170774 0.81227 17
32 614.47 745000 0.0169557 0.170769 0.812275 17
32 615.313 746000 0.0169558 0.170772 0.812272 17
32 616.16 747000 0.0169558 0.170778 0.812266 17
32 616.96 748000 0.0169719 0.170753 0.812275 29
32 617.728 749000 0.0169786 0.170728 0.812294 22
32 618.584 750000 0.0169707 0.170744 0.812285 11
32 619.423 751000 0.016968 0.17075 0.812282 15
32 620.248 752000 0.0169668 0.170751 0.812282 16
32 621.056 753000 0.0169681 0.170742 0.81229 18
32 621.904 754000 0.0169708 0.170745 0.812284 19
32 622.694 755000 0.0169748 0.17073 0.812295 20
32 623.493 756000 0.0169749 0.170721 0.812304 17
32 624.362 757000 0.0169723 0.170736 0.812292 15
32 625.17 758000 0.0169736 0.170728 0.812298 18
32 625.991 759000 0.0169776 0.170723 0.812299 20
32 626.799 760000 0.016975 0.170718 0.812307 15
32 627.655 761000 0.0169724 0.170729 0.812298 15
32 628.494 762000 0.0169724 0.170732 0.812295 17
32 629.315 763000 0.0169738 0.170729 0.812298 18
32 630.119 764000 0.0169699 0.170725 0.812305 14
32 630.962 765000 0.0169725 0.170727 0.812301 19
32 631.765 766000 0.0169778 0.170714 0.812308 21
32 632.604 767000 0.0169765 0.170718 0.812305 16
32 633.442 768000 0.0169753 0.170723 0.812302 16
32 634.259 769000 0.0169766 0.170718 0.812306 18
32 635.102 770000 0.0169818 0.170717 0.812301 21
32 635.906 771000 0.0169728 0.170719 0.812309 10
32 636.731 772000 0.0169767 0.170714 0.81231 20
32 637.596 773000 0.0169651 0.170736 0.812299 8
32 638.447 774000 0.0169651 0.170744 0.812291 17
32 639.264 775000 0.0169716 0.170733 0.812295 22
32 640.068 776000 0.0169755 0.170722 0.812303 20
32 640.867 777000 0.0169833 0.170705 0.812311 23
32 641.688 778000 0.0169871 0.170701 0.812312 20
32 642.479 779000 0.0169872 0.170688 0.812325 17
32 643.295 780000 0.016991 0.170681 0.812328 20
32 644.129 781000 0.0169898 0.170684 0.812327 16
32 644.942 782000 0.0169808 0.170688 0.812331 10
32 645.785 783000 0.0169834 0.17069 0.812327 19
32 646.562 784000 0.0169911 0.170668 0.812341 23
32 647.396 785000 0.0169949 0.170665 0.81234 20
32 648.23 786000 0.0170025 0.170659 0.812338 23
32 649.06 787000 0.0169949 0.170667 0.812338 11
32 649.868 788000 0.0169898 0.170666 0.812344 13
32 650.676 789000 0.0169937 0.170658 0.812349 20
32 651.467 790000 0.0170051 0.170634 0.812361 26
32 652.318 791000 0.0170076 0.170638 0.812354 19
32 653.152 792000 0.0170076 0.17064 0.812352 17
32 653.956 793000 0.017005 0.170636 0.812359 15
32 654.782 794000 0.0169975 0.170642 0.81236 11
32 655.651 795000 0.0169975 0.170654 0.812348 17
32 656.459 796000 0.0169887 0.170657 0.812354 10
32 657.288 797000 0.0169862 0.17066 0.812354 15
32 658.083 798000 0.0169912 0.170647 0.812362 21
32 658.913 799000 0.0169837 0.170655 0.812362 11
32 659.765 800000 0.0169775 0.170666 0.812356 12
32 660.595 801000 0.0169725 0.170672 0.812356 13
32 661.416 802000 0.0169788 0.170663 0.812358 22
32 662.224 803000 0.0169738 0.170664 0.812362 13
32 663.071 804000 0.0169764 0.170667 0.812357 19
32 663.905 805000 0.0169727 0.170671 0.812357 14
32 664.735 806000 0.0169677 0.170677 0.812355 13
32 665.604 807000 0.0169591 0.170696 0.812344 10
32 666.408 808000 0.016953 0.170696 0.812351 12
32 667.237 809000 0.0169555 0.170693 0.812351 19
32 668.098 810000 0.0169469 0.170711 0.812342 10
32 668.945 811000 0.0169371 0.170726 0.812337 9
32 669.779 812000 0.0169347 0.17073 0.812335 15
32 670.618 813000 0.0169262 0.170742 0.812332 10
32 671.456 814000 0.0169263 0.170744 0.812329 17
32 672.247 815000 0.0169325 0.170728 0.81234 22
32 673.029 816000 0.0169436 0.170703 0.812353 26
32 673.837 817000 0.0169523 0.17069 0.812357 24
32 674.649 818000 0.0169474 0.170689 0.812363 13
32 675.487 819000 0.0169499 0.17069 0.81236 19
32 676.313 820000 0.0169488 0.17069 0.812361 16
32 677.178 821000 0.0169513 0.170698 0.812351 19
32 677.986 822000 0.0169477 0.170696 0.812356 14
32 678.789 823000 0.0169478 0.170689 0.812363 17
32 679.584 824000 0.0169551 0.170672 0.812373 23
32 680.436 825000 0.0169539 0.17068 0.812366 16
32 681.27 826000 0.0169528 0.170683 0.812364 16
32 682.126 827000 0.0169468 0.170696 0.812357 12
32 682.93 828000 0.0169444 0.170693 0.812362 15
32 683.772 829000 0.0169433 0.170697 0.812359 16
32 684.611 830000 0.0169446 0.170699 0.812357 18
32 685.441 831000 0.0169434 0.170702 0.812355 16
32 686.266 832000 0.0169507 0.170692 0.812357 23
32 687.1 833000 0.0169496 0.170695 0.812355 16
32 687.952 834000 0.0169448 0.170706 0.812349 13
32 688.795 835000 0.0169485 0.170707 0.812345 20
32 689.585 836000 0.0169486 0.170696 0.812355 17
32 690.389 837000 0.0169594 0.17068 0.812361 26
32 691.223 838000 0.0169606 0.170679 0.81236 18
32 692.071 839000 0.0169607 0.170684 0.812355 17
32 692.878 840000 0.0169643 0.170675 0.812361 20
32 693.717 841000 0.0169608 0.170681 0.812358 14
32 694.542 842000 0.0169537 0.170688 0.812359 11
32 695.364 843000 0.0169526 0.170687 0.812361 16
32 696.202 844000 0.016955 0.170687 0.812358 19
32 697.001 845000 0.0169598 0.170675 0.812366 21
32 697.836 846000 0.0169551 0.170682 0.812363 13
32 698.7 847000 0.0169575 0.170689 0.812353 19
32 699.526 848000 0.0169599 0.170685 0.812355 19
32 700.356 849000 0.0169682 0.170677 0.812355 24
32 701.172 850000 0.0169682 0.170674 0.812358 17
32 702.019 851000 0.0169636 0.170684 0.812353 13
32 702.867 852000 0.0169648 0.170688 0.812347 18
32 703.697 853000 0.0169543 0.1707 0.812346 8
32 704.5 854000 0.0169578 0.170689 0.812354 20
32 705.33 855000 0.0169661 0.170681 0.812353 24
32 706.138 856000 0.0169661 0.170675 0.812359 17
32 706.981 857000 0.0169592 0.170686 0.812355 11
32 707.837 858000 0.0169522 0.1707 0.812347 11
32 708.689 859000 0.0169476 0.170711 0.812341 13
32 709.483 860000 0.0169465 0.170703 0.81235 16
32 710.335 861000 0.0169489 0.170707 0.812344 19
32 711.152 862000 0.016942 0.170712 0.812346 11
32 711.96 863000 0.0169502 0.170698 0.812352 24
32 712.776 864000 0.0169491 0.170697 0.812354 16
32 713.637 865000 0.0169457 0.170708 0.812347 14
32 714.488 866000 0.0169434 0.170716 0.812341 15
32 715.314 867000 0.0169446 0.170715 0.81234 18
32 716.122 868000 0.0169435 0.170711 0.812346 16
32 716.952 869000 0.0169436 0.170711 0.812345 17
32 717.764 870000 0.0169391 0.17071 0.812351 13
32 718.585 871000 0.0169403 0.170707 0.812352 18
32 719.411 872000 0.0169415 0.170705 0.812353 18
32 720.232 873000 0.016945 0.1707 0.812355 20
32 721.044 874000 0.0169519 0.170689 0.812359 23
32 721.821 875000 0.0169531 0.170675 0.812371 18
32 722.669 876000 0.0169555 0.170677 0.812368 19
32 723.507 877000 0.0169544 0.170681 0.812365 16
32 724.302 878000 0.0169544 0.170673 0.812372 17
32 725.119 879000 0.0169511 0.170672 0.812377 14
32 725.97 880000 0.0169489 0.170681 0.81237 15
32 726.791 881000 0.0169444 0.170683 0.812372 13
32 727.639 882000 0.0169433 0.170689 0.812367 16
32 728.447 883000 0.0169388 0.170689 0.812373 13
32 729.294 884000 0.0169378 0.170696 0.812367 16
32 730.133 885000 0.0169401 0.170695 0.812365 19
32 730.975 886000 0.0169357 0.170703 0.812361 13
32 731.77 887000 0.0169346 0.170696 0.81237 16
32 732.583 888000 0.0169403 0.170686 0.812374 22
32 733.395 889000 0.0169449 0.170677 0.812378 21
32 734.234 890000 0.0169416 0.170683 0.812375 14
32 735.068 891000 0.0169405 0.170687 0.812373 16
32 735.919 892000 0.0169361 0.170697 0.812367 13
32 736.714 893000 0.0169474 0.170676 0.812376 27
32 737.531 894000 0.0169497 0.170671 0.812379 19
32 738.343 895000 0.0169575 0.17066 0.812382 24
32 739.156 896000 0.0169598 0.170654 0.812386 19
32 739.977 897000 0.0169643 0.170647 0.812389 21
32 740.745 898000 0.0169644 0.170633 0.812403 17
32 741.562 899000 0.0169711 0.170622 0.812407 23
32 742.401 900000 0.0169622 0.170633 0.812404 9
32 743.23 901000 0.0169578 0.170638 0.812404 13
32 744.056 902000 0.0169557 0.17064 0.812405 15
32 744.829 903000 0.0169657 0.170617 0.812417 26
32 745.637 904000 0.0169701 0.170606 0.812424 21
32 746.467 905000 0.0169746 0.170603 0.812422 21
32 747.297 906000 0.0169834 0.170594 0.812423 25
32 748.096 907000 0.0169768 0.170593 0.81243 11
32 748.939 908000 0.016978 0.170596 0.812426 18
32 749.764 909000 0.016978 0.170595 0.812427 17
32 750.607 910000 0.0169824 0.170595 0.812423 21
32 751.398 911000 0.0169824 0.170585 0.812432 17
32 752.201 912000 0.0169846 0.170578 0.812438 19
32 752.957 913000 0.0169934 0.17055 0.812457 25
32 753.795 914000 0.0169967 0.17055 0.812453 20
32 754.568 915000 0.017 0.170532 0.812468 20
32 755.376 916000 0.0170011 0.170526 0.812473 18
32 756.241 917000 0.0169989 0.170538 0.812463 15
32 757.088 918000 0.0170044 0.170537 0.812459 22
32 757.892 919000 0.017 0.170535 0.812465 13
32 758.717 920000 0.017 0.170535 0.812465 17
32 759.547 921000 0.0169989 0.170536 0.812465 16
32 760.386 922000 0.0170022 0.170536 0.812462 20
32 761.237 923000 0.0170011 0.170543 0.812456 16
32 762.063 924000 0.0169989 0.170544 0.812457 15
32 762.897 925000 0.0169946 0.17055 0.812455 13
32 763.744 926000 0.0169914 0.170558 0.81245 14
32 764.557 927000 0.0169968 0.170549 0.812454 22
32 765.36 928000 0.0170011 0.17054 0.812459 21
32 766.159 929000 0.0170075 0.170526 0.812466 23
32 766.989 930000 0.0170032 0.170531 0.812466 13
32 767.837 931000 0.0170021 0.170536 0.812462 16
32 768.614 932000 0.0170075 0.170518 0.812474 22
32 769.439 933000 0.0170107 0.170514 0.812475 20
32 770.226 934000 0.0170128 0.170502 0.812485 19
32 771.047 935000 0.0170128 0.170501 0.812487 17
32 771.868 936000 0.0170085 0.170503 0.812488 13
32 772.728 937000 0.0170117 0.170509 0.812479 20
32 773.532 938000 0.0170117 0.170502 0.812486 17
32 774.292 939000 0.0170106 0.170487 0.812503 16
32 775.126 940000 0.017017 0.170482 0.812501 23
32 775.96 941000 0.0170159 0.170485 0.812499 16
32 776.781 942000 0.0170096 0.170489 0.812501 11
32 777.611 943000 0.0170117 0.170488 0.812501 19
32 778.428 944000 0.0170085 0.170488 0.812503 14
32 779.236 945000 0.0170127 0.170479 0.812508 21
32 780.052 946000 0.0170095 0.170481 0.81251 14
32 780.917 947000 0.0170084 0.17049 0.812502 16
32 781.751 948000 0.017 0.1705 0.8125 9
32 782.585 949000 0.0169979 0.170504 0.812498 15
32 783.398 950000 0.0169958 0.170502 0.812502 15
32 784.236 951000 0.0169979 0.170503 0.812499 19
32 785.079 952000 0.0170011 0.170503 0.812496 20
32 785.891 953000 0.0169948 0.170506 0.812499 11
32 786.704 954000 0.0169969 0.1705 0.812503 19
32 787.512 955000 0.0169948 0.170497 0.812508 15
32 788.342 956000 0.0169948 0.170498 0.812507 17
32 789.158 957000 0.017001 0.170489 0.81251 23
32 789.966 958000 0.0170031 0.170482 0.812515 19
32 790.783 959000 0.0170042 0.17048 0.812516 18
32 791.6 960000 0.0170073 0.170473 0.81252 20
32 792.421 961000 0.0170042 0.170475 0.812521 14
32 793.251 962000 0.0170021 0.170477 0.812521 15
32 794.076 963000 0.0169927 0.170486 0.812521 8
32 794.901 964000 0.0169927 0.170487 0.812521 17
32 795.753 965000 0.0169927 0.170491 0.812516 17
32 796.552 966000 0.0169938 0.170483 0.812523 18
32 797.339 967000 0.016999 0.170468 0.812533 22
32 798.142 968000 0.0170052 0.170457 0.812538 23
32 798.963 969000 0.0170021 0.170458 0.81254 14
32 799.81 970000 0.0169969 0.170468 0.812535 12
32 800.662 971000 0.0169949 0.170476 0.812529 15
32 801.461 972000 0.017001 0.170463 0.812536 23
32 802.269 973000 0.017001 0.170458 0.812541 17
32 803.099 974000 0.017001 0.170459 0.81254 17
32 803.894 975000 0.017 0.170452 0.812548 16
32 804.737 976000 0.016999 0.170457 0.812544 16
32 805.549 977000 0.016998 0.170454 0.812548 16
32 806.366 978000 0.0170061 0.170444 0.81255 25
32 807.122 979000 0.0170163 0.170417 0.812567 27
32 807.96 980000 0.0170163 0.17042 0.812563 17
32 808.799 981000 0.0170163 0.170422 0.812562 17
32 809.598 982000 0.0170163 0.170416 0.812567 17
32 810.419 983000 0.0170153 0.170415 0.81257 16
32 811.227 984000 0.0170183 0.170408 0.812574 20
32 812.052 985000 0.0170162 0.17041 0.812574 15
32 812.895 986000 0.0170132 0.170416 0.812571 14
32 813.734 987000 0.0170132 0.170418 0.812568 17
32 814.559 988000 0.0170121 0.170419 0.812569 16
32 815.38 989000 0.0170142 0.170416 0.81257 19
32 816.193 990000 0.0170162 0.170411 0.812573 19
32 817.005 991000 0.0170212 0.170402 0.812577 22
32 817.826 992000 0.0170161 0.170405 0.812579 12
32 818.66 993000 0.0170121 0.170411 0.812577 13
32 819.481 994000 0.0170171 0.170405 0.812577 22
32 820.329 995000 0.0170151 0.170411 0.812574 15
32 821.132 996000 0.01701 0.170411 0.812579 12
32 821.988 997000 0.017007 0.17042 0.812573 14
32 822.792 998000 0.017004 0.170418 0.812578 14
32 823.635 999000 0.017001 0.170424 0.812575 14
32 824.504 1e+06 0.016992 0.170443 0.812565 8
32 825.338 1.001e+06 0.016986 0.170451 0.812563 11
32 826.137 1.002e+06 0.016989 0.170441 0.81257 20
32 826.954 1.003e+06 0.016987 0.170441 0.812572 15
32 827.779 1.004e+06 0.0169851 0.170442 0.812573 15
32 828.627 1.005e+06 0.016991 0.170441 0.812568 23
32 829.409 1.006e+06 0.017003 0.170418 0.812579 29
32 830.199 1.007e+06 0.016999 0.170414 0.812587 13
32 831.029 1.008e+06 0.016997 0.170418 0.812585 15
32 831.863 1.009e+06 0.016999 0.170416 0.812585 19
32 832.706 1.01e+06 0.0169921 0.170427 0.812581 10
32 833.523 1.011e+06 0.016996 0.170421 0.812583 21
32 834.361 1.012e+06 0.0169931 0.170426 0.812581 14
32 835.178 1.013e+06 0.0169872 0.17043 0.812582 11
32 835.99 1.014e+06 0.0169892 0.170424 0.812587 19
32 836.816 1.015e+06 0.0169862 0.170427 0.812587 14
32 837.654 1.016e+06 0.0169892 0.170426 0.812585 20
32 838.449 1.017e+06 0.0169902 0.170418 0.812592 18
32 839.288 1.018e+06 0.0169862 0.170424 0.812589 13
32 840.117 1.019e+06 0.0169863 0.170425 0.812589 17
32 840.943 1.02e+06 0.0169814 0.170429 0.812589 12
32 841.812 1.021e+06 0.0169726 0.170449 0.812579 8
32 842.651 1.022e+06 0.0169706 0.170453 0.812576 15
32 843.437 1.023e+06 0.0169765 0.170437 0.812587 23
32 844.284 1.024e+06 0.0169756 0.170442 0.812582 16
32 845.144 1.025e+06 0.0169678 0.170458 0.812575 9
32 846.013 1.026e+06 0.0169571 0.170478 0.812565 6
32 846.826 1.027e+06 0.0169533 0.170478 0.812569 13
32 847.642 1.028e+06 0.0169523 0.170478 0.81257 16
32 848.472 1.029e+06 0.0169534 0.170477 0.812569 18
32 849.298 1.03e+06 0.0169515 0.170479 0.81257 15
32 850.154 1.031e+06 0.0169476 0.170488 0.812565 13
32 850.984 1.032e+06 0.0169486 0.170487 0.812564 18
32 851.818 1.033e+06 0.0169409 0.170497 0.812562 9
32 852.661 1.034e+06 0.016941 0.1705 0.812559 17
32 853.499 1.035e+06 0.0169401 0.170503 0.812557 16
32 854.342 1.036e+06 0.0169402 0.170507 0.812553 17
32 855.159 1.037e+06 0.0169431 0.170501 0.812555 20
32 855.989 1.038e+06 0.0169403 0.170506 0.812554 14
32 856.788 1.039e+06 0.0169403 0.170499 0.812561 17
32 857.644 1.04e+06 0.0169346 0.170511 0.812555 11
32 858.474 1.041e+06 0.0169376 0.170508 0.812554 20
32 859.29 1.042e+06 0.0169347 0.170509 0.812557 14
32 860.116 1.043e+06 0.0169358 0.170507 0.812557 18
32 860.928 1.044e+06 0.0169387 0.170502 0.812559 20
32 861.736 1.045e+06 0.0169407 0.170495 0.812565 19
32 862.562 1.046e+06 0.0169426 0.170493 0.812564 19
32 863.387 1.047e+06 0.0169389 0.170496 0.812565 13
32 864.212 1.048e+06 0.0169351 0.1705 0.812565 13
32 865.012 1.049e+06 0.0169371 0.170492 0.812571 19
32 865.859 1.05e+06 0.0169371 0.170495 0.812568 17
32 866.684 1.051e+06 0.0169363 0.170496 0.812568 16
32 867.505 1.052e+06 0.0169363 0.170494 0.812569 17
32 868.344 1.053e+06 0.0169316 0.170502 0.812566 12
32 869.126 1.054e+06 0.0169374 0.170486 0.812577 23
32 869.921 1.055e+06 0.016945 0.170471 0.812584 25
32 870.742 1.056e+06 0.0169489 0.170466 0.812585 21
32 871.598 1.057e+06 0.0169451 0.170476 0.812579 13
32 872.419 1.058e+06 0.0169433 0.170476 0.81258 15
32 873.275 1.059e+06 0.0169405 0.170485 0.812574 14
32 874.087 1.06e+06 0.0169434 0.170479 0.812577 20
32 874.882 1.061e+06 0.0169453 0.17047 0.812584 19
32 875.703 1.062e+06 0.0169463 0.170468 0.812586 18
32 876.542 1.063e+06 0.0169417 0.170475 0.812583 12
32 877.411 1.064e+06 0.016937 0.170489 0.812574 12
32 878.249 1.065e+06 0.0169362 0.170492 0.812572 16
32 879.057 1.066e+06 0.0169381 0.170487 0.812575 19
32 879.891 1.067e+06 0.0169353 0.17049 0.812575 14
32 880.682 1.068e+06 0.0169401 0.170478 0.812581 22
32 881.529 1.069e+06 0.0169355 0.170486 0.812578 12
32 882.42 1.07e+06 0.0169327 0.170503 0.812564 14
32 883.211 1.071e+06 0.0169346 0.170493 0.812572 19
32 884.01 1.072e+06 0.0169384 0.170483 0.812578 21
32 884.822 1.073e+06 0.0169385 0.17048 0.812582 17
32 885.639 1.074e+06 0.0169358 0.17048 0.812584 14
32 886.486 1.075e+06 0.0169377 0.170483 0.81258 19
32 887.312 1.076e+06 0.016934 0.170486 0.81258 13
32 888.155 1.077e+06 0.0169331 0.17049 0.812577 16
32 889.006 1.078e+06 0.0169314 0.170498 0.812571 15
32 889.81 1.079e+06 0.0169351 0.170488 0.812576 21
32 890.648 1.08e+06 0.0169343 0.170493 0.812573 16
32 891.487 1.081e+06 0.0169315 0.170498 0.812571 14
32 892.33 1.082e+06 0.016927 0.170505 0.812568 12
32 893.181 1.083e+06 0.0169289 0.170508 0.812563 19
32 893.994 1.084e+06 0.0169327 0.170502 0.812565 21
32 894.78 1.085e+06 0.0169336 0.170491 0.812575 18
32 895.623 1.086e+06 0.01693 0.170498 0.812572 13
32 896.444 1.087e+06 0.0169292 0.170498 0.812573 16
32 897.256 1.088e+06 0.0169246 0.1705 0.812575 12
32 898.082 1.089e+06 0.0169284 0.170495 0.812577 21
32 898.907 1.09e+06 0.0169239 0.170499 0.812577 12
32 899.75 1.091e+06 0.0169203 0.170506 0.812574 13
32 900.541 1.092e+06 0.0169277 0.170491 0.812582 25
32 901.366 1.093e+06 0.0169305 0.170488 0.812582 20
32 902.17 1.094e+06 0.0169305 0.170483 0.812587 17
32 902.969 1.095e+06 0.0169324 0.170475 0.812593 19
32 903.816 1.096e+06 0.0169361 0.170476 0.812588 21
32 904.637 1.097e+06 0.0169335 0.170477 0.81259 14
32 905.48 1.098e+06 0.0169271 0.170486 0.812587 10
32 906.314 1.099e+06 0.0169217 0.170493 0.812585 11
32 907.131 1.1e+06 0.0169218 0.170492 0.812586 17
32 907.983 1.101e+06 0.0169246 0.170493 0.812582 20
32 908.743 1.102e+06 0.0169328 0.170471 0.812596 26
32 909.533 1.103e+06 0.0169383 0.170458 0.812604 23
32 910.341 1.104e+06 0.0169384 0.170454 0.812608 17
32 911.184 1.105e+06 0.0169357 0.17046 0.812605 14
32 912.005 1.106e+06 0.0169403 0.170455 0.812605 22
32 912.831 1.107e+06 0.016944 0.17045 0.812606 21
32 913.625 1.108e+06 0.0169468 0.17044 0.812613 20
32 914.455 1.109e+06 0.0169387 0.17045 0.812611 8
32 915.303 1.11e+06 0.0169369 0.170455 0.812608 15
32 916.15 1.111e+06 0.0169361 0.17046 0.812604 16
32 916.966 1.112e+06 0.0169424 0.170451 0.812606 24
32 917.796 1.113e+06 0.0169443 0.17045 0.812606 19
32 918.622 1.114e+06 0.0169408 0.170454 0.812605 13
32 919.438 1.115e+06 0.0169426 0.170449 0.812608 19
32 920.281 1.116e+06 0.0169337 0.170461 0.812605 7
32 921.181 1.117e+06 0.0169248 0.170485 0.81259 7
32 921.963 1.118e+06 0.0169284 0.170472 0.812599 21
32 922.775 1.119e+06 0.0169366 0.170462 0.812601 26
32 923.566 1.12e+06 0.0169402 0.17045 0.81261 21
32 924.395 1.121e+06 0.0169402 0.17045 0.812609 17
32 925.243 1.122e+06 0.0169394 0.170455 0.812605 16
32 926.059 1.123e+06 0.0169466 0.170446 0.812607 25
32 926.876 1.124e+06 0.0169448 0.170446 0.812609 15
32 927.71 1.125e+06 0.0169449 0.170447 0.812608 17
32 928.536 1.126e+06 0.016944 0.170448 0.812608 16
32 929.357 1.127e+06 0.0169423 0.170448 0.81261 15
32 930.191 1.128e+06 0.0169433 0.170449 0.812608 18
32 930.986 1.129e+06 0.016946 0.170439 0.812615 20
32 931.781 1.13e+06 0.0169513 0.170427 0.812621 23
32 932.576 1.131e+06 0.016954 0.170418 0.812628 20
32 933.397 1.132e+06 0.0169523 0.170419 0.812629 15
32 934.288 1.133e+06 0.0169488 0.170435 0.812616 13
32 935.096 1.134e+06 0.016948 0.170432 0.81262 16
32 935.934 1.135e+06 0.0169489 0.170433 0.812618 18
32 936.747 1.136e+06 0.0169533 0.170426 0.812621 22
32 937.572 1.137e+06 0.0169534 0.170426 0.812621 17
32 938.397 1.138e+06 0.0169569 0.170423 0.81262 21
32 939.223 1.139e+06 0.0169614 0.170418 0.812621 22
32 940.031 1.14e+06 0.0169693 0.170405 0.812625 26
32 940.808 1.141e+06 0.0169728 0.170392 0.812635 21
32 941.642 1.142e+06 0.0169694 0.170397 0.812634 13
32 942.485 1.143e+06 0.0169685 0.170401 0.812631 16
32 943.333 1.144e+06 0.0169659 0.170407 0.812627 14
32 944.127 1.145e+06 0.0169616 0.170405 0.812633 12
32 944.944 1.146e+06 0.0169599 0.170405 0.812635 15
32 945.761 1.147e+06 0.0169573 0.170405 0.812637 14
32 946.604 1.148e+06 0.0169495 0.170417 0.812633 8
32 947.442 1.149e+06 0.0169504 0.170419 0.812631 18
32 948.259 1.15e+06 0.0169513 0.170415 0.812634 18
32 949.085 1.151e+06 0.0169487 0.170417 0.812634 14
32 949.936 1.152e+06 0.0169453 0.170425 0.812629 13
32 950.757 1.153e+06 0.0169497 0.17042 0.812631 22
32 951.574 1.154e+06 0.0169506 0.170418 0.812632 18
32 952.399 1.155e+06 0.0169498 0.170417 0.812633 16
32 953.181 1.156e+06 0.016955 0.170403 0.812642 23
32 953.993 1.157e+06 0.0169559 0.170399 0.812645 18
32 954.819 1.158e+06 0.0169594 0.170396 0.812645 21
32 955.653 1.159e+06 0.016962 0.170395 0.812643 20
32 956.457 1.16e+06 0.0169647 0.170387 0.812648 20
32 957.273 1.161e+06 0.0169655 0.170384 0.81265 18
32 958.077 1.162e+06 0.016963 0.170382 0.812655 14
32 958.933 1.163e+06 0.0169656 0.170385 0.812649 20
32 959.776 1.164e+06 0.0169639 0.170391 0.812645 15
32 960.571 1.165e+06 0.0169657 0.170382 0.812652 19
32 961.405 1.166e+06 0.0169614 0.170388 0.812651 12
32 962.239 1.167e+06 0.0169589 0.170392 0.81265 14
32 963.069 1.168e+06 0.016958 0.170394 0.812648 16
32 963.938 1.169e+06 0.0169495 0.17041 0.812641 7
32 964.768 1.17e+06 0.0169487 0.170411 0.81264 16
32 965.624 1.171e+06 0.0169428 0.170423 0.812635 10
32 966.476 1.172e+06 0.016936 0.170434 0.81263 9
32 967.297 1.173e+06 0.0169301 0.17044 0.81263 10
32 968.14 1.174e+06 0.016931 0.170441 0.812628 18
32 968.961 1.175e+06 0.0169294 0.170442 0.812629 15
32 969.786 1.176e+06 0.0169269 0.170444 0.812629 14
32 970.611 1.177e+06 0.0169269 0.170444 0.81263 17
32 971.45 1.178e+06 0.016927 0.170446 0.812627 17
32 972.293 1.179e+06 0.016922 0.170454 0.812624 11
32 973.118 1.18e+06 0.016922 0.170453 0.812625 17
32 973.944 1.181e+06 0.0169229 0.170452 0.812625 18
32 974.765 1.182e+06 0.0169213 0.170453 0.812626 15
32 975.586 1.183e+06 0.0169222 0.170451 0.812627 18
32 976.398 1.184e+06 0.016924 0.170446 0.81263 19
32 977.206 1.185e+06 0.0169224 0.170444 0.812634 15
32 978.014 1.186e+06 0.0169216 0.170441 0.812637 16
32 978.853 1.187e+06 0.0169275 0.170437 0.812635 24
32 979.661 1.188e+06 0.0169259 0.170435 0.812639 15
32 980.53 1.189e+06 0.0169226 0.170447 0.812631 13
32 981.355 1.19e+06 0.0169235 0.170445 0.812631 18
32 982.19 1.191e+06 0.0169211 0.17045 0.812629 14
32 983.002 1.192e+06 0.016922 0.170445 0.812633 18
32 983.84 1.193e+06 0.0169153 0.170454 0.81263 9
32 984.705 1.194e+06 0.0169104 0.170467 0.812622 11
32 985.544 1.195e+06 0.0169096 0.170469 0.812621 16
32 986.36 1.196e+06 0.0169055 0.170472 0.812622 12
32 987.155 1.197e+06 0.0169048 0.170466 0.812629 16
32 987.968 1.198e+06 0.016909 0.170459 0.812632 22
32 988.806 1.199e+06 0.0169074 0.170463 0.81263 15
32 989.627 1.2e+06 0.0169075 0.170462 0.812631 17
32 990.44 1.201e+06 0.0169117 0.170455 0.812633 22
32 991.248 1.202e+06 0.016911 0.170452 0.812637 16
32 992.077 1.203e+06 0.0169127 0.170451 0.812637 19
32 992.894 1.204e+06 0.0169153 0.170447 0.812638 20
32 993.711 1.205e+06 0.0169228 0.170437 0.812641 26
32 994.527 1.206e+06 0.0169262 0.170431 0.812643 21
32 995.335 1.207e+06 0.0169229 0.170431 0.812646 13
32 996.157 1.208e+06 0.016923 0.17043 0.812647 17
32 996.995 1.209e+06 0.0169256 0.170429 0.812645 20
32 997.838 1.21e+06 0.0169223 0.170436 0.812642 13
32 998.646 1.211e+06 0.0169257 0.170429 0.812646 21
32 999.471 1.212e+06 0.0169233 0.170432 0.812645 14
