8 0.315719 1000 0.056 0.204 0.74
8 0.756527 2000 0.032 0.177 0.791
8 1.2243 3000 0.0233333 0.163333 0.813333
8 1.69235 4000 0.0185 0.154 0.8275
8 2.16103 5000 0.0156 0.1476 0.8368
8 2.6267 6000 0.0138333 0.142 0.844167
8 3.08319 7000 0.0127143 0.136714 0.850571
8 3.56203 8000 0.011625 0.133125 0.85525
8 4.04535 9000 0.0106667 0.130667 0.858667
8 4.50874 10000 0.0104 0.1275 0.8621
8 4.98087 11000 0.00963636 0.125636 0.864727
8 5.46364 12000 0.00916667 0.123917 0.866917
8 5.95726 13000 0.00861538 0.122769 0.868615
8 6.43343 14000 0.00842857 0.121214 0.870357
8 6.90522 15000 0.0082 0.119867 0.871933
8 7.37265 16000 0.008 0.118625 0.873375
8 7.84881 17000 0.00770588 0.117765 0.874529
8 8.32934 18000 0.0075 0.117 0.8755
8 8.81424 19000 0.00721053 0.116474 0.876316
8 9.2904 20000 0.0072 0.11565 0.87715
8 9.74473 21000 0.0072381 0.114619 0.878143
8 10.2165 22000 0.00713636 0.114 0.878864
8 10.7145 23000 0.00686957 0.11387 0.879261
8 11.195 24000 0.00683333 0.113375 0.879792
8 11.6756 25000 0.00672 0.113 0.88028
8 12.1517 26000 0.00665385 0.112577 0.880769
8 12.6497 27000 0.00655556 0.112444 0.881
8 13.1346 28000 0.00657143 0.112036 0.881393
8 13.6326 29000 0.00641379 0.111966 0.881621
8 14.1044 30000 0.0063 0.1117 0.882
8 14.5806 31000 0.00629032 0.111323 0.882387
8 15.0611 32000 0.0061875 0.111156 0.882656
8 15.5504 33000 0.00612121 0.11097 0.882909
8 16.0222 34000 0.006 0.110765 0.883235
8 16.4983 35000 0.00588571 0.1106 0.883514
8 16.9832 36000 0.00591667 0.110361 0.883722
8 17.4594 37000 0.00581081 0.110216 0.883973
8 17.9443 38000 0.00578947 0.110053 0.884158
8 18.4073 39000 0.00576923 0.109769 0.884462
8 18.8922 40000 0.005725 0.10965 0.884625
8 19.3597 41000 0.00568293 0.109439 0.884878
8 19.8358 42000 0.00566667 0.109262 0.885071
8 20.3251 43000 0.00560465 0.109209 0.885186
8 20.7838 44000 0.00563636 0.108909 0.885455
8 21.2687 45000 0.0056 0.108822 0.885578
8 21.7055 46000 0.00563043 0.108435 0.885935
8 22.1861 47000 0.00561702 0.108319 0.886064
8 22.6622 48000 0.00554167 0.10825 0.886208
8 23.1297 49000 0.0055102 0.108102 0.886388
8 23.5971 50000 0.00546 0.10798 0.88656
8 24.0863 51000 0.00539216 0.10798 0.886627
8 24.5843 52000 0.00532692 0.108019 0.886654
8 25.0823 53000 0.00522642 0.108094 0.886679
8 25.541 54000 0.00522222 0.107907 0.88687
8 26.0085 55000 0.00521818 0.107764 0.887018
8 26.4846 56000 0.00516071 0.107714 0.887125
8 26.9651 57000 0.00514035 0.107649 0.887211
8 27.4457 58000 0.00508621 0.107621 0.887293
8 27.9306 59000 0.0050678 0.107576 0.887356
8 28.4067 60000 0.0051 0.10745 0.88745
8 28.8829 61000 0.00503279 0.107426 0.887541
8 29.3591 62000 0.005 0.107371 0.887629
8 29.8352 63000 0.00501587 0.10727 0.887714
8 30.307 64000 0.00496875 0.107219 0.887813
8 30.7919 65000 0.00495385 0.107185 0.887862
8 31.2768 66000 0.00492424 0.107167 0.887909
8 31.7748 67000 0.00486567 0.107224 0.88791
8 32.2597 68000 0.00482353 0.107235 0.887941
8 32.7533 69000 0.00484058 0.107188 0.887971
8 33.2164 70000 0.0048 0.107114 0.888086
8 33.7144 71000 0.00476056 0.107155 0.888085
8 34.2036 72000 0.00473611 0.107153 0.888111
8 34.6798 73000 0.00469863 0.107123 0.888178
8 35.1429 74000 0.00471622 0.107 0.888284
8 35.619 75000 0.00472 0.106933 0.888347
8 36.0908 76000 0.00471053 0.106868 0.888421
8 36.5932 77000 0.00467532 0.106922 0.888403
8 37.0562 78000 0.00466667 0.106833 0.8885
8 37.5542 79000 0.00463291 0.106873 0.888494
8 38.026 80000 0.0046 0.106838 0.888563
8 38.5109 81000 0.00460494 0.106802 0.888593
8 39.0045 82000 0.00459756 0.106805 0.888598
8 39.4851 83000 0.00456627 0.106795 0.888639
8 39.9612 84000 0.00457143 0.106738 0.88869
8 40.4418 85000 0.00455294 0.106729 0.888718
8 40.9223 86000 0.00455814 0.106674 0.888767
8 41.3897 87000 0.00456322 0.106598 0.888839
8 41.8528 88000 0.00455682 0.106534 0.888909
8 42.3377 89000 0.00457303 0.106483 0.888944
8 42.8138 90000 0.00456667 0.106444 0.888989
8 43.2944 91000 0.00454945 0.106429 0.889022
8 43.7749 92000 0.00451087 0.106435 0.889054
8 44.2685 93000 0.00449462 0.106452 0.889054
8 44.7491 94000 0.00447872 0.106447 0.889074
8 45.199 95000 0.00451579 0.106295 0.889189
8 45.6926 96000 0.00452083 0.106292 0.889188
8 46.1819 97000 0.00448454 0.10632 0.889196
8 46.6712 98000 0.0045 0.106296 0.889204
8 47.1517 99000 0.00446465 0.106303 0.889232
8 47.6279 100000 0.00446 0.10627 0.88927
8 48.1127 101000 0.00449505 0.106218 0.889287
8 48.5802 102000 0.0045 0.106157 0.889343
8 49.0476 103000 0.00449515 0.106107 0.889398
8 49.5369 104000 0.00449038 0.106106 0.889404
8 49.9868 105000 0.00450476 0.106 0.889495
8 50.463 106000 0.00451887 0.105953 0.889528
8 50.9261 107000 0.00453271 0.105879 0.889589
8 51.4197 108000 0.00450926 0.105917 0.889574
8 51.8915 109000 0.00452294 0.105853 0.889624
8 52.3676 110000 0.00453636 0.105809 0.889655
8 52.8394 111000 0.00451351 0.105793 0.889694
8 53.3374 112000 0.0045 0.10583 0.88967
8 53.8092 113000 0.00449558 0.105788 0.889717
8 54.2898 114000 0.0045 0.105763 0.889737
8 54.7659 115000 0.00450435 0.10573 0.889765
8 55.2508 116000 0.0045 0.105724 0.889776
8 55.7182 117000 0.00449573 0.105684 0.889821
8 56.1857 118000 0.0045 0.105636 0.889864
8 56.6837 119000 0.00448739 0.105664 0.889849
8 57.1511 120000 0.0045 0.105608 0.889892
8 57.6273 121000 0.0045124 0.10557 0.889917
8 58.0947 122000 0.0044918 0.105549 0.889959
8 58.5796 123000 0.0045122 0.10552 0.889967
8 59.0601 124000 0.00449194 0.105524 0.889984
8 59.5494 125000 0.004488 0.105528 0.889984
8 60.0299 126000 0.00448413 0.105516 0.89
8 60.5104 127000 0.00449606 0.105488 0.890016
8 60.9822 128000 0.0045 0.105453 0.890047
8 61.4671 129000 0.00448062 0.105465 0.890054
8 61.952 130000 0.00448462 0.105454 0.890062
8 62.4238 131000 0.00448855 0.10542 0.890092
8 62.9218 132000 0.00446212 0.105462 0.890076
8 63.4198 133000 0.00442857 0.105511 0.89006
8 63.8916 134000 0.00443284 0.105478 0.89009
8 64.3634 135000 0.00442222 0.105459 0.890119
8 64.857 136000 0.00442647 0.105463 0.89011
8 65.3244 137000 0.00441606 0.105438 0.890146
8 65.805 138000 0.00442029 0.10542 0.890159
8 66.2899 139000 0.00441727 0.105417 0.890165
8 66.7573 140000 0.00441429 0.105386 0.8902
8 67.2422 141000 0.00439007 0.105404 0.890206
8 67.7358 142000 0.00438028 0.105423 0.890197
8 68.212 143000 0.00437063 0.105413 0.890217
8 68.6794 144000 0.00436806 0.105382 0.89025
8 69.1643 145000 0.00436552 0.105379 0.890255
8 69.6405 146000 0.00436301 0.105363 0.890274
8 70.1166 147000 0.00438095 0.105327 0.890293
8 70.6059 148000 0.00437162 0.105338 0.890291
8 71.0995 149000 0.00436242 0.105356 0.890282
8 71.58 150000 0.00434667 0.10536 0.890293
8 72.0562 151000 0.00433775 0.105351 0.890311
8 72.5149 152000 0.00435526 0.105289 0.890355
8 72.9867 153000 0.00435948 0.105268 0.890373
8 73.4716 154000 0.00437013 0.105247 0.890383
8 73.9696 155000 0.00436129 0.105277 0.890361
8 74.4457 156000 0.00435256 0.105263 0.890385
8 74.9437 157000 0.00433758 0.105293 0.890369
8 75.4112 158000 0.00432911 0.105272 0.890399
8 75.9048 159000 0.00433962 0.10527 0.89039
8 76.4028 160000 0.00431875 0.105306 0.890375
8 76.892 161000 0.00431056 0.105317 0.890373
8 77.3682 162000 0.0042963 0.105315 0.890389
8 77.8618 163000 0.00430061 0.105319 0.89038
8 78.3511 164000 0.00429878 0.105323 0.890378
8 78.8229 165000 0.00429697 0.105303 0.8904
8 79.2816 166000 0.0043012 0.105259 0.89044
8 79.7752 167000 0.00427545 0.105293 0.890431
8 80.2383 168000 0.00429167 0.105244 0.890464
8 80.7363 169000 0.00427219 0.105278 0.89045
8 81.195 170000 0.00428235 0.105235 0.890482
8 81.6537 171000 0.00429825 0.105175 0.890526
8 82.1298 172000 0.00430233 0.105163 0.890535
8 82.6191 173000 0.00428902 0.105173 0.890538
8 83.1127 174000 0.00428161 0.10519 0.890529
8 83.5845 175000 0.00429143 0.10516 0.890549
8 84.0738 176000 0.00428409 0.10517 0.890545
8 84.5281 177000 0.00427684 0.105136 0.890588
8 85.0174 178000 0.0042809 0.105135 0.890584
8 85.4848 179000 0.00427933 0.105112 0.890609
8 85.974 180000 0.00427222 0.105122 0.890606
8 86.4589 181000 0.00426519 0.105127 0.890608
8 86.9395 182000 0.00426374 0.105121 0.890615
8 87.3894 183000 0.00426776 0.105071 0.890661
8 87.8612 184000 0.00428804 0.105033 0.890679
8 88.3549 185000 0.00427568 0.105054 0.89067
8 88.8266 186000 0.00427957 0.105032 0.890688
8 89.2853 187000 0.00427807 0.105 0.890722
8 89.779 188000 0.00426596 0.105021 0.890713
8 90.2682 189000 0.00425926 0.105037 0.890704
8 90.7662 190000 0.00425789 0.105047 0.890695
8 91.2337 191000 0.00425654 0.105026 0.890717
8 91.7229 192000 0.00427083 0.105016 0.890714
8 92.2165 193000 0.00425907 0.105036 0.890705
8 92.6971 194000 0.00426289 0.105031 0.890706
8 93.1776 195000 0.00425641 0.105026 0.890718
8 93.6363 196000 0.0042602 0.104995 0.890745
8 94.1299 197000 0.00425888 0.105 0.890741
8 94.5973 198000 0.00426263 0.10498 0.890758
8 95.0822 199000 0.00425628 0.10498 0.890764
8 95.5628 200000 0.004255 0.104975 0.89077
8 96.052 201000 0.00424876 0.104985 0.890766
8 96.5195 202000 0.00425248 0.10496 0.890787
8 96.9956 203000 0.00424138 0.104961 0.890798
8 97.4892 204000 0.0042402 0.104971 0.890789
8 97.9741 205000 0.00423902 0.104971 0.89079
8 98.4459 206000 0.00423301 0.104961 0.890806
8 98.9352 207000 0.00423188 0.104966 0.890802
8 99.4026 208000 0.00424038 0.104938 0.890822
8 99.8875 209000 0.00423923 0.104938 0.890823
8 100.364 210000 0.00421905 0.104948 0.890833
8 100.849 211000 0.00421801 0.104948 0.890834
8 101.325 212000 0.00421698 0.104939 0.890844
8 101.792 213000 0.00422066 0.104915 0.890864
8 102.273 214000 0.00421963 0.104911 0.890869
8 102.753 215000 0.00421395 0.104912 0.890874
8 103.225 216000 0.00421759 0.104898 0.890884
8 103.688 217000 0.00423041 0.104857 0.890912
8 104.169 218000 0.00422477 0.104858 0.890917
8 104.649 219000 0.00422831 0.104849 0.890922
8 105.117 220000 0.00422727 0.104832 0.890941
8 105.601 221000 0.00422624 0.104833 0.890941
8 106.091 222000 0.00422072 0.104842 0.890937
8 106.571 223000 0.00420628 0.104852 0.890942
8 107.043 224000 0.00419643 0.104848 0.890955
8 107.532 225000 0.00418667 0.104862 0.890951
8 108.017 226000 0.00419469 0.104854 0.890951
8 108.493 227000 0.00418062 0.104863 0.890956
8 108.991 228000 0.00417105 0.104882 0.890947
8 109.481 229000 0.00416157 0.1049 0.890939
8 109.961 230000 0.00415652 0.1049 0.890943
8 110.459 231000 0.00414719 0.104918 0.890935
8 110.948 232000 0.00413793 0.104931 0.890931
8 111.429 233000 0.00414592 0.104918 0.890936
8 111.905 234000 0.00413675 0.104919 0.890944
8 112.39 235000 0.00415319 0.104902 0.890945
8 112.871 236000 0.00414407 0.104907 0.890949
8 113.355 237000 0.00415612 0.104895 0.890949
8 113.84 238000 0.00413866 0.104912 0.89095
8 114.308 239000 0.004159 0.104874 0.890967
8 114.788 240000 0.00415833 0.104875 0.890967
8 115.269 241000 0.00417427 0.104851 0.890975
8 115.736 242000 0.00418182 0.104831 0.890988
8 116.208 243000 0.00418107 0.104815 0.891004
8 116.693 244000 0.00418852 0.104807 0.891004
8 117.169 245000 0.00418776 0.104804 0.891008
8 117.663 246000 0.0041748 0.104825 0.891
8 118.148 247000 0.00417814 0.104818 0.891004
8 118.632 248000 0.00416532 0.104831 0.891004
8 119.122 249000 0.00415261 0.104847 0.891
8 119.594 250000 0.004156 0.104836 0.891008
8 120.074 251000 0.00416733 0.104817 0.891016
8 120.55 252000 0.00415873 0.104817 0.891024
8 121.035 253000 0.0041581 0.104818 0.891024
8 121.507 254000 0.00416142 0.104807 0.891031
8 122.009 255000 0.0041451 0.104835 0.89102
8 122.477 256000 0.00414844 0.104816 0.891035
8 122.944 257000 0.00414008 0.104809 0.891051
8 123.455 258000 0.00412791 0.104845 0.891027
8 123.949 259000 0.00411969 0.104861 0.891019
8 124.434 260000 0.00411154 0.104869 0.891019
8 124.91 261000 0.00410345 0.10487 0.891027
8 125.408 262000 0.0040916 0.104893 0.891015
8 125.888 263000 0.00408745 0.104894 0.891019
8 126.378 264000 0.00408333 0.104902 0.891015
8 126.867 265000 0.00408302 0.104906 0.891011
8 127.343 266000 0.00407895 0.104902 0.891019
8 127.806 267000 0.0040824 0.104884 0.891034
8 128.3 268000 0.00407836 0.104896 0.891026
8 128.798 269000 0.00407435 0.104907 0.891019
8 129.27 270000 0.00407778 0.104893 0.89103
8 129.75 271000 0.00406642 0.1049 0.891033
8 130.226 272000 0.00406985 0.10489 0.89104
8 130.707 273000 0.00407326 0.104883 0.891044
8 131.192 274000 0.00408029 0.104876 0.891044
8 131.677 275000 0.00407273 0.104884 0.891044
8 132.131 276000 0.00408333 0.104848 0.891069
8 132.563 277000 0.00410469 0.104783 0.891112
8 133.053 278000 0.00410072 0.104791 0.891108
8 133.494 279000 0.00411111 0.104746 0.891143
8 133.974 280000 0.00411786 0.104736 0.891146
8 134.468 281000 0.0041032 0.104758 0.891139
8 134.953 282000 0.00410993 0.104755 0.891135
8 135.42 283000 0.00410601 0.104742 0.891152
8 135.897 284000 0.00410563 0.104739 0.891155
8 136.386 285000 0.00409825 0.104747 0.891154
8 136.879 286000 0.00409091 0.104762 0.891147
8 137.364 287000 0.00409059 0.104763 0.891146
8 137.845 288000 0.00409028 0.10476 0.891149
8 138.325 289000 0.00408651 0.104761 0.891152
8 138.81 290000 0.00408621 0.104762 0.891152
8 139.3 291000 0.00408591 0.10477 0.891144
8 139.784 292000 0.00407534 0.104777 0.891147
8 140.278 293000 0.00407509 0.104785 0.89114
8 140.754 294000 0.00407143 0.104782 0.891146
8 141.222 295000 0.00406441 0.104776 0.891159
8 141.733 296000 0.00405405 0.104807 0.891139
8 142.226 297000 0.00405387 0.104818 0.891128
8 142.711 298000 0.00405034 0.104819 0.891131
8 143.166 299000 0.00405017 0.104796 0.891154
8 143.659 300000 0.00404333 0.10481 0.891147
8 144.157 301000 0.00404983 0.104814 0.891136
8 144.629 302000 0.00404967 0.104805 0.891146
8 145.105 303000 0.00405281 0.104795 0.891152
8 145.594 304000 0.00404605 0.104806 0.891148
8 146.062 305000 0.00405902 0.10478 0.891161
8 146.534 306000 0.00406536 0.104765 0.89117
8 147.014 307000 0.0040684 0.104759 0.891173
8 147.499 308000 0.00406494 0.104763 0.891172
8 147.98 309000 0.00406472 0.104761 0.891175
8 148.456 310000 0.00405806 0.104761 0.891181
8 148.923 311000 0.00407074 0.104736 0.891193
8 149.404 312000 0.00406731 0.10474 0.891192
8 149.88 313000 0.0040639 0.104735 0.891201
8 150.347 314000 0.00407006 0.104717 0.891213
8 150.828 315000 0.00407302 0.104714 0.891213
8 151.317 316000 0.00406329 0.104725 0.891212
8 151.815 317000 0.00405363 0.104744 0.891202
8 152.3 318000 0.00405031 0.104748 0.891201
8 152.785 319000 0.00404389 0.104759 0.891197
8 153.274 320000 0.00403437 0.104772 0.891194
8 153.755 321000 0.00403738 0.104763 0.891199
8 154.231 322000 0.00404348 0.104752 0.891205
8 154.716 323000 0.00403406 0.104762 0.891204
8 155.205 324000 0.00404012 0.104759 0.891201
8 155.672 325000 0.00403692 0.104751 0.891212
8 156.153 326000 0.00403681 0.104748 0.891215
8 156.633 327000 0.00404281 0.10474 0.891217
8 157.097 328000 0.00404573 0.104723 0.891232
8 157.56 329000 0.00405471 0.104699 0.891246
8 158.04 330000 0.00404545 0.104706 0.891248
8 158.508 331000 0.0040574 0.104683 0.89126
8 158.992 332000 0.00405422 0.104687 0.891259
8 159.473 333000 0.00406306 0.104676 0.891261
8 159.94 334000 0.00406287 0.104665 0.891272
8 160.417 335000 0.0040597 0.104666 0.891275
8 160.884 336000 0.0040625 0.104649 0.891289
8 161.351 337000 0.00405935 0.104641 0.8913
8 161.832 338000 0.00406213 0.104636 0.891302
8 162.313 339000 0.0040649 0.104631 0.891304
8 162.802 340000 0.00406471 0.104635 0.8913
8 163.295 341000 0.00406745 0.104639 0.891293
8 163.789 342000 0.00405848 0.104655 0.891287
8 164.274 343000 0.00405831 0.104656 0.891286
8 164.763 344000 0.00406395 0.104654 0.891282
8 165.218 345000 0.00406667 0.104632 0.891301
8 165.702 346000 0.00406358 0.104636 0.891301
8 166.183 347000 0.00406628 0.104631 0.891303
8 166.663 348000 0.00406322 0.104632 0.891305
8 167.131 349000 0.0040659 0.104619 0.891315
8 167.611 350000 0.00406571 0.104617 0.891317
8 168.114 351000 0.00405983 0.104635 0.891305
8 168.586 352000 0.0040625 0.104625 0.891312
8 169.07 353000 0.00405382 0.104635 0.891312
8 169.551 354000 0.00405085 0.104636 0.891314
8 170.053 355000 0.00404507 0.104656 0.891299
8 170.525 356000 0.00404494 0.104646 0.891309
8 170.975 357000 0.00404762 0.104625 0.891328
8 171.443 358000 0.00405028 0.104609 0.891341
8 171.958 359000 0.00404178 0.104638 0.89132
8 172.425 360000 0.00404167 0.104628 0.891331
8 172.91 361000 0.00403601 0.104634 0.89133
8 173.391 362000 0.00403591 0.104633 0.891331
8 173.893 363000 0.00403581 0.104645 0.89132
8 174.374 364000 0.00402473 0.104654 0.891321
8 174.854 365000 0.00401918 0.104658 0.891323
8 175.335 366000 0.00401093 0.104664 0.891325
8 175.815 367000 0.00401362 0.104659 0.891327
8 176.296 368000 0.00401087 0.10466 0.891329
8 176.781 369000 0.00400813 0.104664 0.891328
8 177.27 370000 0.0040027 0.104673 0.891324
8 177.772 371000 0.00399461 0.104693 0.891313
8 178.249 372000 0.00399194 0.104691 0.891317
8 178.729 373000 0.00398928 0.104692 0.891319
8 179.236 374000 0.00398128 0.104714 0.891305
8 179.716 375000 0.00397867 0.104715 0.891307
8 180.184 376000 0.00398138 0.104702 0.891316
8 180.66 377000 0.00397878 0.1047 0.891321
8 181.162 378000 0.00397619 0.104714 0.89131
8 181.643 379000 0.00397361 0.104718 0.891309
8 182.106 380000 0.00397368 0.104703 0.891324
8 182.591 381000 0.00397113 0.104706 0.891323
8 183.089 382000 0.00396073 0.104725 0.891314
8 183.556 383000 0.00396867 0.104708 0.891324
8 184.037 384000 0.00396615 0.104711 0.891323
8 184.526 385000 0.00396623 0.104712 0.891322
8 185.002 386000 0.00396891 0.104705 0.891326
8 185.491 387000 0.00396124 0.104716 0.891323
8 185.972 388000 0.00395619 0.104719 0.891325
8 186.448 389000 0.00395373 0.104717 0.891329
8 186.933 390000 0.00394872 0.104723 0.891328
8 187.435 391000 0.00394629 0.104737 0.891317
8 187.907 392000 0.00394643 0.10473 0.891324
8 188.401 393000 0.00393893 0.104743 0.891318
8 188.877 394000 0.00394162 0.104739 0.89132
8 189.375 395000 0.00393671 0.104749 0.891314
8 189.855 396000 0.00393687 0.104747 0.891316
8 190.349 397000 0.00393703 0.104753 0.89131
8 190.825 398000 0.00392965 0.104756 0.891314
8 191.284 399000 0.00393484 0.104737 0.891328
8 191.778 400000 0.00393 0.104747 0.891323
8 192.245 401000 0.00393516 0.104733 0.891332
8 192.73 402000 0.00393284 0.104736 0.891331
8 193.21 403000 0.00393052 0.104737 0.891333
8 193.7 404000 0.00392327 0.104748 0.891329
8 194.176 405000 0.00392346 0.104743 0.891333
8 194.639 406000 0.00392365 0.104732 0.891345
8 195.132 407000 0.00392383 0.104737 0.891339
8 195.6 408000 0.00392892 0.104723 0.891348
8 196.067 409000 0.00392665 0.104716 0.891357
8 196.557 410000 0.00392683 0.10472 0.891354
8 197.059 411000 0.00392944 0.104727 0.891343
8 197.535 412000 0.00393204 0.104721 0.891347
8 198.011 413000 0.00393462 0.104714 0.891351
8 198.492 414000 0.0039372 0.10471 0.891353
8 198.964 415000 0.00394458 0.104696 0.891359
8 199.422 416000 0.00394952 0.104678 0.891373
8 199.89 417000 0.00395923 0.104659 0.891381
8 200.366 418000 0.00395694 0.104658 0.891385
8 200.864 419000 0.00395465 0.104668 0.891377
8 201.336 420000 0.00395476 0.104662 0.891383
8 201.807 421000 0.00395724 0.104653 0.89139
8 202.275 422000 0.00395261 0.104649 0.891398
8 202.76 423000 0.00395745 0.104645 0.891397
8 203.223 424000 0.00395519 0.104637 0.891408
8 203.69 425000 0.00396 0.104624 0.891416
8 204.166 426000 0.00395775 0.104622 0.89142
8 204.664 427000 0.00396956 0.104618 0.891412
8 205.141 428000 0.00396495 0.104619 0.891416
8 205.634 429000 0.0039627 0.104627 0.89141
8 206.119 430000 0.00395349 0.104637 0.891409
8 206.613 431000 0.0039536 0.104643 0.891404
8 207.071 432000 0.00395602 0.104627 0.891417
8 207.574 433000 0.00395381 0.10464 0.891406
8 208.063 434000 0.00395392 0.104643 0.891403
8 208.535 435000 0.00394943 0.104641 0.891409
8 209.015 436000 0.00394266 0.104649 0.891408
8 209.513 437000 0.00394966 0.104648 0.891403
8 209.985 438000 0.00395434 0.104637 0.891409
8 210.466 439000 0.00394989 0.10464 0.89141
8 210.972 440000 0.00394318 0.104659 0.891398
8 211.453 441000 0.00393651 0.104664 0.891399
8 211.916 442000 0.00393891 0.104652 0.89141
8 212.366 443000 0.00394582 0.104628 0.891427
8 212.855 444000 0.00394144 0.104635 0.891423
8 213.349 445000 0.00393483 0.104647 0.891418
8 213.821 446000 0.00393498 0.104641 0.891424
8 214.297 447000 0.0039396 0.104633 0.891427
8 214.773 448000 0.0039375 0.104632 0.891431
8 215.275 449000 0.00393987 0.104639 0.891421
8 215.747 450000 0.00394222 0.104631 0.891427
8 216.223 451000 0.00393792 0.104632 0.89143
8 216.695 452000 0.00393363 0.104633 0.891434
8 217.202 453000 0.00393377 0.104642 0.891424
8 217.678 454000 0.00393833 0.104634 0.891427
8 218.163 455000 0.00393407 0.10464 0.891426
8 218.626 456000 0.00393421 0.104629 0.891436
8 219.098 457000 0.00393873 0.104621 0.89144
8 219.57 458000 0.00394323 0.104609 0.891448
8 220.037 459000 0.00394336 0.104601 0.891455
8 220.509 460000 0.00394565 0.104593 0.891461
8 221.002 461000 0.00394794 0.104597 0.891456
8 221.479 462000 0.00395671 0.104584 0.891459
8 221.95 463000 0.00395248 0.104583 0.891464
8 222.444 464000 0.00394828 0.104593 0.891459
8 222.925 465000 0.00395054 0.104589 0.89146
8 223.401 466000 0.00395494 0.104584 0.891461
8 223.881 467000 0.00395717 0.104578 0.891465
8 224.366 468000 0.00395299 0.104583 0.891464
8 224.864 469000 0.00394456 0.104599 0.891456
8 225.349 470000 0.00393617 0.104609 0.891455
8 225.83 471000 0.00393631 0.104607 0.891456
8 226.288 472000 0.0039428 0.104589 0.891468
8 226.756 473000 0.00394503 0.104579 0.891476
8 227.236 474000 0.00394937 0.104576 0.891475
8 227.73 475000 0.00394526 0.104583 0.891472
8 228.206 476000 0.00394118 0.104584 0.891475
8 228.695 477000 0.0039392 0.104589 0.891472
8 229.184 478000 0.00393515 0.104596 0.891469
8 229.682 479000 0.00393319 0.104605 0.891461
8 230.167 480000 0.00393125 0.104608 0.89146
8 230.639 481000 0.00392723 0.104607 0.891466
8 231.142 482000 0.00391909 0.104624 0.891456
8 231.613 483000 0.00392961 0.104609 0.891462
8 232.055 484000 0.00393182 0.104587 0.891481
8 232.531 485000 0.00393196 0.104584 0.891485
8 232.994 486000 0.00394033 0.104566 0.891494
8 233.452 487000 0.00394251 0.104552 0.891505
8 233.95 488000 0.00394057 0.104561 0.891498
8 234.44 489000 0.00393661 0.104569 0.891495
8 234.912 490000 0.00394082 0.104559 0.8915
8 235.401 491000 0.00393686 0.104566 0.891497
8 235.886 492000 0.00393496 0.104571 0.891494
8 236.349 493000 0.00393915 0.104556 0.891505
8 236.825 494000 0.00393725 0.104555 0.891508
8 237.314 495000 0.00393737 0.104558 0.891505
8 237.777 496000 0.00394153 0.104544 0.891514
8 238.253 497000 0.00393964 0.104543 0.891517
8 238.743 498000 0.00393574 0.10455 0.891514
8 239.245 499000 0.00393387 0.104561 0.891505
8 239.726 500000 0.00393 0.104564 0.891506
8 240.202 501000 0.00393214 0.104559 0.891509
8 240.704 502000 0.00392629 0.104574 0.8915
8 241.18 503000 0.00392247 0.104575 0.891503
8 241.674 504000 0.00391865 0.104583 0.891498
8 242.146 505000 0.00392079 0.104576 0.891503
8 242.578 506000 0.00393478 0.10454 0.891526
8 243.067 507000 0.00393886 0.104538 0.891523
8 243.544 508000 0.00393701 0.104537 0.891526
8 244.037 509000 0.00393124 0.104548 0.891521
8 244.518 510000 0.00392745 0.104551 0.891522
8 245.007 511000 0.00392368 0.104558 0.891519
8 245.479 512000 0.00391992 0.104557 0.891523
8 245.951 513000 0.00392593 0.104546 0.891528
8 246.44 514000 0.00392023 0.104554 0.891525
8 246.933 515000 0.00391262 0.104567 0.89152
8 247.405 516000 0.00391085 0.104566 0.891523
8 247.903 517000 0.00390909 0.104573 0.891518
8 248.379 518000 0.00391506 0.104564 0.891521
8 248.851 519000 0.00391522 0.104559 0.891526
8 249.327 520000 0.00391731 0.104554 0.891529
8 249.799 521000 0.00391747 0.104549 0.891534
8 250.275 522000 0.00391762 0.104546 0.891536
8 250.738 523000 0.00391778 0.104537 0.891545
8 251.219 524000 0.00391794 0.104536 0.891546
8 251.699 525000 0.0039181 0.104535 0.891547
8 252.18 526000 0.00391635 0.104536 0.891548
8 252.639 527000 0.0039222 0.10452 0.891558
8 253.119 528000 0.00392424 0.104517 0.891559
8 253.587 529000 0.00392628 0.104509 0.891565
8 254.076 530000 0.00392264 0.104515 0.891562
8 254.548 531000 0.0039209 0.104512 0.891567
8 255.037 532000 0.00392105 0.104515 0.891564
8 255.509 533000 0.00391932 0.104512 0.891568
8 255.972 534000 0.00392509 0.104498 0.891577
8 256.465 535000 0.00391963 0.104508 0.891572
8 256.963 536000 0.00391791 0.104517 0.891565
8 257.457 537000 0.00391248 0.104527 0.891561
8 257.942 538000 0.00391078 0.10453 0.891559
8 258.431 539000 0.00391095 0.104532 0.891557
8 258.934 540000 0.00390741 0.104544 0.891548
8 259.388 541000 0.00391312 0.104527 0.89156
8 259.877 542000 0.00390959 0.104535 0.891555
8 260.353 543000 0.00391344 0.104529 0.891558
8 260.838 544000 0.00390809 0.104533 0.891559
8 261.332 545000 0.00390459 0.104541 0.891554
8 261.804 546000 0.00390293 0.104538 0.891559
8 262.28 547000 0.00390676 0.104532 0.891561
8 262.773 548000 0.00390146 0.104542 0.891557
8 263.245 549000 0.00390164 0.104537 0.891561
8 263.713 550000 0.00390545 0.104527 0.891567
8 264.184 551000 0.00390744 0.104523 0.89157
8 264.678 552000 0.00390399 0.104529 0.891567
8 265.137 553000 0.00390958 0.104514 0.891577
8 265.609 554000 0.00390975 0.104509 0.891581
8 266.085 555000 0.00391171 0.104505 0.891584
8 266.587 556000 0.00390827 0.104516 0.891576
8 267.055 557000 0.00390485 0.104513 0.891582
8 267.526 558000 0.00390143 0.104513 0.891586
8 268.007 559000 0.00390161 0.104512 0.891587
8 268.5 560000 0.00390357 0.104514 0.891582
8 268.964 561000 0.00390374 0.104506 0.89159
8 269.453 562000 0.00390391 0.104509 0.891587
8 269.929 563000 0.00391297 0.104497 0.89159
8 270.44 564000 0.00390957 0.104512 0.891578
8 270.912 565000 0.00390442 0.104513 0.891582
8 271.397 566000 0.00390459 0.104514 0.891581
8 271.895 567000 0.00390123 0.104524 0.891575
8 272.367 568000 0.00391021 0.104511 0.891579
8 272.847 569000 0.00391213 0.104508 0.89158
8 273.31 570000 0.00391754 0.104495 0.891588
8 273.791 571000 0.00391419 0.104497 0.891588
8 274.284 572000 0.00390909 0.104507 0.891584
8 274.765 573000 0.00391099 0.104504 0.891585
8 275.241 574000 0.00390941 0.104503 0.891587
8 275.726 575000 0.00390783 0.104506 0.891586
8 276.219 576000 0.00390799 0.10451 0.891582
8 276.704 577000 0.00390815 0.104511 0.891581
8 277.181 578000 0.00390657 0.104512 0.891581
8 277.665 579000 0.00390501 0.104513 0.891582
8 278.15 580000 0.00390345 0.104516 0.891581
8 278.631 581000 0.00390189 0.104516 0.891582
8 279.072 582000 0.00390722 0.104495 0.891598
8 279.548 583000 0.00390738 0.104492 0.8916
8 280.037 584000 0.00390753 0.104495 0.891598
8 280.522 585000 0.00391282 0.104491 0.891597
8 280.985 586000 0.00391638 0.10448 0.891604
8 281.462 587000 0.00391482 0.104479 0.891606
8 281.964 588000 0.00391156 0.10449 0.891599
8 282.436 589000 0.00391341 0.104484 0.891603
8 282.894 590000 0.00391525 0.104475 0.89161
8 283.384 591000 0.00391878 0.104472 0.891609
8 283.864 592000 0.0039223 0.104468 0.89161
8 284.336 593000 0.00391737 0.104469 0.891614
8 284.812 594000 0.00391751 0.104466 0.891616
8 285.315 595000 0.00391765 0.104474 0.891608
8 285.813 596000 0.00391107 0.104487 0.891602
8 286.297 597000 0.0039129 0.104486 0.891601
8 286.756 598000 0.00391304 0.104477 0.89161
8 287.237 599000 0.00390985 0.104479 0.891611
8 287.713 600000 0.00391167 0.104475 0.891613
8 288.193 601000 0.00390849 0.104479 0.891612
8 288.683 602000 0.00390365 0.104485 0.891611
8 289.159 603000 0.00390381 0.104483 0.891614
8 289.657 604000 0.00390232 0.10449 0.891608
8 290.142 605000 0.00389917 0.104496 0.891605
8 290.609 606000 0.00389934 0.104488 0.891612
8 291.081 607000 0.00389786 0.104486 0.891616
8 291.579 608000 0.00389474 0.104495 0.89161
8 292.046 609000 0.00389984 0.104484 0.891616
8 292.518 610000 0.0039 0.10448 0.89162
8 292.986 611000 0.0039018 0.104473 0.891625
8 293.479 612000 0.00389869 0.10448 0.891621
8 293.968 613000 0.00389886 0.104485 0.891617
8 294.436 614000 0.00390717 0.104469 0.891624
8 294.934 615000 0.00390407 0.104478 0.891618
8 295.397 616000 0.00390584 0.104469 0.891625
8 295.891 617000 0.003906 0.104473 0.891621
8 296.345 618000 0.003911 0.104458 0.891631
8 296.834 619000 0.00390792 0.104464 0.891628
8 297.31 620000 0.00390806 0.104461 0.891631
8 297.813 621000 0.00390338 0.104473 0.891623
8 298.28 622000 0.00390354 0.104468 0.891629
8 298.761 623000 0.00390209 0.104469 0.891629
8 299.254 624000 0.00390224 0.104473 0.891625
8 299.726 625000 0.003904 0.104467 0.891629
8 300.189 626000 0.00390575 0.104458 0.891636
8 300.661 627000 0.00390431 0.104456 0.89164
8 301.137 628000 0.00390446 0.104454 0.891642
8 301.613 629000 0.00390143 0.104455 0.891644
8 302.089 630000 0.00390159 0.104452 0.891646
8 302.57 631000 0.00390174 0.104452 0.891647
8 303.059 632000 0.00390032 0.104456 0.891644
8 303.535 633000 0.00389573 0.104458 0.891646
8 304.042 634000 0.00389748 0.104465 0.891637
8 304.518 635000 0.00389291 0.104468 0.891639
8 304.986 636000 0.00389623 0.104459 0.891645
8 305.466 637000 0.00389325 0.104462 0.891645
8 305.973 638000 0.00389342 0.10447 0.891636
8 306.44 639000 0.00389045 0.104468 0.891642
8 306.912 640000 0.00389375 0.104461 0.891645
8 307.375 641000 0.00390016 0.104448 0.891652
8 307.851 642000 0.00390343 0.104442 0.891654
8 308.345 643000 0.00390047 0.104449 0.89165
8 308.83 644000 0.00389907 0.104452 0.891649
8 309.315 645000 0.00389767 0.104454 0.891648
8 309.8 646000 0.00389783 0.104455 0.891647
8 310.289 647000 0.0038949 0.104461 0.891645
8 310.748 648000 0.0038966 0.104452 0.891651
8 311.233 649000 0.00389985 0.104448 0.891652
8 311.696 650000 0.00389846 0.104443 0.891658
8 312.189 651000 0.00390169 0.104444 0.891654
8 312.674 652000 0.00389877 0.104448 0.891653
8 313.159 653000 0.0038974 0.104452 0.891651
8 313.64 654000 0.0038945 0.104453 0.891653
8 314.111 655000 0.00389924 0.104444 0.891656
8 314.601 656000 0.00389634 0.10445 0.891654
8 315.085 657000 0.00389346 0.104454 0.891653
8 315.557 658000 0.00389514 0.104448 0.891657
8 316.033 659000 0.00389378 0.104448 0.891659
8 316.527 660000 0.00389394 0.104452 0.891655
8 316.981 661000 0.0038941 0.104442 0.891664
8 317.444 662000 0.0039003 0.104429 0.891671
8 317.942 663000 0.00389744 0.104437 0.891665
8 318.427 664000 0.00389759 0.104438 0.891664
8 318.899 665000 0.00389925 0.104433 0.891668
8 319.393 666000 0.0038964 0.10444 0.891664
8 319.882 667000 0.00389355 0.104445 0.891661
8 320.354 668000 0.00389521 0.10444 0.891665
8 320.826 669000 0.00389686 0.104436 0.891667
8 321.302 670000 0.00389254 0.104439 0.891669
8 321.804 671000 0.00389419 0.104443 0.891663
8 322.272 672000 0.00389286 0.104439 0.891668
8 322.743 673000 0.00389153 0.104438 0.89167
8 323.211 674000 0.00389466 0.104429 0.891677
8 323.674 675000 0.00389481 0.104422 0.891683
8 324.159 676000 0.00389941 0.104419 0.891682
8 324.626 677000 0.00389956 0.104414 0.891687
8 325.107 678000 0.00390118 0.104412 0.891687
8 325.579 679000 0.00390427 0.104406 0.891689
8 326.068 680000 0.00390294 0.104409 0.891688
8 326.548 681000 0.00390015 0.104411 0.891689
8 327.038 682000 0.00390029 0.104413 0.891686
8 327.522 683000 0.00389898 0.104416 0.891685
8 327.994 684000 0.00389912 0.104412 0.891689
8 328.479 685000 0.00390073 0.104412 0.891688
8 328.947 686000 0.00390233 0.104405 0.891692
8 329.41 687000 0.00390102 0.1044 0.891699
8 329.89 688000 0.00389971 0.104401 0.891699
8 330.362 689000 0.00390131 0.104396 0.891702
8 330.816 690000 0.0039058 0.104383 0.891712
8 331.301 691000 0.00390304 0.104386 0.891711
8 331.795 692000 0.00390462 0.104389 0.891707
8 332.275 693000 0.00390188 0.104391 0.891707
8 332.756 694000 0.00390202 0.10439 0.891707
8 333.236 695000 0.00390504 0.104388 0.891706
8 333.686 696000 0.00391092 0.104371 0.891718
8 334.176 697000 0.00391105 0.104373 0.891716
8 334.647 698000 0.00390688 0.104374 0.891719
8 335.115 699000 0.0039113 0.104365 0.891724
8 335.604 700000 0.00390857 0.10437 0.891721
8 336.085 701000 0.00390728 0.104371 0.891722
8 336.561 702000 0.00390883 0.104368 0.891724
8 337.05 703000 0.00391038 0.104368 0.891721
8 337.526 704000 0.00390909 0.104368 0.891723
8 338.015 705000 0.00390496 0.104374 0.891721
8 338.492 706000 0.00390368 0.104374 0.891722
8 338.99 707000 0.00390099 0.104382 0.891717
8 339.492 708000 0.00389689 0.104393 0.89171
8 339.977 709000 0.00389281 0.104398 0.891709
8 340.462 710000 0.00388873 0.104403 0.891708
8 340.942 711000 0.00388467 0.104406 0.891709
8 341.445 712000 0.00388062 0.104417 0.891702
8 341.916 713000 0.0038864 0.10441 0.891704
8 342.384 714000 0.00389076 0.104399 0.89171
8 342.856 715000 0.00388671 0.1044 0.891713
8 343.332 716000 0.00389106 0.104394 0.891715
8 343.799 717000 0.0038954 0.104385 0.89172
8 344.258 718000 0.00389554 0.104377 0.891727
8 344.712 719000 0.00389847 0.104366 0.891736
8 345.206 720000 0.00389583 0.104372 0.891732
8 345.691 721000 0.00389598 0.104374 0.89173
8 346.189 722000 0.00389474 0.10438 0.891726
8 346.669 723000 0.00389212 0.104382 0.891726
8 347.141 724000 0.00389227 0.104378 0.891729
8 347.613 725000 0.00388966 0.104379 0.891731
8 348.111 726000 0.00388981 0.104384 0.891726
8 348.574 727000 0.00389821 0.104369 0.891733
8 349.063 728000 0.00389698 0.104372 0.891731
8 349.557 729000 0.00389438 0.104379 0.891727
8 350.037 730000 0.00389315 0.104379 0.891727
8 350.527 731000 0.00389193 0.104383 0.891725
8 351.012 732000 0.00388934 0.104387 0.891724
8 351.47 733000 0.00389632 0.104372 0.891731
8 351.964 734000 0.00389646 0.104376 0.891728
8 352.436 735000 0.00389932 0.10437 0.891731
8 352.907 736000 0.00389674 0.10437 0.891734
8 353.384 737000 0.00390095 0.104364 0.891735
8 353.89 738000 0.00389702 0.104375 0.891728
8 354.367 739000 0.0038931 0.104378 0.891729
8 354.851 740000 0.00389595 0.104376 0.891728
8 355.319 741000 0.00390013 0.104367 0.891733
8 355.795 742000 0.00389892 0.104367 0.891735
8 356.276 743000 0.00389771 0.104367 0.891735
8 356.76 744000 0.00389651 0.10437 0.891734
8 357.228 745000 0.00389933 0.104362 0.891738
8 357.704 746000 0.00389946 0.104362 0.891739
8 358.202 747000 0.00389558 0.104369 0.891735
8 358.696 748000 0.00389439 0.104374 0.891731
8 359.172 749000 0.00389453 0.104372 0.891733
8 359.652 750000 0.00389067 0.104376 0.891733
8 360.142 751000 0.00388815 0.104381 0.891731
8 360.64 752000 0.00388697 0.104388 0.891725
8 361.124 753000 0.00388712 0.104389 0.891724
8 361.605 754000 0.00388594 0.104389 0.891725
8 362.081 755000 0.00388609 0.104387 0.891727
8 362.575 756000 0.0038836 0.104393 0.891724
8 363.055 757000 0.00388243 0.104394 0.891724
8 363.531 758000 0.00388127 0.104393 0.891726
8 364.021 759000 0.00387615 0.104401 0.891723
8 364.497 760000 0.00387895 0.104396 0.891725
8 364.982 761000 0.00387516 0.104401 0.891724
8 365.467 762000 0.0038727 0.104404 0.891723
8 365.956 763000 0.00386894 0.10441 0.891721
8 366.432 764000 0.00387173 0.104406 0.891723
8 366.904 765000 0.00386797 0.104407 0.891725
8 367.389 766000 0.00386684 0.104409 0.891725
8 367.878 767000 0.00386832 0.104409 0.891722
8 368.341 768000 0.003875 0.104397 0.891728
8 368.817 769000 0.00387126 0.104399 0.89173
8 369.315 770000 0.00387013 0.104405 0.891725
8 369.796 771000 0.0038703 0.104406 0.891724
8 370.294 772000 0.00386788 0.104412 0.89172
8 370.761 773000 0.00386675 0.104409 0.891724
8 371.255 774000 0.00386434 0.104415 0.891721
8 371.735 775000 0.00386323 0.104415 0.891721
8 372.216 776000 0.00386598 0.104414 0.89172
8 372.692 777000 0.00386744 0.104409 0.891723
8 373.186 778000 0.00387018 0.10441 0.89172
8 373.627 779000 0.0038742 0.104394 0.891732
8 374.121 780000 0.00387436 0.104397 0.891728
8 374.575 781000 0.00387708 0.104387 0.891736
8 375.02 782000 0.00388619 0.104367 0.891747
8 375.497 783000 0.00388761 0.104364 0.891748
8 376.003 784000 0.00388648 0.104374 0.89174
8 376.484 785000 0.00388408 0.104375 0.891741
8 376.956 786000 0.0038855 0.10437 0.891744
8 377.419 787000 0.00388818 0.104362 0.89175
8 377.912 788000 0.00388706 0.104368 0.891745
8 378.389 789000 0.00388847 0.104365 0.891747
8 378.86 790000 0.00388861 0.104361 0.891751
8 379.323 791000 0.00388875 0.104355 0.891756
8 379.808 792000 0.00388889 0.104356 0.891755
8 380.289 793000 0.00389029 0.104356 0.891754
8 380.791 794000 0.00388665 0.104365 0.891748
8 381.276 795000 0.00388805 0.104365 0.891747
8 381.77 796000 0.00388442 0.104371 0.891745
8 382.246 797000 0.00388457 0.104369 0.891747
8 382.74 798000 0.00388471 0.104372 0.891743
8 383.207 799000 0.00388861 0.104364 0.891747
8 383.674 800000 0.00389125 0.104358 0.891751
8 384.151 801000 0.00389014 0.104357 0.891753
8 384.644 802000 0.00388529 0.104365 0.891749
8 385.116 803000 0.00388418 0.104364 0.891752
8 385.596 804000 0.00388806 0.104361 0.891751
8 386.064 805000 0.0038882 0.104355 0.891757
8 386.544 806000 0.00388958 0.104354 0.891757
8 387.008 807000 0.00388971 0.104348 0.891762
8 387.475 808000 0.0038948 0.104339 0.891766
8 387.951 809000 0.00389493 0.104337 0.891768
8 388.427 810000 0.0038963 0.104335 0.891769
8 388.917 811000 0.00389519 0.104339 0.891766
8 389.401 812000 0.00389778 0.104336 0.891766
8 389.864 813000 0.00390037 0.104328 0.891771
8 390.349 814000 0.00390295 0.104327 0.89177
8 390.83 815000 0.00390307 0.104326 0.891771
8 391.293 816000 0.00390686 0.104317 0.891776
8 391.76 817000 0.0039082 0.104312 0.89178
8 392.232 818000 0.00390587 0.104312 0.891782
8 392.708 819000 0.00390476 0.104311 0.891784
8 393.206 820000 0.00390366 0.104318 0.891778
8 393.669 821000 0.00390378 0.104312 0.891784
8 394.146 822000 0.00390633 0.104308 0.891786
8 394.63 823000 0.00390401 0.104311 0.891785
8 395.107 824000 0.00390413 0.104309 0.891786
8 395.596 825000 0.00390061 0.104315 0.891784
8 396.081 826000 0.00390557 0.104312 0.891782
8 396.574 827000 0.00390206 0.104318 0.89178
8 397.046 828000 0.00390338 0.104314 0.891783
8 397.514 829000 0.00390229 0.104311 0.891786
8 397.99 830000 0.00390602 0.104306 0.891788
8 398.44 831000 0.00390734 0.104297 0.891795
8 398.912 832000 0.00390745 0.104293 0.891799
8 399.401 833000 0.00390636 0.104297 0.891797
8 399.873 834000 0.00390647 0.104294 0.8918
8 400.344 835000 0.00391018 0.104287 0.891802
8 400.807 836000 0.00391986 0.104273 0.891807
8 401.292 837000 0.00391756 0.104276 0.891806
8 401.769 838000 0.00391766 0.104274 0.891808
8 402.236 839000 0.00391895 0.104269 0.891812
8 402.738 840000 0.00391667 0.104277 0.891806
8 403.223 841000 0.00391439 0.104281 0.891805
8 403.682 842000 0.00391805 0.104271 0.891811
8 404.167 843000 0.00391696 0.104274 0.891809
8 404.66 844000 0.00391588 0.104277 0.891807
8 405.163 845000 0.00391243 0.104288 0.8918
8 405.639 846000 0.0039078 0.10429 0.891803
8 406.098 847000 0.00391027 0.104281 0.891809
8 406.591 848000 0.00391509 0.104279 0.891805
8 407.063 849000 0.00391284 0.104279 0.891808
8 407.57 850000 0.00391176 0.104287 0.891801
8 408.033 851000 0.00390952 0.104284 0.891806
8 408.522 852000 0.00391197 0.104284 0.891804
8 408.994 853000 0.00391208 0.104283 0.891805
8 409.479 854000 0.00391452 0.10428 0.891806
8 409.959 855000 0.00391579 0.104278 0.891806
8 410.44 856000 0.00391706 0.104277 0.891806
8 410.916 857000 0.00391482 0.104279 0.891806
8 411.397 858000 0.00391608 0.104276 0.891808
8 411.886 859000 0.00391269 0.104282 0.891806
8 412.362 860000 0.00391163 0.104281 0.891807
8 412.864 861000 0.00391173 0.104287 0.891801
8 413.332 862000 0.00391299 0.104283 0.891804
8 413.817 863000 0.00391194 0.104284 0.891804
8 414.297 864000 0.00391204 0.104284 0.891804
8 414.769 865000 0.00391445 0.10428 0.891806
8 415.245 866000 0.00391455 0.104277 0.891808
8 415.726 867000 0.0039158 0.104276 0.891809
8 416.219 868000 0.00391359 0.104281 0.891805
8 416.691 869000 0.00391254 0.104281 0.891807
8 417.189 870000 0.00391034 0.104286 0.891803
8 417.687 871000 0.003907 0.104294 0.891799
8 418.176 872000 0.00390252 0.1043 0.891797
8 418.666 873000 0.00390034 0.104305 0.891795
8 419.15 874000 0.00390046 0.104305 0.891794
8 419.627 875000 0.00390057 0.104304 0.891795
8 420.103 876000 0.00390183 0.104301 0.891797
8 420.592 877000 0.00390194 0.104304 0.891794
8 421.073 878000 0.00390091 0.104304 0.891795
8 421.549 879000 0.00389875 0.104305 0.891796
8 422.038 880000 0.00389773 0.104308 0.891794
8 422.536 881000 0.00389557 0.104314 0.89179
8 423.012 882000 0.00389796 0.104311 0.891791
8 423.488 883000 0.00389921 0.104308 0.891793
8 423.978 884000 0.0038948 0.104314 0.891791
8 424.454 885000 0.00389379 0.104314 0.891792
8 424.947 886000 0.00389165 0.104319 0.891789
8 425.419 887000 0.00389177 0.104317 0.891791
8 425.895 888000 0.00388964 0.104318 0.891793
8 426.38 889000 0.00388864 0.104319 0.891792
8 426.869 890000 0.00388876 0.104321 0.89179
8 427.346 891000 0.00388664 0.104322 0.891791
8 427.8 892000 0.00389013 0.104312 0.891798
8 428.276 893000 0.00388914 0.104311 0.8918
8 428.748 894000 0.00389038 0.104308 0.891802
8 429.202 895000 0.00389274 0.104298 0.891809
8 429.692 896000 0.00389174 0.104301 0.891807
8 430.172 897000 0.00389409 0.104299 0.891807
8 430.657 898000 0.0038931 0.104302 0.891805
8 431.116 899000 0.00389433 0.104295 0.891811
8 431.579 900000 0.00389778 0.104286 0.891817
8 432.068 901000 0.00389789 0.104287 0.891815
8 432.549 902000 0.00390133 0.104284 0.891815
8 433.016 903000 0.00390255 0.104279 0.891818
8 433.496 904000 0.00390265 0.104279 0.891819
8 433.968 905000 0.00390276 0.104276 0.891821
8 434.462 906000 0.00390177 0.10428 0.891818
8 434.925 907000 0.00390077 0.104277 0.891822
8 435.405 908000 0.00390088 0.104276 0.891823
8 435.873 909000 0.00390539 0.104268 0.891826
8 436.345 910000 0.00390879 0.104263 0.891829
8 436.817 911000 0.00390999 0.104259 0.891831
8 437.31 912000 0.00391009 0.104262 0.891828
8 437.782 913000 0.00391128 0.104258 0.89183
8 438.271 914000 0.00391028 0.104261 0.891828
8 438.774 915000 0.0039071 0.10427 0.891823
8 439.267 916000 0.00390721 0.104273 0.89182
8 439.752 917000 0.00390731 0.104274 0.891819
8 440.219 918000 0.00390741 0.10427 0.891822
8 440.726 919000 0.00390533 0.104279 0.891816
8 441.202 920000 0.00390543 0.104277 0.891817
8 441.683 921000 0.00390228 0.10428 0.891818
8 442.168 922000 0.00389913 0.104284 0.891817
8 442.644 923000 0.00389924 0.104284 0.891817
8 443.133 924000 0.00389935 0.104285 0.891816
8 443.622 925000 0.00389514 0.104291 0.891814
8 444.112 926000 0.00389525 0.104293 0.891812
8 444.584 927000 0.00389752 0.104288 0.891814
8 445.068 928000 0.00389763 0.10429 0.891813
8 445.549 929000 0.00389666 0.10429 0.891814
8 446.025 930000 0.0038957 0.10429 0.891814
8 446.501 931000 0.00389474 0.104289 0.891816
8 446.982 932000 0.00389378 0.10429 0.891817
8 447.436 933000 0.00389603 0.104281 0.891823
8 447.904 934000 0.00389936 0.104274 0.891827
8 448.384 935000 0.00390053 0.104273 0.891827
8 448.856 936000 0.00389957 0.104271 0.891829
8 449.341 937000 0.00389755 0.104274 0.891828
8 449.808 938000 0.00389872 0.10427 0.891832
8 450.297 939000 0.00389883 0.104272 0.89183
8 450.782 940000 0.00389574 0.104276 0.891829
8 451.263 941000 0.00389586 0.104275 0.891829
8 451.735 942000 0.00389278 0.104276 0.891831
8 452.207 943000 0.00389183 0.104275 0.891834
8 452.691 944000 0.00388983 0.104278 0.891833
8 453.15 945000 0.00388889 0.104274 0.891837
8 453.626 946000 0.00389112 0.10427 0.891839
8 454.111 947000 0.00389124 0.10427 0.891838
8 454.605 948000 0.00388819 0.104276 0.891835
8 455.072 949000 0.0038862 0.104275 0.891839
8 455.566 950000 0.00388316 0.104281 0.891836
8 456.051 951000 0.00388013 0.104285 0.891835
8 456.557 952000 0.00387815 0.104293 0.891829
8 457.007 953000 0.00388038 0.104283 0.891836
8 457.492 954000 0.0038805 0.104284 0.891835
8 457.968 955000 0.00387958 0.104285 0.891836
8 458.462 956000 0.00387866 0.104288 0.891834
8 458.938 957000 0.00387774 0.104287 0.891835
8 459.436 958000 0.00387683 0.104292 0.891831
8 459.904 959000 0.00387591 0.104291 0.891833
8 460.38 960000 0.00387396 0.104292 0.891834
8 460.873 961000 0.00387305 0.104294 0.891832
8 461.341 962000 0.00387422 0.10429 0.891836
8 461.817 963000 0.00387435 0.104289 0.891837
8 462.319 964000 0.00387552 0.104293 0.891832
8 462.804 965000 0.00387461 0.104295 0.89183
8 463.289 966000 0.00387267 0.104297 0.89183
8 463.774 967000 0.00387384 0.104297 0.891829
8 464.224 968000 0.00387603 0.104287 0.891837
8 464.691 969000 0.00387616 0.104284 0.89184
8 465.159 970000 0.00387835 0.104279 0.891842
8 465.626 971000 0.00387848 0.104275 0.891847
8 466.116 972000 0.00387757 0.104278 0.891845
8 466.596 973000 0.00387873 0.104276 0.891845
8 467.077 974000 0.0038768 0.104278 0.891845
8 467.54 975000 0.00387692 0.104274 0.891849
8 468.02 976000 0.00387602 0.104275 0.891849
8 468.501 977000 0.0038782 0.104272 0.89185
8 468.99 978000 0.0038773 0.104275 0.891848
8 469.479 979000 0.0038764 0.104278 0.891846
8 469.955 980000 0.00387755 0.104276 0.891847
8 470.436 981000 0.00388073 0.104272 0.891847
8 470.93 982000 0.00387882 0.104277 0.891844
8 471.38 983000 0.00387996 0.104269 0.891851
8 471.86 984000 0.00388211 0.104266 0.891852
8 472.341 985000 0.00388122 0.104267 0.891852
8 472.821 986000 0.00388032 0.104268 0.891852
8 473.297 987000 0.00388146 0.104265 0.891853
8 473.774 988000 0.00388259 0.104263 0.891854
8 474.232 989000 0.00388372 0.104258 0.891858
8 474.708 990000 0.00388485 0.104255 0.891861
8 475.18 991000 0.00388194 0.104255 0.891863
8 475.648 992000 0.0038871 0.104247 0.891866
8 476.111 993000 0.00389023 0.10424 0.89187
8 476.578 994000 0.00388934 0.104237 0.891873
8 477.05 995000 0.00389347 0.104231 0.891875
8 477.522 996000 0.00389458 0.104229 0.891877
8 478.02 997000 0.00389368 0.104233 0.891874
8 478.491 998000 0.00389178 0.104232 0.891876
8 478.981 999000 0.00389189 0.104234 0.891874
8 479.474 1e+06 0.003891 0.104238 0.891871
8 479.959 1.001e+06 0.00389111 0.104239 0.89187
8 480.427 1.002e+06 0.00389222 0.104235 0.891873
8 480.907 1.003e+06 0.00389332 0.104233 0.891873
8 481.388 1.004e+06 0.00389542 0.104231 0.891874
8 481.873 1.005e+06 0.00389254 0.104235 0.891873
8 482.358 1.006e+06 0.00389066 0.104238 0.891872
8 482.834 1.007e+06 0.00389275 0.104235 0.891872
8 483.336 1.008e+06 0.00388889 0.104243 0.891868
8 483.821 1.009e+06 0.00388801 0.104245 0.891867
8 484.293 1.01e+06 0.00388614 0.104245 0.891869
8 484.769 1.011e+06 0.00388823 0.104241 0.89187
8 485.254 1.012e+06 0.00388735 0.104243 0.89187
8 485.726 1.013e+06 0.00388845 0.10424 0.891872
8 486.202 1.014e+06 0.00388757 0.10424 0.891873
8 486.665 1.015e+06 0.00388867 0.104234 0.891877
8 487.167 1.016e+06 0.00388681 0.104241 0.891872
8 487.639 1.017e+06 0.00388692 0.104239 0.891874
8 488.128 1.018e+06 0.00388507 0.104244 0.891871
8 488.613 1.019e+06 0.00388813 0.10424 0.891871
8 489.098 1.02e+06 0.00388529 0.104244 0.891871
8 489.6 1.021e+06 0.00388345 0.104252 0.891865
8 490.055 1.022e+06 0.0038865 0.104242 0.891872
8 490.557 1.023e+06 0.00388563 0.104247 0.891867
8 491.051 1.024e+06 0.00388574 0.10425 0.891864
8 491.514 1.025e+06 0.00388683 0.104245 0.891868
8 491.99 1.026e+06 0.00388596 0.104246 0.891868
8 492.453 1.027e+06 0.0038851 0.104242 0.891872
8 492.951 1.028e+06 0.00388424 0.104246 0.89187
8 493.431 1.029e+06 0.0038863 0.104244 0.89187
8 493.908 1.03e+06 0.00388447 0.104245 0.891871
8 494.384 1.031e+06 0.00388458 0.104243 0.891872
8 494.864 1.032e+06 0.00388857 0.10424 0.891871
8 495.332 1.033e+06 0.00388867 0.104237 0.891874
8 495.825 1.034e+06 0.00388975 0.104238 0.891872
8 496.31 1.035e+06 0.00388889 0.10424 0.891871
8 496.786 1.036e+06 0.00389093 0.104237 0.891872
8 497.254 1.037e+06 0.00389392 0.10423 0.891876
8 497.73 1.038e+06 0.00389403 0.104229 0.891877
8 498.202 1.039e+06 0.00389798 0.104223 0.891879
8 498.682 1.04e+06 0.00389615 0.104225 0.891879
8 499.15 1.041e+06 0.0039001 0.104218 0.891882
8 499.63 1.042e+06 0.00390115 0.104217 0.891882
