64 0.338461 1000 0.256 0.169 0.575 256
64 0.857787 2000 0.164 0.2165 0.6195 72
64 1.47464 3000 0.124 0.227 0.649 44
64 2.14339 4000 0.107 0.2205 0.6725 56
64 2.86891 5000 0.0912 0.219 0.6898 28
64 3.61513 6000 0.0815 0.2155 0.703 33
64 4.37941 7000 0.0744286 0.211714 0.713857 32
64 5.10044 8000 0.06875 0.20725 0.724 29
64 5.87392 9000 0.0646667 0.203778 0.731556 32
64 6.64664 10000 0.0612 0.2005 0.7383 30
64 7.43605 11000 0.0576364 0.198364 0.744 22
64 8.25878 12000 0.055 0.196333 0.748667 26
64 9.02794 13000 0.0518462 0.194615 0.753538 14
64 9.8383 14000 0.0497857 0.193 0.757214 23
64 10.6136 15000 0.0478667 0.191133 0.761 21
64 11.4388 16000 0.0459375 0.19025 0.763813 17
64 12.2761 17000 0.0442941 0.189647 0.766059 18
64 13.0631 18000 0.0428889 0.188389 0.768722 19
64 13.8573 19000 0.0416316 0.187211 0.771158 19
64 14.6791 20000 0.0407 0.18625 0.77305 23
64 15.5321 21000 0.0393333 0.186143 0.774524 12
64 16.3494 22000 0.0382727 0.185636 0.776091 16
64 17.1511 23000 0.0373913 0.184739 0.77787 18
64 17.9634 24000 0.0365417 0.184042 0.779417 17
64 18.8087 25000 0.03588 0.1836 0.78052 20
64 19.6473 26000 0.0351923 0.183154 0.781654 18
64 20.4619 27000 0.0344074 0.182741 0.782852 14
64 21.2307 28000 0.034 0.181643 0.784357 23
64 22.0605 29000 0.0333793 0.181276 0.785345 16
64 22.8751 30000 0.0328333 0.180833 0.786333 17
64 23.7202 31000 0.0323226 0.180677 0.787 17
64 24.5523 32000 0.0319062 0.180312 0.787781 19
64 25.3384 33000 0.0315758 0.179606 0.788818 21
64 26.1682 34000 0.0311176 0.179382 0.7895 16
64 26.9675 35000 0.0309143 0.178743 0.790343 24
64 27.7711 36000 0.0305556 0.178333 0.791111 18
64 28.6184 37000 0.0301892 0.178243 0.791568 17
64 29.4176 38000 0.0297895 0.177921 0.792289 15
64 30.2693 39000 0.0293077 0.178026 0.792667 11
64 31.1296 40000 0.02885 0.1782 0.79295 11
64 31.9376 41000 0.0286098 0.177829 0.793561 19
64 32.7412 42000 0.0283571 0.1775 0.794143 18
64 33.5623 43000 0.028093 0.177302 0.794605 17
64 34.4096 44000 0.0278636 0.177227 0.794909 18
64 35.2437 45000 0.0277333 0.177 0.795267 22
64 36.0561 46000 0.0275652 0.176739 0.795696 20
64 36.851 47000 0.0274681 0.176298 0.796234 23
64 37.6677 48000 0.0272917 0.176083 0.796625 19
64 38.5018 49000 0.0269592 0.176122 0.796918 11
64 39.3011 50000 0.02682 0.17582 0.79736 20
64 40.1265 51000 0.0266667 0.175667 0.797667 19
64 40.9476 52000 0.0263846 0.175635 0.797981 12
64 41.8036 53000 0.0261132 0.175755 0.798132 12
64 42.6771 54000 0.0258889 0.175907 0.798204 14
64 43.4676 55000 0.0257273 0.175655 0.798618 17
64 44.3149 56000 0.0255357 0.175679 0.798786 15
64 45.1141 57000 0.0254211 0.175456 0.799123 19
64 45.9614 58000 0.0252931 0.175414 0.799293 18
64 46.7956 59000 0.0250847 0.175424 0.799492 13
64 47.6123 60000 0.0249167 0.175333 0.79975 15
64 48.429 61000 0.0248689 0.175131 0.8 22
64 49.2413 62000 0.0247258 0.175016 0.800258 16
64 50.0624 63000 0.0246349 0.174905 0.80046 19
64 50.8922 64000 0.0245 0.174844 0.800656 16
64 51.6915 65000 0.0245538 0.174508 0.800938 28
64 52.4776 66000 0.0245 0.174242 0.801258 21
64 53.2725 67000 0.0245224 0.17394 0.801537 26
64 54.0805 68000 0.0243676 0.173868 0.801765 14
64 54.8928 69000 0.0243913 0.173638 0.801971 26
64 55.7357 70000 0.0242571 0.173671 0.802071 15
64 56.583 71000 0.0241831 0.173662 0.802155 19
64 57.4084 72000 0.0239861 0.173708 0.802306 10
64 58.2251 73000 0.0238493 0.173671 0.802479 14
64 59.0462 74000 0.0237973 0.173568 0.802635 20
64 59.8673 75000 0.02372 0.173507 0.802773 18
64 60.7015 76000 0.0237105 0.173395 0.802895 23
64 61.5094 77000 0.0235714 0.173351 0.803078 13
64 62.313 78000 0.0234487 0.173282 0.803269 14
64 63.1516 79000 0.0233418 0.173304 0.803354 15
64 63.9858 80000 0.0232625 0.173288 0.80345 17
64 64.833 81000 0.0232099 0.173284 0.803506 19
64 65.6628 82000 0.0231098 0.17328 0.80361 15
64 66.4796 83000 0.0230602 0.173193 0.803747 19
64 67.2744 84000 0.0230476 0.173012 0.80394 22
64 68.0475 85000 0.0230353 0.172776 0.804188 22
64 68.8598 86000 0.0229884 0.172686 0.804326 19
64 69.7027 87000 0.022954 0.172667 0.804379 20
64 70.4976 88000 0.0228864 0.172557 0.804557 17
64 71.3362 89000 0.0228427 0.172539 0.804618 19
64 72.1922 90000 0.0227 0.172678 0.804622 10
64 73.0001 91000 0.0226154 0.172615 0.804769 15
64 73.8649 92000 0.0225652 0.172674 0.804761 18
64 74.6947 93000 0.0224839 0.172677 0.804839 15
64 75.542 94000 0.0223723 0.172755 0.804872 12
64 76.398 95000 0.0222947 0.172821 0.804884 15
64 77.1928 96000 0.02225 0.172708 0.805042 18
64 78.0314 97000 0.022268 0.172639 0.805093 24
64 78.8481 98000 0.0222347 0.172571 0.805194 19
64 79.6473 99000 0.0221414 0.172525 0.805333 13
64 80.4815 100000 0.02209 0.17252 0.80539 17
64 81.3288 101000 0.0220099 0.172574 0.805416 14
64 82.1673 102000 0.022 0.172549 0.805451 21
64 83.019 103000 0.0219029 0.172621 0.805476 12
64 83.8357 104000 0.0218173 0.172615 0.805567 13
64 84.6698 105000 0.0217429 0.172638 0.805619 14
64 85.504 106000 0.021717 0.172613 0.80567 19
64 86.3164 107000 0.0216822 0.172561 0.805757 18
64 87.1331 108000 0.0216389 0.172519 0.805843 17
64 87.9367 109000 0.0216514 0.172385 0.805963 23
64 88.7621 110000 0.0216273 0.172355 0.806018 19
64 89.5788 111000 0.0216306 0.172261 0.806108 22
64 90.3999 112000 0.0215714 0.17225 0.806179 15
64 91.2515 113000 0.0215575 0.172257 0.806186 20
64 92.0202 114000 0.0214737 0.172167 0.80636 12
64 92.8981 115000 0.0214261 0.172261 0.806313 16
64 93.6711 116000 0.0214397 0.172086 0.806474 23
64 94.4966 117000 0.0213675 0.172103 0.80653 13
64 95.3264 118000 0.0213559 0.172068 0.806576 20
64 96.1081 119000 0.0213277 0.171958 0.806714 18
64 96.9685 120000 0.0213583 0.171942 0.8067 25
64 97.7503 121000 0.0213471 0.171818 0.806835 20
64 98.5408 122000 0.0213361 0.171713 0.806951 20
64 99.375 123000 0.0212358 0.17178 0.806984 9
64 100.183 124000 0.0211935 0.171742 0.807065 16
64 101.004 125000 0.021128 0.17176 0.807112 13
64 101.821 126000 0.0210873 0.17173 0.807183 16
64 102.681 127000 0.0210394 0.171795 0.807165 15
64 103.498 128000 0.0210469 0.171727 0.807227 22
64 104.293 129000 0.021 0.171682 0.807318 15
64 105.127 130000 0.0209692 0.171677 0.807354 17
64 105.935 131000 0.0209389 0.171634 0.807427 17
64 106.725 132000 0.0208939 0.171576 0.80753 15
64 107.577 133000 0.0208045 0.171669 0.807526 9
64 108.429 134000 0.0207463 0.171731 0.807522 13
64 109.272 135000 0.0207037 0.171763 0.807533 15
64 110.123 136000 0.0206103 0.17186 0.807529 8
64 110.931 137000 0.0205474 0.171854 0.807599 12
64 111.757 138000 0.0204783 0.171891 0.80763 11
64 112.656 139000 0.0204604 0.171986 0.807554 18
64 113.46 140000 0.0204143 0.171957 0.807629 14
64 114.312 141000 0.020383 0.171993 0.807624 16
64 115.141 142000 0.0203662 0.171979 0.807655 18
64 115.936 143000 0.0203287 0.17193 0.807741 15
64 116.81 144000 0.0202986 0.172 0.807701 16
64 117.626 145000 0.0203172 0.171931 0.807752 23
64 118.404 146000 0.020363 0.171774 0.807863 27
64 119.269 147000 0.0203537 0.17181 0.807837 19
64 120.015 148000 0.0203378 0.171669 0.807993 18
64 120.836 149000 0.0202953 0.171678 0.808027 14
64 121.679 150000 0.0202733 0.171693 0.808033 17
64 122.474 151000 0.0202848 0.171596 0.808119 22
64 123.326 152000 0.0203026 0.171592 0.808105 23
64 124.108 153000 0.0203268 0.171464 0.808209 24
64 124.876 154000 0.0203117 0.171364 0.808325 18
64 125.697 155000 0.0203484 0.17129 0.808361 26
64 126.514 156000 0.0202885 0.171308 0.808404 11
64 127.357 157000 0.0202675 0.171325 0.808408 17
64 128.183 158000 0.0202089 0.171354 0.808437 11
64 129.039 159000 0.0202201 0.171358 0.808421 22
64 129.846 160000 0.0202 0.171325 0.808475 17
64 130.681 161000 0.0201677 0.171342 0.808491 15
64 131.489 162000 0.0201481 0.171309 0.808543 17
64 132.327 163000 0.0201043 0.171344 0.808552 13
64 133.153 164000 0.0200854 0.171335 0.808579 17
64 133.961 165000 0.0200606 0.171309 0.80863 16
64 134.769 166000 0.0200843 0.171235 0.808681 24
64 135.555 167000 0.0200958 0.17115 0.808754 22
64 136.363 168000 0.0200714 0.171119 0.80881 16
64 137.184 169000 0.020071 0.171089 0.80884 20
64 138.018 170000 0.0200353 0.171118 0.808847 14
64 138.8 171000 0.0200643 0.171 0.808936 25
64 139.612 172000 0.0200465 0.170977 0.808977 17
64 140.42 173000 0.0200173 0.17096 0.809023 15
64 141.254 174000 0.0199943 0.170971 0.809034 16
64 142.088 175000 0.0199714 0.170983 0.809046 16
64 142.953 176000 0.0199432 0.17104 0.809017 15
64 143.748 177000 0.019904 0.171017 0.809079 13
64 144.595 178000 0.0198539 0.171073 0.809073 11
64 145.434 179000 0.0198212 0.171101 0.809078 14
64 146.255 180000 0.0198111 0.171089 0.8091 18
64 147.072 181000 0.019768 0.171094 0.809138 12
64 147.897 182000 0.0197473 0.171093 0.809159 16
64 148.753 183000 0.0197322 0.171126 0.809142 17
64 149.618 184000 0.0196957 0.17119 0.809114 13
64 150.439 185000 0.0196649 0.1712 0.809135 14
64 151.247 186000 0.0196667 0.171156 0.809177 20
64 152.046 187000 0.0196684 0.171096 0.809235 20
64 152.885 188000 0.0196755 0.171085 0.809239 21
64 153.697 189000 0.0196772 0.171048 0.809275 20
64 154.505 190000 0.0196579 0.171026 0.809316 16
64 155.361 191000 0.0196335 0.171068 0.809298 15
64 156.151 192000 0.0196094 0.171031 0.809359 15
64 157.012 193000 0.0195699 0.171093 0.809337 12
64 157.829 194000 0.0195567 0.171077 0.809366 17
64 158.663 195000 0.0195538 0.171077 0.809369 19
64 159.479 196000 0.0195561 0.171041 0.809403 20
64 160.274 197000 0.0195279 0.17102 0.809452 14
64 161.13 198000 0.0195101 0.171051 0.809439 16
64 161.947 199000 0.0194724 0.171065 0.809462 12
64 162.803 200000 0.019445 0.171105 0.80945 14
64 163.637 201000 0.0194726 0.171075 0.809453 25
64 164.484 202000 0.0194604 0.171089 0.80945 17
64 165.314 203000 0.0194483 0.171089 0.809463 17
64 166.157 204000 0.0194167 0.171123 0.809461 13
64 166.983 205000 0.0194098 0.171117 0.809473 18
64 167.795 206000 0.0193883 0.171107 0.809505 15
64 168.629 207000 0.0193527 0.17113 0.809517 12
64 169.437 208000 0.0193654 0.171082 0.809553 22
64 170.254 209000 0.0193541 0.171067 0.809579 17
64 171.101 210000 0.0193238 0.171105 0.809571 13
64 171.931 211000 0.0193128 0.171104 0.809583 17
64 172.756 212000 0.0193208 0.17108 0.809599 21
64 173.569 213000 0.0193192 0.171052 0.809629 19
64 174.399 214000 0.0192757 0.171084 0.80964 10
64 175.272 215000 0.0192512 0.171144 0.809605 14
64 176.119 216000 0.0192315 0.171171 0.809597 15
64 176.927 217000 0.0192212 0.171147 0.809631 17
64 177.775 218000 0.0192385 0.171138 0.809624 23
64 178.561 219000 0.0192466 0.171073 0.80968 21
64 179.386 220000 0.0192273 0.171077 0.809695 15
64 180.246 221000 0.0192353 0.17109 0.809674 21
64 180.998 222000 0.0192387 0.170995 0.809766 20
64 181.845 223000 0.0192556 0.170991 0.809753 23
64 182.657 224000 0.0192679 0.170946 0.809786 22
64 183.417 225000 0.0192711 0.170862 0.809867 20
64 184.26 226000 0.0192611 0.170881 0.809858 17
64 185.094 227000 0.0192291 0.170903 0.809868 12
64 185.894 228000 0.0192412 0.170855 0.809904 22
64 186.715 229000 0.019262 0.170812 0.809926 24
64 187.488 230000 0.0192261 0.170783 0.809991 11
64 188.335 231000 0.0192424 0.170775 0.809983 23
64 189.174 232000 0.0192328 0.170784 0.809983 17
64 189.929 233000 0.0192318 0.170704 0.810064 19
64 190.798 234000 0.0192179 0.170748 0.810034 16
64 191.563 235000 0.0192 0.170694 0.810106 15
64 192.427 236000 0.0191949 0.170725 0.810081 18
64 193.24 237000 0.0192025 0.170692 0.810105 21
64 193.995 238000 0.0192017 0.170618 0.810181 19
64 194.842 239000 0.0192552 0.170569 0.810176 32
64 195.637 240000 0.0192292 0.170554 0.810217 13
64 196.493 241000 0.0192158 0.170585 0.810199 16
64 197.323 242000 0.0191942 0.170599 0.810207 14
64 198.127 243000 0.0191934 0.170568 0.810239 19
64 198.939 244000 0.0192336 0.170504 0.810262 29
64 199.778 245000 0.0192 0.170539 0.810261 11
64 200.581 246000 0.0192073 0.1705 0.810293 21
64 201.424 247000 0.0191903 0.170522 0.810287 15
64 202.25 248000 0.0191734 0.170532 0.810294 15
64 203.036 249000 0.0191767 0.170478 0.810345 20
64 203.887 250000 0.019192 0.170476 0.810332 23
64 204.682 251000 0.0191713 0.170458 0.810371 14
64 205.495 252000 0.0191706 0.17044 0.810389 19
64 206.32 253000 0.01917 0.170427 0.810403 19
64 207.141 254000 0.0191732 0.170409 0.810417 20
64 207.949 255000 0.0191725 0.170384 0.810443 19
64 208.788 256000 0.019168 0.170391 0.810441 18
64 209.613 257000 0.019144 0.170405 0.810451 13
64 210.439 258000 0.0191395 0.170399 0.810461 18
64 211.295 259000 0.019112 0.170444 0.810444 12
64 212.107 260000 0.0191192 0.170419 0.810462 21
64 212.928 261000 0.0191264 0.170395 0.810479 21
64 213.71 262000 0.0191145 0.170363 0.810523 16
64 214.513 263000 0.0190989 0.170346 0.810555 15
64 215.369 264000 0.0190795 0.170383 0.810538 14
64 216.212 265000 0.0190642 0.170404 0.810532 15
64 217.012 266000 0.0190564 0.170383 0.81056 17
64 217.863 267000 0.0190487 0.170404 0.810547 17
64 218.658 268000 0.0190299 0.170388 0.810582 14
64 219.514 269000 0.0190074 0.170424 0.810569 13
64 220.344 270000 0.0189926 0.170437 0.81057 15
64 221.178 271000 0.0189815 0.170446 0.810572 16
64 221.999 272000 0.0189816 0.17043 0.810588 19
64 222.825 273000 0.018967 0.170436 0.810597 15
64 223.611 274000 0.0189562 0.170405 0.810639 16
64 224.484 275000 0.0189491 0.170447 0.810604 17
64 225.318 276000 0.0189348 0.170457 0.810609 15
64 226.131 277000 0.018917 0.170458 0.810625 14
64 226.982 278000 0.0188885 0.170496 0.810615 11
64 227.812 279000 0.0188674 0.170513 0.81062 13
64 228.659 280000 0.0188536 0.170536 0.810611 15
64 229.472 281000 0.0188363 0.170534 0.81063 14
64 230.315 282000 0.0188227 0.170557 0.810621 15
64 231.114 283000 0.0188375 0.170512 0.81065 23
64 231.944 284000 0.0188275 0.170514 0.810658 16
64 232.725 285000 0.0188386 0.17046 0.810702 22
64 233.547 286000 0.0188252 0.170462 0.810713 15
64 234.394 287000 0.0188118 0.170484 0.810704 15
64 235.184 288000 0.018816 0.170444 0.81074 20
64 236.023 289000 0.0188097 0.170453 0.810737 17
64 236.853 290000 0.0187931 0.170466 0.810741 14
64 237.687 291000 0.0187732 0.170485 0.810742 13
64 238.473 292000 0.0187705 0.170449 0.810781 18
64 239.307 293000 0.0187679 0.170451 0.810782 18
64 240.137 294000 0.0187857 0.170429 0.810786 24
64 240.949 295000 0.0187695 0.170427 0.810803 14
64 241.775 296000 0.0187804 0.170409 0.810811 22
64 242.548 297000 0.0187879 0.170354 0.810859 21
64 243.36 298000 0.0187685 0.170356 0.810876 13
64 244.194 299000 0.0187659 0.170358 0.810876 18
64 245.05 300000 0.0187567 0.170383 0.81086 16
64 245.871 301000 0.0187409 0.170392 0.810867 14
64 246.671 302000 0.0187351 0.170368 0.810897 17
64 247.487 303000 0.0187228 0.170366 0.810911 15
64 248.291 304000 0.0187368 0.170332 0.810931 23
64 249.112 305000 0.018741 0.170315 0.810944 20
64 249.938 306000 0.0187418 0.170307 0.810951 19
64 250.715 307000 0.0187231 0.170287 0.81099 13
64 251.536 308000 0.0187208 0.170276 0.811003 18
64 252.366 309000 0.018712 0.170282 0.811006 16
64 253.152 310000 0.0187065 0.170252 0.811042 17
64 253.991 311000 0.0186881 0.170273 0.811039 13
64 254.794 312000 0.0186667 0.170272 0.811061 12
64 255.668 313000 0.0186486 0.170319 0.811032 13
64 256.48 314000 0.0186338 0.170318 0.811048 14
64 257.305 315000 0.018619 0.170327 0.811054 14
64 258.14 316000 0.0185886 0.170358 0.811054 9
64 258.978 317000 0.018571 0.170379 0.81105 13
64 259.83 318000 0.0185723 0.17039 0.811038 19
64 260.655 319000 0.018558 0.170401 0.811041 14
64 261.524 320000 0.0185594 0.170425 0.811016 19
64 262.324 321000 0.0185327 0.170424 0.811044 10
64 263.162 322000 0.0185093 0.17045 0.81104 11
64 264.027 323000 0.0185201 0.170461 0.811019 22
64 264.83 324000 0.0185309 0.170429 0.81104 22
64 265.621 325000 0.0185446 0.170388 0.811068 23
64 266.459 326000 0.0185491 0.170383 0.811067 20
64 267.25 327000 0.0185688 0.170333 0.811098 25
64 268.062 328000 0.018561 0.170326 0.811113 16
64 268.879 329000 0.0185714 0.170304 0.811125 22
64 269.674 330000 0.0185636 0.170285 0.811152 16
64 270.508 331000 0.0185408 0.170308 0.811151 11
64 271.329 332000 0.0185151 0.170325 0.81116 10
64 272.146 333000 0.0185135 0.170315 0.811171 18
64 272.993 334000 0.018506 0.170332 0.811162 16
64 273.779 335000 0.0184955 0.17031 0.811194 15
64 274.657 336000 0.0184792 0.17036 0.811161 13
64 275.448 337000 0.0184837 0.170323 0.811193 20
64 276.277 338000 0.0184941 0.170314 0.811192 22
64 277.09 339000 0.0184926 0.170298 0.811209 18
64 277.832 340000 0.0185029 0.170229 0.811268 22
64 278.706 341000 0.0185191 0.170238 0.811243 24
64 279.488 342000 0.0185263 0.170196 0.811278 21
64 280.326 343000 0.0185364 0.17019 0.811274 22
64 281.121 344000 0.0185378 0.170163 0.811299 19
64 281.89 345000 0.0185188 0.170139 0.811342 12
64 282.737 346000 0.0185202 0.170147 0.811332 19
64 283.571 347000 0.0185072 0.170161 0.811331 14
64 284.379 348000 0.0185 0.170152 0.811348 16
64 285.178 349000 0.0185043 0.170126 0.81137 20
64 285.978 350000 0.0184971 0.170111 0.811391 16
64 286.851 351000 0.0184872 0.170148 0.811365 15
64 287.628 352000 0.0184915 0.170108 0.811401 20
64 288.489 353000 0.0184901 0.170127 0.811382 18
64 289.292 354000 0.0184746 0.170124 0.811401 13
64 290.087 355000 0.0184761 0.170101 0.811423 19
64 290.965 356000 0.0184635 0.17014 0.811396 14
64 291.756 357000 0.0184622 0.170115 0.811423 18
64 292.581 358000 0.0184749 0.170098 0.811427 23
64 293.376 359000 0.0184763 0.170072 0.811451 19
64 294.158 360000 0.0184722 0.170044 0.811483 17
64 295.001 361000 0.0184765 0.170047 0.811476 20
64 295.796 362000 0.0184696 0.17003 0.8115 16
64 296.599 363000 0.0184738 0.170008 0.811518 20
64 297.433 364000 0.0184753 0.170008 0.811516 19
64 298.25 365000 0.0184685 0.170005 0.811526 16
64 299.093 366000 0.0184727 0.170008 0.811519 20
64 299.931 367000 0.0184578 0.170027 0.811515 13
64 300.718 368000 0.0184511 0.170005 0.811543 16
64 301.604 369000 0.018439 0.170051 0.811509 14
64 302.395 370000 0.0184297 0.170035 0.811535 15
64 303.255 371000 0.0184286 0.170057 0.811515 18
64 304.076 372000 0.0184435 0.170032 0.811524 24
64 304.875 373000 0.0184477 0.170011 0.811542 20
64 305.718 374000 0.0184439 0.170019 0.811537 17
64 306.518 375000 0.018432 0.170011 0.811557 14
64 307.352 376000 0.0184362 0.170008 0.811556 20
64 308.151 377000 0.018435 0.169989 0.811576 18
64 308.92 378000 0.0184365 0.16995 0.811614 19
64 309.758 379000 0.0184433 0.16995 0.811607 21
64 310.54 380000 0.01845 0.169913 0.811637 21
64 311.392 381000 0.0184331 0.16994 0.811627 12
64 312.186 382000 0.0184476 0.169903 0.811649 24
64 312.994 383000 0.0184569 0.16988 0.811663 22
64 313.855 384000 0.0184505 0.169904 0.811646 16
64 314.676 385000 0.0184545 0.169894 0.811652 20
64 315.51 386000 0.0184456 0.169904 0.81165 15
64 316.305 387000 0.0184419 0.169889 0.811669 17
64 317.135 388000 0.0184278 0.169899 0.811673 13
64 317.969 389000 0.0184396 0.169889 0.811671 23
64 318.803 390000 0.018441 0.16989 0.811669 19
64 319.62 391000 0.018445 0.169877 0.811678 20
64 320.445 392000 0.0184439 0.169875 0.811681 18
64 321.266 393000 0.0184249 0.169891 0.811684 11
64 322.074 394000 0.0184365 0.169863 0.811701 23
64 322.891 395000 0.0184329 0.169858 0.811709 17
64 323.716 396000 0.0184369 0.169851 0.811712 20
64 324.503 397000 0.0184358 0.169826 0.811738 18
64 325.363 398000 0.0184372 0.169844 0.811719 19
64 326.202 399000 0.0184336 0.16985 0.811717 17
64 326.988 400000 0.01843 0.169827 0.811743 17
64 327.778 401000 0.0184364 0.169798 0.811766 21
64 328.625 402000 0.0184453 0.169799 0.811756 22
64 329.46 403000 0.0184417 0.169806 0.811752 17
64 330.272 404000 0.0184332 0.169802 0.811765 15
64 331.089 405000 0.018437 0.169793 0.81177 20
64 331.927 406000 0.0184212 0.16981 0.811768 12
64 332.74 407000 0.0184201 0.169801 0.811779 18
64 333.569 408000 0.0184289 0.169792 0.811779 22
64 334.386 409000 0.0184181 0.169795 0.811787 14
64 335.177 410000 0.0184073 0.169783 0.81181 14
64 336.041 411000 0.0184015 0.16981 0.811788 16
64 336.845 412000 0.0183762 0.16982 0.811803 8
64 337.692 413000 0.0183777 0.169826 0.811797 19
64 338.526 414000 0.0183575 0.169848 0.811795 10
64 339.339 415000 0.0183446 0.169851 0.811805 13
64 340.225 416000 0.0183293 0.169897 0.811774 12
64 341.033 417000 0.0183094 0.169904 0.811787 10
64 341.885 418000 0.0182871 0.169938 0.811775 9
64 342.71 419000 0.018284 0.169938 0.811778 17
64 343.558 420000 0.0182619 0.169969 0.811769 9
64 344.418 421000 0.0182494 0.17 0.811751 13
64 345.248 422000 0.0182322 0.170014 0.811754 11
64 346.082 423000 0.018234 0.170014 0.811752 19
64 346.886 424000 0.0182311 0.170002 0.811767 17
64 347.755 425000 0.0182353 0.170019 0.811746 20
64 348.558 426000 0.01823 0.170009 0.811761 16
64 349.358 427000 0.0182459 0.169977 0.811778 25
64 350.148 428000 0.0182383 0.169963 0.811799 15
64 350.943 429000 0.0182308 0.169951 0.811818 15
64 351.786 430000 0.0182233 0.169965 0.811812 15
64 352.603 431000 0.0182204 0.169963 0.811817 17
64 353.432 432000 0.0182269 0.169954 0.811819 21
64 354.288 433000 0.0182102 0.169984 0.811806 11
64 355.101 434000 0.0182097 0.169975 0.811816 18
64 355.883 435000 0.0182046 0.169954 0.811841 16
64 356.699 436000 0.0182156 0.169936 0.811849 23
64 357.512 437000 0.0182082 0.169934 0.811858 15
64 358.337 438000 0.0182237 0.169916 0.811861 25
64 359.145 439000 0.0182255 0.169902 0.811872 19
64 359.975 440000 0.0182182 0.169909 0.811873 15
64 360.8 441000 0.0182109 0.169914 0.811875 15
64 361.665 442000 0.0182014 0.169943 0.811855 14
64 362.46 443000 0.0182009 0.169926 0.811874 18
64 363.272 444000 0.0181959 0.169919 0.811885 16
64 364.089 445000 0.0181955 0.169912 0.811892 18
64 364.906 446000 0.0181928 0.169908 0.811899 17
64 365.735 447000 0.0181924 0.169908 0.811899 18
64 366.5 448000 0.0181942 0.169873 0.811933 19
64 367.334 449000 0.0181938 0.169875 0.811931 18
64 368.142 450000 0.0181978 0.16986 0.811942 20
64 368.967 451000 0.0181996 0.169856 0.811945 19
64 369.828 452000 0.0181858 0.169885 0.811929 12
64 370.609 453000 0.0181744 0.169872 0.811954 13
64 371.496 454000 0.0181718 0.169903 0.811925 17
64 372.282 455000 0.0181692 0.169884 0.811947 17
64 373.081 456000 0.0181579 0.169879 0.811963 13
64 373.981 457000 0.0181554 0.169917 0.811928 17
64 374.772 458000 0.018155 0.169897 0.811948 18
64 375.615 459000 0.0181656 0.169893 0.811941 23
64 376.44 460000 0.0181543 0.169902 0.811943 13
64 377.248 461000 0.0181497 0.169896 0.811954 16
64 378.073 462000 0.0181558 0.169887 0.811957 21
64 378.908 463000 0.0181512 0.169894 0.811955 16
64 379.746 464000 0.0181358 0.169914 0.81195 11
64 380.567 465000 0.0181333 0.169912 0.811955 17
64 381.345 466000 0.0181288 0.169891 0.811981 16
64 382.166 467000 0.0181135 0.169901 0.811985 11
64 383.009 468000 0.0181239 0.169897 0.811979 23
64 383.83 469000 0.0181365 0.169881 0.811983 24
64 384.594 470000 0.0181468 0.169838 0.812015 23
64 385.437 471000 0.018155 0.169839 0.812006 22
64 386.254 472000 0.0181547 0.169831 0.812015 18
64 387.04 473000 0.0181438 0.16982 0.812036 13
64 387.861 474000 0.0181414 0.169819 0.81204 17
64 388.691 475000 0.0181326 0.169827 0.81204 14
64 389.52 476000 0.0181387 0.169821 0.81204 21
64 390.328 477000 0.0181363 0.169813 0.81205 17
64 391.128 478000 0.0181402 0.169795 0.812065 20
64 391.984 479000 0.0181378 0.169812 0.81205 17
64 392.783 480000 0.0181333 0.1698 0.812067 16
64 393.608 481000 0.0181289 0.169805 0.812067 16
64 394.464 482000 0.0181224 0.169822 0.812056 15
64 395.259 483000 0.0181201 0.169807 0.812072 17
64 396.111 484000 0.0181157 0.169824 0.81206 16
64 396.897 485000 0.0181299 0.169788 0.812082 25
64 397.718 486000 0.018142 0.169772 0.812086 24
64 398.53 487000 0.0181499 0.169758 0.812092 22
64 399.295 488000 0.0181557 0.169721 0.812123 21
64 400.103 489000 0.0181513 0.169714 0.812135 16
64 400.893 490000 0.0181469 0.1697 0.812153 16
64 401.723 491000 0.0181507 0.169699 0.812151 20
64 402.553 492000 0.0181524 0.169695 0.812152 19
64 403.326 493000 0.018146 0.169675 0.812178 15
64 404.173 494000 0.0181457 0.169684 0.81217 18
64 405.02 495000 0.0181374 0.169701 0.812162 14
64 405.82 496000 0.018119 0.169706 0.812175 9
64 406.698 497000 0.0181147 0.169732 0.812153 16
64 407.462 498000 0.0181124 0.169705 0.812183 17
64 408.322 499000 0.0181082 0.169723 0.812168 16
64 409.156 500000 0.018098 0.169738 0.812164 13
64 409.991 501000 0.0180798 0.169756 0.812164 9
64 410.847 502000 0.0180757 0.169773 0.812151 16
64 411.65 503000 0.0180577 0.169779 0.812163 9
64 412.524 504000 0.0180496 0.169808 0.812143 14
64 413.384 505000 0.0180475 0.169826 0.812127 17
64 414.175 506000 0.0180514 0.169802 0.812146 20
64 415.009 507000 0.0180513 0.169805 0.812144 18
64 415.847 508000 0.0180453 0.169815 0.81214 15
64 416.668 509000 0.0180609 0.169796 0.812143 26
64 417.498 510000 0.018051 0.169806 0.812143 13
64 418.297 511000 0.018047 0.169796 0.812157 16
64 419.136 512000 0.0180449 0.169803 0.812152 17
64 419.944 513000 0.0180429 0.169797 0.81216 17
64 420.791 514000 0.0180389 0.169807 0.812154 16
64 421.621 515000 0.0180388 0.16981 0.812151 18
64 422.442 516000 0.0180349 0.169808 0.812157 16
64 423.289 517000 0.0180445 0.169807 0.812149 23
64 424.093 518000 0.0180405 0.169799 0.81216 16
64 424.901 519000 0.018052 0.16978 0.812168 24
64 425.709 520000 0.0180538 0.169767 0.812179 19
64 426.53 521000 0.0180441 0.169774 0.812182 13
64 427.403 522000 0.0180421 0.169795 0.812163 17
64 428.207 523000 0.0180249 0.169801 0.812174 9
64 429.028 524000 0.018021 0.169802 0.812177 16
64 429.854 525000 0.018021 0.169802 0.812177 18
64 430.67 526000 0.0180114 0.169804 0.812184 13
64 431.491 527000 0.0179981 0.169814 0.812188 11
64 432.369 528000 0.0179848 0.169848 0.812167 11
64 433.164 529000 0.0179811 0.169837 0.812181 16
64 434.011 530000 0.0179774 0.169849 0.812174 16
64 434.854 531000 0.017968 0.169864 0.812168 13
64 435.706 532000 0.0179662 0.169876 0.812158 17
64 436.501 533000 0.0179625 0.169865 0.812173 16
64 437.309 534000 0.0179644 0.169854 0.812182 19
64 438.147 535000 0.0179607 0.169862 0.812178 16
64 438.951 536000 0.0179664 0.169845 0.812188 21
64 439.763 537000 0.0179609 0.169845 0.812194 15
64 440.593 538000 0.0179535 0.169851 0.812195 14
64 441.436 539000 0.0179555 0.169855 0.812189 19
64 442.288 540000 0.0179537 0.169867 0.81218 17
64 443.096 541000 0.0179556 0.169856 0.812189 19
64 443.899 542000 0.0179446 0.169856 0.812199 12
64 444.725 543000 0.0179521 0.169847 0.812201 22
64 445.554 544000 0.0179559 0.169844 0.8122 20
64 446.371 545000 0.0179486 0.169846 0.812206 14
64 447.162 546000 0.0179414 0.169839 0.81222 14
64 447.965 547000 0.017936 0.169832 0.812232 15
64 448.778 548000 0.0179288 0.169832 0.812239 14
64 449.629 549000 0.0179253 0.169845 0.81223 16
64 450.472 550000 0.0179236 0.169853 0.812224 17
64 451.298 551000 0.0179129 0.169862 0.812225 12
64 452.097 552000 0.017913 0.16985 0.812237 18
64 452.935 553000 0.017906 0.169863 0.812231 14
64 453.783 554000 0.0179043 0.16987 0.812226 17
64 454.599 555000 0.0179063 0.169863 0.812231 19
64 455.434 556000 0.0178957 0.169878 0.812227 12
64 456.255 557000 0.0178923 0.169876 0.812232 16
64 457.093 558000 0.0178817 0.169892 0.812226 12
64 457.936 559000 0.0178712 0.169907 0.812222 12
64 458.783 560000 0.0178554 0.169932 0.812213 9
64 459.639 561000 0.0178467 0.169952 0.812201 13
64 460.456 562000 0.017831 0.169961 0.812208 9
64 461.255 563000 0.0178348 0.169947 0.812218 20
64 462.055 564000 0.0178404 0.169927 0.812232 21
64 462.919 565000 0.0178442 0.16994 0.812216 20
64 463.736 566000 0.0178428 0.169936 0.812221 17
64 464.583 567000 0.017843 0.169942 0.812215 18
64 465.361 568000 0.0178415 0.169923 0.812236 17
64 466.204 569000 0.0178401 0.16993 0.81223 17
64 466.998 570000 0.0178439 0.169914 0.812242 20
64 467.828 571000 0.0178336 0.169923 0.812243 12
64 468.649 572000 0.0178357 0.16992 0.812245 19
64 469.462 573000 0.0178342 0.169913 0.812253 17
64 470.239 574000 0.0178397 0.169887 0.812274 21
64 471.06 575000 0.0178296 0.169896 0.812275 12
64 471.877 576000 0.0178264 0.169894 0.81228 16
64 472.742 577000 0.0178198 0.169915 0.812265 14
64 473.558 578000 0.0178183 0.16991 0.812272 17
64 474.375 579000 0.0178152 0.16991 0.812275 16
64 475.174 580000 0.0178138 0.169898 0.812288 17
64 475.995 581000 0.0178107 0.1699 0.812289 16
64 476.843 582000 0.0178179 0.169899 0.812284 22
64 477.633 583000 0.0178148 0.169887 0.812298 16
64 478.446 584000 0.0178219 0.169873 0.812305 22
64 479.258 585000 0.0178171 0.169872 0.812311 15
64 480.07 586000 0.0178123 0.16987 0.812317 15
64 480.957 587000 0.0178058 0.169901 0.812293 14
64 481.712 588000 0.0178214 0.169855 0.812323 27
64 482.542 589000 0.0178132 0.169864 0.812323 13
64 483.363 590000 0.0178119 0.169863 0.812325 17
64 484.167 591000 0.0178122 0.169853 0.812335 18
64 484.984 592000 0.0178176 0.169843 0.81234 21
64 485.805 593000 0.0178128 0.169845 0.812342 15
64 486.617 594000 0.0178182 0.169833 0.812348 21
64 487.434 595000 0.0178034 0.169844 0.812353 9
64 488.259 596000 0.017797 0.169849 0.812354 14
64 489.133 597000 0.0177873 0.169876 0.812337 12
64 489.989 598000 0.0177793 0.169895 0.812326 13
64 490.783 599000 0.017773 0.169888 0.812339 14
64 491.596 600000 0.0177733 0.169883 0.812343 18
64 492.434 601000 0.0177687 0.16989 0.812341 15
64 493.251 602000 0.0177741 0.169882 0.812344 21
64 494.107 603000 0.0177828 0.169882 0.812335 23
64 494.906 604000 0.0177831 0.169871 0.812346 18
64 495.732 605000 0.0177802 0.169873 0.812347 16
64 496.54 606000 0.0177987 0.169847 0.812355 29
64 497.352 607000 0.0177891 0.16985 0.812361 12
64 498.169 608000 0.0177944 0.16984 0.812365 21
64 498.981 609000 0.0177947 0.169834 0.812371 18
64 499.793 610000 0.0178 0.169823 0.812377 21
64 500.654 611000 0.0177905 0.169845 0.812365 12
64 501.449 612000 0.0177859 0.169837 0.812377 15
64 502.274 613000 0.0177928 0.169829 0.812378 22
64 503.087 614000 0.017798 0.169819 0.812383 21
64 503.921 615000 0.0177935 0.169824 0.812382 15
64 504.729 616000 0.0177922 0.169818 0.81239 17
64 505.545 617000 0.0177861 0.16982 0.812394 14
64 506.406 618000 0.0177896 0.169828 0.812382 20
64 507.196 619000 0.0177835 0.169821 0.812396 14
64 508.061 620000 0.0177758 0.169842 0.812382 13
64 508.86 621000 0.0177794 0.169829 0.812391 20
64 509.69 622000 0.0177814 0.169826 0.812392 19
64 510.467 623000 0.0177849 0.169804 0.812411 20
64 511.284 624000 0.0177821 0.169803 0.812415 16
64 512.123 625000 0.0177856 0.169803 0.812411 20
64 512.909 626000 0.0177859 0.169788 0.812427 18
64 513.743 627000 0.0177927 0.169783 0.812424 22
64 514.542 628000 0.0177914 0.169775 0.812433 17
64 515.372 629000 0.0177917 0.169774 0.812434 18
64 516.232 630000 0.0177762 0.169803 0.812421 8
64 517.023 631000 0.0177718 0.169792 0.812436 15
64 517.896 632000 0.0177674 0.169815 0.812418 15
64 518.709 633000 0.0177567 0.169818 0.812425 11
64 519.486 634000 0.0177666 0.16979 0.812443 24
64 520.364 635000 0.0177685 0.169806 0.812425 19
64 521.15 636000 0.0177594 0.1698 0.81244 12
64 521.967 637000 0.0177535 0.169804 0.812443 14
64 522.81 638000 0.0177461 0.169815 0.812439 13
64 523.64 639000 0.0177418 0.16982 0.812438 15
64 524.487 640000 0.0177406 0.16983 0.81243 17
64 525.273 641000 0.0177348 0.169819 0.812446 14
64 526.116 642000 0.0177399 0.169819 0.812441 21
64 526.928 643000 0.0177403 0.169815 0.812445 18
64 527.732 644000 0.0177593 0.169786 0.812455 30
64 528.579 645000 0.0177535 0.169798 0.812448 14
64 529.357 646000 0.0177492 0.169785 0.812466 15
64 530.204 647000 0.0177543 0.169787 0.812459 21
64 530.994 648000 0.0177608 0.169767 0.812472 22
64 531.815 649000 0.0177658 0.16976 0.812475 21
64 532.65 650000 0.0177692 0.169758 0.812472 20
64 533.449 651000 0.0177665 0.169751 0.812482 16
64 534.283 652000 0.0177776 0.169744 0.812479 25
64 535.065 653000 0.0177795 0.169724 0.812496 19
64 535.864 654000 0.0177905 0.169703 0.812506 25
64 536.681 655000 0.0177924 0.169699 0.812508 19
64 537.489 656000 0.0178003 0.169683 0.812517 23
64 538.279 657000 0.0177991 0.169671 0.81253 17
64 539.1 658000 0.017807 0.169661 0.812532 23
64 539.908 659000 0.0178027 0.16966 0.812537 15
64 540.734 660000 0.0178 0.169662 0.812538 16
64 541.568 661000 0.0177958 0.169667 0.812537 15
64 542.385 662000 0.0177915 0.169668 0.812541 15
64 543.206 663000 0.0177919 0.169667 0.812541 18
64 544.027 664000 0.0177892 0.169666 0.812545 16
64 544.861 665000 0.0177865 0.169671 0.812543 16
64 545.682 666000 0.0177793 0.169676 0.812545 13
64 546.525 667000 0.0177736 0.169687 0.81254 14
64 547.355 668000 0.0177844 0.169677 0.812539 25
64 548.171 669000 0.0177833 0.169674 0.812543 17
64 548.971 670000 0.0177881 0.16966 0.812552 21
64 549.739 671000 0.0177839 0.169644 0.812572 15
64 550.591 672000 0.0177723 0.169664 0.812564 10
64 551.408 673000 0.0177771 0.169655 0.812568 21
64 552.229 674000 0.0177849 0.169647 0.812568 23
64 553.067 675000 0.0177837 0.16965 0.812566 17
64 553.871 676000 0.0177885 0.169638 0.812574 21
64 554.692 677000 0.0177799 0.169644 0.812576 12
64 555.496 678000 0.0177729 0.169643 0.812584 13
64 556.317 679000 0.017782 0.169632 0.812586 24
64 557.125 680000 0.0177882 0.169619 0.812593 22
64 557.928 681000 0.0177871 0.169612 0.812601 17
64 558.754 682000 0.017783 0.169616 0.812601 15
64 559.54 683000 0.0177921 0.169594 0.812613 24
64 560.365 684000 0.0177895 0.169596 0.812614 16
64 561.173 685000 0.0177869 0.169591 0.812622 16
64 561.968 686000 0.0177945 0.169574 0.812631 23
64 562.815 687000 0.0177948 0.169579 0.812626 18
64 563.619 688000 0.0177834 0.169583 0.812634 10
64 564.458 689000 0.0177939 0.169576 0.81263 25
64 565.27 690000 0.0177928 0.169572 0.812635 17
64 566.078 691000 0.0177945 0.169564 0.812641 19
64 566.925 692000 0.0177847 0.169581 0.812634 11
64 567.755 693000 0.0177706 0.169596 0.812633 8
64 568.58 694000 0.0177651 0.169601 0.812634 14
64 569.423 695000 0.0177568 0.169614 0.812629 12
64 570.214 696000 0.0177716 0.169589 0.812639 28
64 571.092 697000 0.0177719 0.169604 0.812624 18
64 571.908 698000 0.0177679 0.169605 0.812628 15
64 572.699 699000 0.0177668 0.169594 0.812639 17
64 573.494 700000 0.0177714 0.169579 0.81265 21
64 574.311 701000 0.017766 0.169582 0.812652 14
64 575.11 702000 0.0177721 0.169566 0.812662 22
64 575.961 703000 0.017761 0.169585 0.812654 10
64 576.761 704000 0.0177571 0.16958 0.812663 15
64 577.595 705000 0.0177589 0.16958 0.812661 19
64 578.429 706000 0.0177521 0.169589 0.812659 13
64 579.268 707000 0.0177539 0.169591 0.812655 19
64 580.097 708000 0.0177486 0.169597 0.812654 14
64 580.892 709000 0.0177433 0.169592 0.812664 14
64 581.726 710000 0.0177408 0.169597 0.812662 16
64 582.6 711000 0.0177328 0.16962 0.812647 12
64 583.408 712000 0.0177346 0.169614 0.812652 19
64 584.242 713000 0.0177293 0.169621 0.812649 14
64 585.019 714000 0.0177255 0.169608 0.812667 15
64 585.845 715000 0.0177315 0.169601 0.812667 22
64 586.697 716000 0.0177221 0.169619 0.812659 11
64 587.513 717000 0.0177252 0.169612 0.812662 20
64 588.352 718000 0.017734 0.169609 0.812657 24
64 589.142 719000 0.0177288 0.169601 0.81267 14
64 590.011 720000 0.0177264 0.169617 0.812657 16
64 590.819 721000 0.0177212 0.169616 0.812663 14
64 591.645 722000 0.0177202 0.169616 0.812663 17
64 592.488 723000 0.0177109 0.169632 0.812657 11
64 593.287 724000 0.017703 0.16963 0.812667 12
64 594.108 725000 0.0177103 0.169622 0.812668 23
64 594.995 726000 0.0177121 0.169638 0.81265 19
64 595.811 727000 0.017707 0.16964 0.812653 14
64 596.659 728000 0.0177005 0.169654 0.812646 13
64 597.493 729000 0.0176914 0.169664 0.812645 11
64 598.323 730000 0.0176822 0.169674 0.812644 11
64 599.161 731000 0.0176758 0.169684 0.81264 13
64 600 732000 0.0176653 0.169699 0.812635 10
64 600.838 733000 0.0176603 0.169707 0.812633 14
64 601.672 734000 0.0176471 0.169722 0.812631 8
64 602.524 735000 0.0176463 0.169731 0.812623 17
64 603.336 736000 0.0176603 0.169712 0.812628 28
64 604.131 737000 0.0176513 0.169711 0.812638 11
64 604.965 738000 0.0176477 0.169717 0.812636 15
64 605.835 739000 0.0176401 0.169737 0.812622 12
64 606.634 740000 0.0176405 0.16973 0.81263 18
64 607.437 741000 0.0176383 0.169725 0.812637 16
64 608.28 742000 0.0176388 0.169729 0.812632 18
64 609.088 743000 0.0176299 0.169731 0.812639 11
64 609.944 744000 0.0176331 0.169738 0.812629 20
64 610.726 745000 0.0176282 0.169729 0.812643 14
64 611.517 746000 0.017626 0.169718 0.812655 16
64 612.346 747000 0.0176225 0.169723 0.812655 15
64 613.15 748000 0.0176297 0.169709 0.812662 23
64 613.989 749000 0.0176288 0.169714 0.812657 17
64 614.805 750000 0.0176307 0.169708 0.812661 19
64 615.6 751000 0.0176325 0.169696 0.812671 19
64 616.46 752000 0.0176343 0.169705 0.812661 19
64 617.251 753000 0.0176282 0.1697 0.812672 13
64 618.094 754000 0.0176247 0.169708 0.812667 15
64 618.906 755000 0.0176225 0.169706 0.812672 16
64 619.706 756000 0.017631 0.16969 0.812679 24
64 620.54 757000 0.0176367 0.169686 0.812678 22
64 621.356 758000 0.0176293 0.16969 0.812681 12
64 622.195 759000 0.0176245 0.169698 0.812677 14
64 623.003 760000 0.017625 0.169692 0.812683 18
64 623.815 761000 0.0176189 0.169694 0.812687 13
64 624.649 762000 0.0176207 0.169694 0.812685 19
64 625.47 763000 0.0176186 0.169695 0.812687 16
64 626.331 764000 0.0176073 0.169716 0.812677 9
64 627.143 765000 0.0176092 0.16971 0.812681 19
64 627.973 766000 0.0176175 0.169702 0.81268 24
64 628.75 767000 0.0176128 0.169692 0.812695 14
64 629.615 768000 0.0176107 0.169706 0.812684 16
64 630.436 769000 0.0176177 0.169698 0.812684 23
64 631.235 770000 0.0176156 0.169691 0.812694 16
64 632.061 771000 0.0176161 0.16969 0.812694 18
64 632.869 772000 0.0176101 0.16969 0.812699 13
64 633.76 773000 0.0176067 0.169713 0.81268 15
64 634.559 774000 0.0175982 0.169713 0.812689 11
64 635.376 775000 0.0175974 0.169711 0.812692 17
64 636.21 776000 0.0175966 0.169715 0.812688 17
64 637.07 777000 0.017583 0.169737 0.81268 7
64 637.896 778000 0.0175758 0.169746 0.812679 12
64 638.769 779000 0.0175648 0.16977 0.812665 9
64 639.573 780000 0.0175564 0.169772 0.812672 11
64 640.425 781000 0.017557 0.169777 0.812666 18
64 641.254 782000 0.0175678 0.169767 0.812665 26
64 642.04 783000 0.0175709 0.169752 0.812677 20
64 642.87 784000 0.017574 0.16975 0.812676 20
64 643.652 785000 0.0175758 0.169736 0.812688 19
64 644.477 786000 0.0175725 0.169738 0.81269 15
64 645.277 787000 0.0175781 0.169724 0.812698 22
64 646.093 788000 0.017585 0.169714 0.812701 23
64 646.897 789000 0.0175868 0.169706 0.812707 19
64 647.731 790000 0.0175899 0.169705 0.812705 20
64 648.565 791000 0.0175879 0.16971 0.812702 16
64 649.391 792000 0.0175947 0.169702 0.812703 23
64 650.181 793000 0.0176078 0.169678 0.812714 28
64 650.95 794000 0.0176108 0.169659 0.81273 20
64 651.758 795000 0.0176101 0.169655 0.812735 17
64 652.566 796000 0.0176118 0.169647 0.812741 19
64 653.357 797000 0.0176223 0.169627 0.81275 26
64 654.191 798000 0.0176203 0.16963 0.812749 16
64 655.016 799000 0.017617 0.169633 0.81275 15
64 655.82 800000 0.0176213 0.169623 0.812756 21
64 656.645 801000 0.017618 0.169625 0.812757 15
64 657.453 802000 0.0176197 0.169618 0.812762 19
64 658.257 803000 0.0176177 0.169614 0.812768 16
64 659.052 804000 0.0176206 0.169602 0.812777 20
64 659.877 805000 0.0176236 0.1696 0.812776 20
64 660.716 806000 0.0176278 0.169598 0.812774 21
64 661.532 807000 0.0176295 0.169594 0.812777 19
64 662.323 808000 0.0176287 0.169584 0.812787 17
64 663.175 809000 0.017623 0.169597 0.81278 13
64 664.035 810000 0.0176259 0.169604 0.81277 20
64 664.86 811000 0.0176165 0.169613 0.812771 10
64 665.69 812000 0.0176071 0.169623 0.81277 10
64 666.498 813000 0.0176015 0.169624 0.812775 13
64 667.306 814000 0.0176069 0.169613 0.81278 22
64 668.166 815000 0.0176061 0.169623 0.812771 17
64 668.996 816000 0.0176017 0.169629 0.81277 14
64 669.83 817000 0.0176047 0.169628 0.812767 20
64 670.634 818000 0.0176015 0.169625 0.812774 15
64 671.429 819000 0.0176081 0.169611 0.812781 23
64 672.241 820000 0.0176134 0.1696 0.812787 22
64 673.08 821000 0.0176175 0.169599 0.812783 21
64 673.835 822000 0.0176156 0.169582 0.812803 16
64 674.665 823000 0.0176148 0.169583 0.812802 17
64 675.473 824000 0.0176104 0.169583 0.812807 14
64 676.325 825000 0.0176073 0.169594 0.812799 15
64 677.15 826000 0.0176077 0.169592 0.8128 18
64 677.98 827000 0.0176082 0.169594 0.812798 18
64 678.801 828000 0.0176147 0.169585 0.812801 23
64 679.618 829000 0.0176104 0.169586 0.812803 14
64 680.452 830000 0.0176096 0.169589 0.812801 17
64 681.277 831000 0.0176125 0.169586 0.812801 20
64 682.081 832000 0.017613 0.169579 0.812808 18
64 682.933 833000 0.0176134 0.169586 0.812801 18
64 683.749 834000 0.0176175 0.169579 0.812803 21
64 684.557 835000 0.0176132 0.169578 0.812808 14
64 685.396 836000 0.0176089 0.169586 0.812805 14
64 686.213 837000 0.0176129 0.169579 0.812808 21
64 687.073 838000 0.0176122 0.169589 0.812798 17
64 687.92 839000 0.0176055 0.169603 0.812791 12
64 688.741 840000 0.0176 0.169606 0.812794 13
64 689.602 841000 0.0175922 0.169623 0.812785 11
64 690.414 842000 0.017595 0.169618 0.812787 20
64 691.253 843000 0.0175896 0.169625 0.812785 13
64 692.113 844000 0.0175853 0.169639 0.812776 14
64 692.899 845000 0.0175787 0.169634 0.812787 12
64 693.768 846000 0.0175757 0.169649 0.812775 15
64 694.576 847000 0.0175643 0.169655 0.81278 8
64 695.415 848000 0.0175566 0.169666 0.812777 11
64 696.284 849000 0.0175501 0.169684 0.812766 12
64 697.092 850000 0.0175494 0.16968 0.812771 17
64 697.974 851000 0.0175417 0.169703 0.812756 11
64 698.773 852000 0.0175352 0.169702 0.812763 12
64 699.607 853000 0.0175393 0.1697 0.812761 21
64 700.394 854000 0.0175386 0.16969 0.812772 17
64 701.21 855000 0.0175333 0.169694 0.812773 13
64 702.066 856000 0.0175315 0.169702 0.812766 16
64 702.887 857000 0.0175298 0.169702 0.812768 16
64 703.713 858000 0.0175303 0.169703 0.812767 18
64 704.564 859000 0.0175308 0.169708 0.812761 18
64 705.364 860000 0.0175291 0.169702 0.812769 16
64 706.176 861000 0.0175331 0.169695 0.812772 21
64 706.98 862000 0.0175325 0.169689 0.812778 17
64 707.809 863000 0.0175284 0.169694 0.812778 14
64 708.652 864000 0.0175289 0.169698 0.812773 18
64 709.43 865000 0.0175295 0.169684 0.812786 18
64 710.26 866000 0.0175312 0.169684 0.812785 19
64 711.041 867000 0.0175317 0.169672 0.812796 18
64 711.854 868000 0.0175323 0.169667 0.812801 18
64 712.697 869000 0.017542 0.169662 0.812796 26
64 713.492 870000 0.0175414 0.169655 0.812803 17
64 714.334 871000 0.0175419 0.169659 0.812799 18
64 715.147 872000 0.0175344 0.169662 0.812804 11
64 715.985 873000 0.0175349 0.169664 0.812801 18
64 716.837 874000 0.0175389 0.169668 0.812793 21
64 717.654 875000 0.0175291 0.169674 0.812797 9
64 718.501 876000 0.0175297 0.16968 0.81279 18
64 719.318 877000 0.0175382 0.169668 0.812794 25
64 720.139 878000 0.0175353 0.169671 0.812794 15
64 720.934 879000 0.0175381 0.169659 0.812803 20
64 721.755 880000 0.0175352 0.16966 0.812805 15
64 722.611 881000 0.0175437 0.169661 0.812796 25
64 723.392 882000 0.0175329 0.169659 0.812808 8
64 724.227 883000 0.0175323 0.169663 0.812805 17
64 725.017 884000 0.0175373 0.169648 0.812814 22
64 725.816 885000 0.0175367 0.169641 0.812823 17
64 726.659 886000 0.0175406 0.169641 0.812818 21
64 727.476 887000 0.0175378 0.169643 0.81282 15
64 728.306 888000 0.0175417 0.169639 0.81282 21
64 729.114 889000 0.0175399 0.169636 0.812825 16
64 729.948 890000 0.0175371 0.16964 0.812822 15
64 730.756 891000 0.017541 0.169632 0.812827 21
64 731.586 892000 0.0175359 0.169638 0.812826 13
64 732.416 893000 0.0175274 0.169648 0.812824 10
64 733.237 894000 0.017528 0.169645 0.812827 18
64 734.049 895000 0.0175263 0.169645 0.812829 16
64 734.909 896000 0.0175234 0.169655 0.812821 15
64 735.713 897000 0.0175128 0.16966 0.812827 8
64 736.569 898000 0.0175178 0.169663 0.81282 22
64 737.421 899000 0.0175072 0.16968 0.812813 8
64 738.202 900000 0.0175122 0.169664 0.812823 22
64 739.045 901000 0.0175128 0.169667 0.81282 18
64 739.866 902000 0.0175144 0.169664 0.812822 19
64 740.666 903000 0.017515 0.169657 0.812828 18
64 741.482 904000 0.0175188 0.16965 0.812831 21
64 742.299 905000 0.0175204 0.169646 0.812833 19
64 743.094 906000 0.0175143 0.169645 0.812841 12
64 743.932 907000 0.0175138 0.169648 0.812838 17
64 744.714 908000 0.0175165 0.169634 0.812849 20
64 745.535 909000 0.0175138 0.169636 0.81285 15
64 746.378 910000 0.0175132 0.169641 0.812846 17
64 747.191 911000 0.0175093 0.169641 0.81285 14
64 748.016 912000 0.0175099 0.169641 0.812849 18
64 748.807 913000 0.0175082 0.169633 0.812859 16
64 749.619 914000 0.0175109 0.169628 0.812861 20
64 750.436 915000 0.0175126 0.169623 0.812864 19
64 751.23 916000 0.0175055 0.169622 0.812872 11
64 752.056 917000 0.0175049 0.169623 0.812872 17
64 752.846 918000 0.0175065 0.169613 0.81288 19
64 753.668 919000 0.0175082 0.169609 0.812882 19
64 754.471 920000 0.017512 0.1696 0.812888 21
64 755.266 921000 0.017519 0.169586 0.812895 24
64 756.1 922000 0.0175152 0.169592 0.812893 14
64 756.895 923000 0.0175179 0.169581 0.812901 20
64 757.712 924000 0.0175195 0.169577 0.812904 19
64 758.542 925000 0.0175103 0.169587 0.812903 9
64 759.354 926000 0.0175065 0.169589 0.812905 14
64 760.21 927000 0.0175156 0.169586 0.812899 26
64 761.018 928000 0.0175194 0.169578 0.812903 21
64 761.843 929000 0.0175188 0.169579 0.812902 17
64 762.647 930000 0.0175161 0.169575 0.812909 15
64 763.477 931000 0.0175166 0.169576 0.812908 18
64 764.298 932000 0.017515 0.169577 0.812908 16
64 765.119 933000 0.0175145 0.169577 0.812909 17
64 765.966 934000 0.0175075 0.169588 0.812905 11
64 766.757 935000 0.0175048 0.169582 0.812913 15
64 767.578 936000 0.0175032 0.169582 0.812915 16
64 768.429 937000 0.0174973 0.169594 0.812908 12
64 769.277 938000 0.0174968 0.1696 0.812903 17
64 770.089 939000 0.017492 0.169602 0.812906 13
64 770.936 940000 0.017484 0.169615 0.812901 10
64 771.727 941000 0.0174899 0.1696 0.81291 23
64 772.565 942000 0.0174851 0.169608 0.812907 13
64 773.395 943000 0.0174857 0.169609 0.812906 18
64 774.251 944000 0.017482 0.16962 0.812898 14
64 775.064 945000 0.0174783 0.16962 0.812902 14
64 775.871 946000 0.0174736 0.169621 0.812906 13
64 776.723 947000 0.0174741 0.169626 0.8129 18
64 777.531 948000 0.0174736 0.169622 0.812904 17
64 778.357 949000 0.0174742 0.169622 0.812904 18
64 779.151 950000 0.0174716 0.169617 0.812912 15
64 779.951 951000 0.0174679 0.169615 0.812917 14
64 780.829 952000 0.0174674 0.169627 0.812905 17
64 781.623 953000 0.0174669 0.169621 0.812912 17
64 782.436 954000 0.0174686 0.169615 0.812916 19
64 783.27 955000 0.0174691 0.169617 0.812914 18
64 784.095 956000 0.0174655 0.16962 0.812914 14
64 784.916 957000 0.0174619 0.169623 0.812915 14
64 785.751 958000 0.0174635 0.169623 0.812913 19
64 786.593 959000 0.0174651 0.169626 0.812909 19
64 787.406 960000 0.0174656 0.169623 0.812911 18
64 788.205 961000 0.0174672 0.169614 0.812919 19
64 789.026 962000 0.0174615 0.169619 0.81292 12
64 789.847 963000 0.0174621 0.169617 0.812921 18
64 790.716 964000 0.0174544 0.169635 0.812911 10
64 791.502 965000 0.0174528 0.169627 0.81292 16
64 792.302 966000 0.0174513 0.169622 0.812927 16
64 793.127 967000 0.0174498 0.169624 0.812927 16
64 793.94 968000 0.0174514 0.169619 0.81293 19
64 794.778 969000 0.0174613 0.169612 0.812927 27
64 795.599 970000 0.0174557 0.169618 0.812927 12
64 796.407 971000 0.0174521 0.169616 0.812932 14
64 797.237 972000 0.0174496 0.169619 0.812931 15
64 798.071 973000 0.017446 0.169625 0.812929 14
64 798.91 974000 0.0174343 0.16964 0.812926 6
64 799.757 975000 0.0174287 0.16965 0.812921 12
64 800.604 976000 0.0174221 0.169662 0.812916 11
64 801.456 977000 0.0174145 0.169676 0.81291 10
64 802.307 978000 0.017408 0.169688 0.812904 11
64 803.111 979000 0.0174065 0.169684 0.812909 16
64 803.963 980000 0.0174051 0.169692 0.812903 16
64 804.744 981000 0.0174047 0.169683 0.812912 17
64 805.622 982000 0.0173992 0.1697 0.812901 12
64 806.43 983000 0.0173988 0.169696 0.812905 17
64 807.282 984000 0.0174014 0.1697 0.812898 20
64 808.072 985000 0.0174 0.169692 0.812908 16
64 808.885 986000 0.0174016 0.169688 0.812911 19
64 809.671 987000 0.0174073 0.169673 0.81292 23
64 810.488 988000 0.0174038 0.169674 0.812922 14
64 811.317 989000 0.0174055 0.169674 0.81292 19
64 812.121 990000 0.0174091 0.169665 0.812926 21
64 812.964 991000 0.0174077 0.16967 0.812922 16
64 813.794 992000 0.0174063 0.169672 0.812921 16
64 814.597 993000 0.0174068 0.169667 0.812926 18
64 815.462 994000 0.0174014 0.169681 0.812918 12
64 816.27 995000 0.017409 0.169669 0.812922 25
64 817.065 996000 0.0174127 0.169659 0.812929 21
64 817.89 997000 0.0174152 0.169657 0.812928 20
64 818.655 998000 0.0174148 0.169642 0.812943 17
64 819.528 999000 0.0174134 0.169655 0.812932 16
64 820.306 1e+06 0.017416 0.169641 0.812943 20
64 821.109 1.001e+06 0.0174186 0.169634 0.812947 20
64 821.943 1.002e+06 0.0174152 0.169639 0.812946 14
64 822.708 1.003e+06 0.0174187 0.169621 0.81296 21
64 823.551 1.004e+06 0.0174183 0.169626 0.812955 17
64 824.363 1.005e+06 0.0174219 0.169619 0.812959 21
64 825.188 1.006e+06 0.0174145 0.169626 0.812959 10
64 826.01 1.007e+06 0.0174131 0.169628 0.812959 16
64 826.822 1.008e+06 0.0174137 0.169623 0.812963 18
64 827.682 1.009e+06 0.0174163 0.169628 0.812955 20
64 828.508 1.01e+06 0.0174139 0.169631 0.812955 15
64 829.324 1.011e+06 0.0174144 0.169629 0.812956 18
64 830.106 1.012e+06 0.0174239 0.16961 0.812966 27
64 830.879 1.013e+06 0.0174225 0.169598 0.812979 16
64 831.726 1.014e+06 0.0174201 0.169606 0.812974 15
64 832.543 1.015e+06 0.0174177 0.169606 0.812976 15
64 833.399 1.016e+06 0.0174183 0.169612 0.812969 18
64 834.225 1.017e+06 0.0174149 0.169616 0.81297 14
64 835.059 1.018e+06 0.0174126 0.16962 0.812968 15
64 835.876 1.019e+06 0.0174171 0.169613 0.81297 22
64 836.688 1.02e+06 0.0174176 0.16961 0.812973 18
64 837.518 1.021e+06 0.0174153 0.169613 0.812972 15
64 838.326 1.022e+06 0.0174159 0.169609 0.812976 18
64 839.142 1.023e+06 0.0174076 0.169615 0.812978 9
64 839.977 1.024e+06 0.017415 0.169609 0.812976 25
64 840.811 1.025e+06 0.0174137 0.169613 0.812974 16
64 841.619 1.026e+06 0.0174103 0.169612 0.812978 14
64 842.431 1.027e+06 0.0174051 0.169614 0.812981 12
64 843.278 1.028e+06 0.0174105 0.169614 0.812976 23
64 844.126 1.029e+06 0.0174082 0.169621 0.812971 15
64 844.92 1.03e+06 0.0174039 0.169618 0.812978 13
64 845.755 1.031e+06 0.0174074 0.169617 0.812976 21
64 846.628 1.032e+06 0.0174021 0.169633 0.812965 12
64 847.467 1.033e+06 0.0173988 0.169639 0.812962 14
64 848.301 1.034e+06 0.0174004 0.169639 0.81296 19
64 849.126 1.035e+06 0.0174029 0.169637 0.81296 20
64 849.969 1.036e+06 0.0174054 0.169638 0.812957 20
64 850.79 1.037e+06 0.0174012 0.169641 0.812958 13
64 851.598 1.038e+06 0.0174008 0.169638 0.812961 17
64 852.445 1.039e+06 0.0173975 0.169646 0.812957 14
64 853.262 1.04e+06 0.0173942 0.169647 0.812959 14
64 854.083 1.041e+06 0.0174025 0.169638 0.81296 26
64 854.9 1.042e+06 0.017405 0.169633 0.812962 20
64 855.704 1.043e+06 0.0174046 0.169629 0.812966 17
64 856.529 1.044e+06 0.017409 0.169625 0.812966 22
64 857.35 1.045e+06 0.0174144 0.169618 0.812967 23
64 858.158 1.046e+06 0.0174111 0.169618 0.812971 14
64 858.979 1.047e+06 0.0174164 0.169611 0.812972 23
64 859.796 1.048e+06 0.017416 0.16961 0.812974 17
64 860.643 1.049e+06 0.0174099 0.169622 0.812969 11
64 861.447 1.05e+06 0.0174095 0.169616 0.812974 17
64 862.303 1.051e+06 0.0174082 0.169624 0.812968 16
64 863.128 1.052e+06 0.0174087 0.169624 0.812968 18
64 863.901 1.053e+06 0.0174103 0.169611 0.812979 19
64 864.788 1.054e+06 0.0174051 0.169629 0.812966 12
64 865.57 1.055e+06 0.0174085 0.169616 0.812975 21
64 866.421 1.056e+06 0.01741 0.16962 0.81297 19
64 867.234 1.057e+06 0.0174115 0.169617 0.812972 19
64 868.024 1.058e+06 0.0174093 0.169611 0.81298 15
64 868.88 1.059e+06 0.017406 0.16962 0.812974 14
64 869.649 1.06e+06 0.0174085 0.169606 0.812986 20
64 870.496 1.061e+06 0.0174138 0.169605 0.812981 23
64 871.269 1.062e+06 0.01742 0.169588 0.812992 24
64 872.06 1.063e+06 0.0174214 0.169579 0.813 19
64 872.92 1.064e+06 0.0174239 0.169584 0.812992 20
64 873.711 1.065e+06 0.0174188 0.169581 0.813 12
64 874.584 1.066e+06 0.0174146 0.169596 0.81299 13
64 875.396 1.067e+06 0.0174133 0.169594 0.812993 16
64 876.165 1.068e+06 0.0174139 0.169581 0.813005 18
64 877.021 1.069e+06 0.0174181 0.169584 0.812998 22
64 877.803 1.07e+06 0.0174121 0.16958 0.813007 11
64 878.641 1.071e+06 0.0174164 0.169579 0.813005 22
64 879.462 1.072e+06 0.0174132 0.169582 0.813005 14
64 880.283 1.073e+06 0.0174082 0.169586 0.813006 12
64 881.122 1.074e+06 0.0174097 0.169587 0.813004 19
64 881.965 1.075e+06 0.0174084 0.169592 0.813 16
64 882.738 1.076e+06 0.0174015 0.169587 0.813011 10
64 883.607 1.077e+06 0.0174058 0.169593 0.813001 22
64 884.393 1.078e+06 0.0174072 0.169583 0.81301 19
64 885.271 1.079e+06 0.017405 0.169596 0.812999 15
64 886.105 1.08e+06 0.0174046 0.169598 0.812997 17
64 886.918 1.081e+06 0.0174006 0.169599 0.813 13
64 887.76 1.082e+06 0.0174067 0.169597 0.812996 24
64 888.573 1.083e+06 0.0174007 0.1696 0.812999 11
64 889.42 1.084e+06 0.0173967 0.169609 0.812994 13
64 890.246 1.085e+06 0.0173926 0.169613 0.812994 13
64 891.075 1.086e+06 0.0173932 0.169613 0.812994 18
64 891.862 1.087e+06 0.0173937 0.169604 0.813002 18
64 892.669 1.088e+06 0.0173915 0.169603 0.813006 15
64 893.525 1.089e+06 0.017393 0.169608 0.812999 19
64 894.36 1.09e+06 0.017389 0.169614 0.812997 13
64 895.163 1.091e+06 0.0173941 0.169604 0.813002 23
64 896.019 1.092e+06 0.0173938 0.169611 0.812995 17
64 896.81 1.093e+06 0.0173925 0.169606 0.813002 16
64 897.653 1.094e+06 0.0173912 0.16961 0.812999 16
64 898.448 1.095e+06 0.0173954 0.169599 0.813005 22
64 899.247 1.096e+06 0.0173932 0.169597 0.81301 15
64 900.072 1.097e+06 0.0173911 0.169598 0.813011 15
64 900.885 1.098e+06 0.0173944 0.169592 0.813014 21
64 901.714 1.099e+06 0.0173904 0.169598 0.813012 13
64 902.562 1.1e+06 0.0173855 0.169606 0.813008 12
64 903.361 1.101e+06 0.017386 0.1696 0.813014 18
64 904.173 1.102e+06 0.0173884 0.169595 0.813016 20
64 904.999 1.103e+06 0.0173917 0.169592 0.813016 21
64 905.794 1.104e+06 0.0173904 0.169588 0.813022 16
64 906.623 1.105e+06 0.01739 0.169588 0.813022 17
64 907.449 1.106e+06 0.0173924 0.169586 0.813022 20
64 908.274 1.107e+06 0.0173966 0.169582 0.813022 22
64 909.108 1.108e+06 0.0173917 0.169588 0.81302 12
64 909.943 1.109e+06 0.017394 0.169588 0.813018 20
64 910.751 1.11e+06 0.0173937 0.169585 0.813022 17
64 911.563 1.111e+06 0.0173951 0.169581 0.813024 19
64 912.38 1.112e+06 0.0173894 0.169585 0.813026 11
64 913.196 1.113e+06 0.0173908 0.169581 0.813028 19
64 914.026 1.114e+06 0.017395 0.169578 0.813027 22
64 914.852 1.115e+06 0.0173892 0.169584 0.813027 11
64 915.647 1.116e+06 0.0173943 0.169573 0.813033 23
64 916.459 1.117e+06 0.0173966 0.169568 0.813036 20
64 917.276 1.118e+06 0.0174097 0.169553 0.813038 32
64 918.066 1.119e+06 0.0174111 0.169544 0.813045 19
64 918.87 1.12e+06 0.0174143 0.169537 0.813049 21
64 919.695 1.121e+06 0.0174219 0.169529 0.813049 26
64 920.525 1.122e+06 0.0174234 0.169529 0.813048 19
64 921.333 1.123e+06 0.0174248 0.169524 0.813051 19
64 922.123 1.124e+06 0.0174288 0.169513 0.813058 22
64 922.953 1.125e+06 0.0174249 0.169517 0.813058 13
64 923.752 1.126e+06 0.0174298 0.169507 0.813063 23
64 924.587 1.127e+06 0.0174312 0.169508 0.813061 19
64 925.36 1.128e+06 0.0174371 0.169491 0.813072 24
64 926.168 1.129e+06 0.017434 0.169491 0.813075 14
64 927.002 1.13e+06 0.0174292 0.169497 0.813073 12
64 927.827 1.131e+06 0.0174288 0.169499 0.813073 17
64 928.679 1.132e+06 0.0174293 0.169503 0.813068 18
64 929.483 1.133e+06 0.0174192 0.169508 0.813072 6
64 930.312 1.134e+06 0.0174215 0.169507 0.813071 20
64 931.129 1.135e+06 0.017422 0.169506 0.813072 18
64 931.959 1.136e+06 0.0174234 0.169504 0.813072 19
64 932.758 1.137e+06 0.0174257 0.169497 0.813077 20
64 933.592 1.138e+06 0.0174262 0.169498 0.813076 18
64 934.426 1.139e+06 0.0174258 0.1695 0.813074 17
64 935.261 1.14e+06 0.0174184 0.16951 0.813072 9
64 936.086 1.141e+06 0.0174172 0.169512 0.813071 16
64 936.903 1.142e+06 0.0174186 0.169509 0.813073 19
64 937.733 1.143e+06 0.0174182 0.16951 0.813072 17
64 938.549 1.144e+06 0.0174196 0.169506 0.813074 19
64 939.353 1.145e+06 0.0174175 0.169504 0.813079 15
64 940.161 1.146e+06 0.0174206 0.169498 0.813081 21
64 940.938 1.147e+06 0.017422 0.169486 0.813092 19
64 941.794 1.148e+06 0.0174199 0.169495 0.813085 15
64 942.633 1.149e+06 0.0174151 0.169502 0.813083 12
64 943.463 1.15e+06 0.0174148 0.169503 0.813082 17
64 944.279 1.151e+06 0.017417 0.1695 0.813083 20
64 945.07 1.152e+06 0.0174175 0.169493 0.813089 18
64 945.908 1.153e+06 0.017418 0.169494 0.813088 18
64 946.703 1.154e+06 0.0174203 0.169486 0.813094 20
64 947.511 1.155e+06 0.0174199 0.169484 0.813096 17
64 948.337 1.156e+06 0.0174221 0.169481 0.813097 20
64 949.153 1.157e+06 0.0174261 0.169475 0.813099 22
64 949.953 1.158e+06 0.0174223 0.169475 0.813103 13
64 950.774 1.159e+06 0.0174245 0.169471 0.813104 20
64 951.595 1.16e+06 0.0174233 0.169472 0.813104 16
64 952.407 1.161e+06 0.0174264 0.169466 0.813108 21
64 953.233 1.162e+06 0.0174294 0.169463 0.813108 21
64 954.076 1.163e+06 0.0174256 0.16947 0.813104 13
64 954.94 1.164e+06 0.0174235 0.16948 0.813096 15
64 955.731 1.165e+06 0.0174232 0.169474 0.813103 17
64 956.552 1.166e+06 0.0174228 0.169473 0.813104 17
64 957.382 1.167e+06 0.0174199 0.169477 0.813103 14
64 958.181 1.168e+06 0.0174221 0.16947 0.813108 20
64 959.059 1.169e+06 0.0174226 0.16948 0.813098 18
64 959.858 1.17e+06 0.0174154 0.169482 0.813103 9
64 960.723 1.171e+06 0.0174108 0.169494 0.813095 12
64 961.57 1.172e+06 0.0174078 0.169502 0.81309 14
64 962.374 1.173e+06 0.0174075 0.169499 0.813094 17
64 963.234 1.174e+06 0.0174063 0.169506 0.813088 16
64 964.051 1.175e+06 0.0174 0.169511 0.813089 10
64 964.898 1.176e+06 0.0173988 0.169517 0.813084 16
64 965.719 1.177e+06 0.0173951 0.169519 0.813086 13
64 966.505 1.178e+06 0.0173913 0.169516 0.813093 13
64 967.374 1.179e+06 0.0173902 0.169526 0.813084 16
64 968.217 1.18e+06 0.0173873 0.169531 0.813081 14
64 969.064 1.181e+06 0.0173878 0.169535 0.813077 18
64 969.907 1.182e+06 0.0173875 0.169539 0.813074 17
64 970.667 1.183e+06 0.0173846 0.169529 0.813086 14
64 971.51 1.184e+06 0.0173826 0.169535 0.813082 15
64 972.327 1.185e+06 0.0173806 0.169535 0.813084 15
64 973.152 1.186e+06 0.0173929 0.169524 0.813083 32
64 973.987 1.187e+06 0.0173968 0.169521 0.813083 22
64 974.738 1.188e+06 0.0173965 0.169508 0.813096 17
64 975.554 1.189e+06 0.0173936 0.169508 0.813098 14
64 976.419 1.19e+06 0.0173975 0.169512 0.813091 22
64 977.232 1.191e+06 0.0173955 0.169511 0.813093 15
64 978.031 1.192e+06 0.0173943 0.169508 0.813098 16
64 978.861 1.193e+06 0.0173948 0.169508 0.813097 18
64 979.717 1.194e+06 0.0173936 0.169515 0.813091 16
64 980.538 1.195e+06 0.0173908 0.169517 0.813092 14
64 981.35 1.196e+06 0.0173829 0.169523 0.813094 8
64 982.202 1.197e+06 0.0173793 0.169531 0.813089 13
64 983.062 1.198e+06 0.017379 0.169539 0.813082 17
64 983.918 1.199e+06 0.017377 0.169546 0.813077 15
64 984.7 1.2e+06 0.017375 0.16954 0.813085 15
64 985.538 1.201e+06 0.017373 0.169545 0.813082 15
64 986.364 1.202e+06 0.0173735 0.169544 0.813082 18
64 987.163 1.203e+06 0.0173774 0.169535 0.813087 22
64 987.971 1.204e+06 0.0173771 0.169532 0.813091 17
64 988.783 1.205e+06 0.0173776 0.16953 0.813092 18
64 989.604 1.206e+06 0.0173765 0.169531 0.813093 16
64 990.452 1.207e+06 0.0173778 0.169533 0.813089 19
64 991.251 1.208e+06 0.01738 0.169526 0.813094 20
64 992.098 1.209e+06 0.0173772 0.169533 0.81309 14
64 992.911 1.21e+06 0.0173777 0.16953 0.813093 18
64 993.745 1.211e+06 0.0173741 0.169535 0.813091 13
64 994.557 1.212e+06 0.0173746 0.169532 0.813093 18
64 995.383 1.213e+06 0.0173735 0.169533 0.813093 16
64 996.23 1.214e+06 0.0173715 0.16954 0.813089 15
64 997.025 1.215e+06 0.0173737 0.169532 0.813095 20
64 997.837 1.216e+06 0.0173742 0.16953 0.813096 18
64 998.689 1.217e+06 0.017378 0.16953 0.813092 22
64 999.479 1.218e+06 0.0173768 0.169525 0.813099 16
